Min Volatility Portfolio:
ALARK.IS : 0.044317155064770096
ARCLK.IS : 0.12630961610152297
ASELS.IS : 0.036727543118974394
BIMAS.IS : 0.24999999999999994
ENKAI.IS : 0.08686232675349069
EREGL.IS : 0.03545720548094839
FROTO.IS : 0.06233375585062029
KCHOL.IS : 0.08269486865386039
KOZAL.IS : 0.09952212377038808
SISE.IS : 0.029188250479485492
TAVHL.IS : 0.06623658821783839
TCELL.IS : 0.02725513788157149
TOASO.IS : 0.035884334802156796
TUPRS.IS : 0.017211093824372498

Min Daily Loss Portfolio:
ARCLK.IS : 0.250000000343796
ASELS.IS : 0.24999999940005976
BIMAS.IS : 0.2500000005277842
KCHOL.IS : 0.16339652100368512
KOZAL.IS : 0.08660347872467496

Max Sharpe Ratio Portfolio:
ARCLK.IS : 0.02840903674887272
ASELS.IS : 0.25049476565088147
BIMAS.IS : 0.25049482314054944
ENKAI.IS : 0.09269936838706366
KCHOL.IS : 0.10141040561786611
KOZAL.IS : 0.20880154268156764
SISE.IS : 0.032589438338167506
TOASO.IS : 0.03510061943503129

Best 5 Return Portfolio:
ASELS.IS : 0.2
ARCLK.IS : 0.2
KOZAA.IS : 0.2
KOZAL.IS : 0.2
BIMAS.IS : 0.19999999999999996

Best 10 Return Portfolio:
ASELS.IS : 0.1
ARCLK.IS : 0.1
KOZAA.IS : 0.1
KOZAL.IS : 0.1
BIMAS.IS : 0.1
KCHOL.IS : 0.1
ENKAI.IS : 0.1
HEKTS.IS : 0.1
FROTO.IS : 0.1
EREGL.IS : 0.09999999999999998
