Min Volatility Portfolio:
AKBNK.IS : 0.04634624842172325
ARCLK.IS : 0.027165790450217393
BIMAS.IS : 0.04848269730367999
ENKAI.IS : 0.017945159941325613
EREGL.IS : 0.06949382891595123
FROTO.IS : 0.05149151602962908
GARAN.IS : 0.018949694812791483
GUBRF.IS : 0.016152327604736866
HEKTS.IS : 0.031422191026585236
ISCTR.IS : 0.015942387548368665
KCHOL.IS : 0.06152279774218636
KOZAL.IS : 0.06924452411666054
KRDMD.IS : 0.07933201934760956
PGSUS.IS : 0.0680806213490433
SAHOL.IS : 0.03609075383502269
SASA.IS : 0.07016677096115921
SISE.IS : 0.04742136170466079
TAVHL.IS : 0.015762135922396347
TCELL.IS : 0.05242576651931453
TOASO.IS : 0.09863699437068911
TUPRS.IS : 0.057924412076248696

Min Daily Loss Portfolio:
EREGL.IS : 0.21224617841955246
FROTO.IS : 0.25000000445143766
GUBRF.IS : 0.23033683262776608
KRDMD.IS : 0.24999998200706602
ODAS.IS : 0.05741700249417779

Max Sharpe Ratio Portfolio:
ASELS.IS : 0.16860096591063184
EREGL.IS : 0.11752984913924706
FROTO.IS : 0.1038570101351289
GUBRF.IS : 0.24916857910930273
KCHOL.IS : 0.013244314887722
KOZAL.IS : 0.02687093998380971
KRDMD.IS : 0.17370750545579394
ODAS.IS : 0.04058878413113713
TOASO.IS : 0.07241332892674074
TUPRS.IS : 0.03401872232048587

Best 5 Return Portfolio:
GUBRF.IS : 0.2
ALARK.IS : 0.2
ASELS.IS : 0.2
ARCLK.IS : 0.2
ISCTR.IS : 0.19999999999999996

Best 10 Return Portfolio:
GUBRF.IS : 0.1
ALARK.IS : 0.1
ASELS.IS : 0.1
ARCLK.IS : 0.1
ISCTR.IS : 0.1
FROTO.IS : 0.1
KRDMD.IS : 0.1
ENKAI.IS : 0.1
THYAO.IS : 0.1
GARAN.IS : 0.09999999999999998
