Min Volatility Portfolio:
ALARK.IS : 0.1733704041462481
ASELS.IS : 0.016912998204060312
BIMAS.IS : 0.17748270476896608
EKGYO.IS : 0.10756528530688915
ENKAI.IS : 0.1084375900470242
HEKTS.IS : 0.037646496339381316
KOZAL.IS : 0.042163256245721224
ODAS.IS : 0.0747675345200923
PETKM.IS : 0.053540980252239544
SAHOL.IS : 0.08746496868646626
SASA.IS : 0.06431390876578409
TOASO.IS : 0.05633387271712743

Min Daily Loss Portfolio:
ALARK.IS : 0.14635659688307784
BIMAS.IS : 0.250000002262327
EKGYO.IS : 0.24999999943545806
ODAS.IS : 0.10364340155542773
PETKM.IS : 0.24999999986370938

Max Sharpe Ratio Portfolio:
ALARK.IS : 0.0713842004931464
BIMAS.IS : 0.18786464745641057
EKGYO.IS : 0.20785101970226208
ENKAI.IS : 0.03976763511172295
GUBRF.IS : 0.013561180223617868
ODAS.IS : 0.08751141054892969
PETKM.IS : 0.2499999609744459
SAHOL.IS : 0.069045021434257
SASA.IS : 0.03328104465105649
TUPRS.IS : 0.03973387940415116

Best 5 Return Portfolio:
EKGYO.IS : 0.2
GUBRF.IS : 0.2
PETKM.IS : 0.2
TAVHL.IS : 0.2
PGSUS.IS : 0.19999999999999996

Best 10 Return Portfolio:
EKGYO.IS : 0.1
GUBRF.IS : 0.1
PETKM.IS : 0.1
TAVHL.IS : 0.1
PGSUS.IS : 0.1
KRDMD.IS : 0.1
TUPRS.IS : 0.1
BIMAS.IS : 0.1
EREGL.IS : 0.1
TOASO.IS : 0.09999999999999998
