Min Volatility Portfolio:
ALARK.IS : 0.10458029087957496
ASELS.IS : 0.05239255065776678
ENKAI.IS : 0.11121600633936424
EREGL.IS : 0.015745956285587136
GUBRF.IS : 0.14284470134323862
HEKTS.IS : 0.13437697954748476
KCHOL.IS : 0.07611933143792435
KRDMD.IS : 0.012251798862281487
PGSUS.IS : 0.038579073612481696
SAHOL.IS : 0.07790561882092106
SASA.IS : 0.05993567639322657
TAVHL.IS : 0.07549697694507844
THYAO.IS : 0.04203383612788069
YKBNK.IS : 0.05652120274718928

Min Daily Loss Portfolio:
ENKAI.IS : 0.14106217542951735
EREGL.IS : 0.07378302144529579
KCHOL.IS : 0.25000000117148496
KRDMD.IS : 0.24999999944834067
SAHOL.IS : 0.035154800733487805
SASA.IS : 0.25000000177187326

Max Sharpe Ratio Portfolio:
ALARK.IS : 0.07237011415479859
ASELS.IS : 0.025757132354088174
ENKAI.IS : 0.0761508137063452
EREGL.IS : 0.015057484035509324
GUBRF.IS : 0.12151586971948129
HEKTS.IS : 0.16781708654280603
KCHOL.IS : 0.09285509479172627
KRDMD.IS : 0.04486191641912909
SAHOL.IS : 0.04938132540459741
SASA.IS : 0.2524906401504814
TAVHL.IS : 0.044657531882783
THYAO.IS : 0.012863671053987944
YKBNK.IS : 0.024221319784266206

Best 5 Return Portfolio:
PETKM.IS : 0.2
SASA.IS : 0.2
KRDMD.IS : 0.2
KCHOL.IS : 0.2
TUPRS.IS : 0.19999999999999996

Best 10 Return Portfolio:
PETKM.IS : 0.1
SASA.IS : 0.1
KRDMD.IS : 0.1
KCHOL.IS : 0.1
TUPRS.IS : 0.1
SAHOL.IS : 0.1
EREGL.IS : 0.1
YKBNK.IS : 0.1
TOASO.IS : 0.1
BIMAS.IS : 0.09999999999999998
