Min Volatility Portfolio:
AKBNK.IS : 0.053498177875373865
ALARK.IS : 0.014207675960926954
ARCLK.IS : 0.026023051146565095
ASELS.IS : 0.01339504769190697
BIMAS.IS : 0.05621834840428468
ENKAI.IS : 0.054511283152188006
EREGL.IS : 0.0541319804978414
FROTO.IS : 0.06557322751112903
GARAN.IS : 0.06581749843192172
ISCTR.IS : 0.03619544431823491
KCHOL.IS : 0.021033381135849082
KOZAA.IS : 0.020471883171497587
KOZAL.IS : 0.05553131525868818
KRDMD.IS : 0.023021298010575685
PETKM.IS : 0.033396830705907994
PGSUS.IS : 0.045596628760875446
SAHOL.IS : 0.02580444511302559
SASA.IS : 0.05646857380317294
SISE.IS : 0.07128648044788694
TAVHL.IS : 0.05901721345824935
TCELL.IS : 0.032282279245366224
THYAO.IS : 0.013701419316023852
TOASO.IS : 0.02919699906475757
TUPRS.IS : 0.036726779426170725
YKBNK.IS : 0.03689273809158005

Min Daily Loss Portfolio:
ARCLK.IS : 0.10795756279977729
EREGL.IS : 0.0970761448823506
GARAN.IS : 0.24999999978530993
ODAS.IS : 0.05105679170464919
SISE.IS : 0.2439095005201675
TUPRS.IS : 0.25000000030774555

Max Sharpe Ratio Portfolio:
AKBNK.IS : 0.03203477205728323
ARCLK.IS : 0.09965794400948587
BIMAS.IS : 0.06171037497941828
ENKAI.IS : 0.02890817653945115
EREGL.IS : 0.2534013239828827
FROTO.IS : 0.08701171672638443
GARAN.IS : 0.07258139546670866
GUBRF.IS : 0.021449829514642155
HEKTS.IS : 0.021712812666269333
ODAS.IS : 0.12421578891384982
PETKM.IS : 0.050447758847583464
SASA.IS : 0.04019170299464553
TAVHL.IS : 0.023029897878451305
TUPRS.IS : 0.07248595482954155
YKBNK.IS : 0.01116055059340253

Best 5 Return Portfolio:
EREGL.IS : 0.2
ODAS.IS : 0.2
HEKTS.IS : 0.2
TUPRS.IS : 0.2
ARCLK.IS : 0.19999999999999996

Best 10 Return Portfolio:
EREGL.IS : 0.1
ODAS.IS : 0.1
HEKTS.IS : 0.1
TUPRS.IS : 0.1
ARCLK.IS : 0.1
KRDMD.IS : 0.1
TOASO.IS : 0.1
GARAN.IS : 0.1
KOZAA.IS : 0.1
SAHOL.IS : 0.09999999999999998
