Min Volatility Portfolio:
ARCLK.IS : 0.023313943306443822
ASELS.IS : 0.015812788705435867
BIMAS.IS : 0.08890785056661606
EKGYO.IS : 0.011166669680690716
ENKAI.IS : 0.07874351427064381
EREGL.IS : 0.08353751456483557
GUBRF.IS : 0.033437235249666436
HEKTS.IS : 0.1820153566684247
ISCTR.IS : 0.01463856164259288
KCHOL.IS : 0.02645721263060283
KOZAL.IS : 0.02726242551728484
KRDMD.IS : 0.014355266910421185
ODAS.IS : 0.06781580985820701
PETKM.IS : 0.05575242987680162
SAHOL.IS : 0.020010826161486042
SASA.IS : 0.03274905326153545
SISE.IS : 0.13348956301240333
TCELL.IS : 0.04300462235410559
TUPRS.IS : 0.04752935576180229

Min Daily Loss Portfolio:
EREGL.IS : 0.13174037688882698
GUBRF.IS : 0.25000000704319836
HEKTS.IS : 0.2500000078021496
KOZAA.IS : 0.024448216205976293
ODAS.IS : 0.039311462863337185
SASA.IS : 0.05449992145137736
SISE.IS : 0.25000000774513426

Max Sharpe Ratio Portfolio:
ENKAI.IS : 0.025390229409474083
EREGL.IS : 0.21546256554550852
FROTO.IS : 0.030192065362931838
GUBRF.IS : 0.10177372501605365
HEKTS.IS : 0.2514670616115211
KCHOL.IS : 0.03137457907983603
KOZAA.IS : 0.021993520873573414
ODAS.IS : 0.027319782863696365
SASA.IS : 0.019580375920372664
SISE.IS : 0.1613014049027188
TAVHL.IS : 0.0647881890932423
TCELL.IS : 0.04935650032107114

Best 5 Return Portfolio:
EREGL.IS : 0.2
ODAS.IS : 0.2
HEKTS.IS : 0.2
GUBRF.IS : 0.2
KOZAA.IS : 0.19999999999999996

Best 10 Return Portfolio:
EREGL.IS : 0.1
ODAS.IS : 0.1
HEKTS.IS : 0.1
GUBRF.IS : 0.1
KOZAA.IS : 0.1
ALARK.IS : 0.1
YKBNK.IS : 0.1
SASA.IS : 0.1
EKGYO.IS : 0.1
SISE.IS : 0.09999999999999998
