Min Volatility Portfolio:
AKBNK.IS : 0.033498225061346844
ARCLK.IS : 0.018540832572919434
ASELS.IS : 0.028234957159638568
BIMAS.IS : 0.021993559758554198
EKGYO.IS : 0.019788185948993457
ENKAI.IS : 0.0825204873209113
EREGL.IS : 0.04857422139445895
FROTO.IS : 0.02701585868978523
GARAN.IS : 0.03019208181581408
GUBRF.IS : 0.06799364929237993
HEKTS.IS : 0.018014813499927028
ISCTR.IS : 0.03254071510639261
KCHOL.IS : 0.04408436479989405
KOZAA.IS : 0.10533570478511245
KOZAL.IS : 0.05888565326839147
ODAS.IS : 0.05557485439047922
PETKM.IS : 0.08290074019090565
SAHOL.IS : 0.0360034431753861
SASA.IS : 0.032774121551578904
SISE.IS : 0.01770177389214752
TCELL.IS : 0.07545735788355637
THYAO.IS : 0.019577246976456898
TUPRS.IS : 0.028158293153424867
YKBNK.IS : 0.01463885831154493

Min Daily Loss Portfolio:
EKGYO.IS : 0.028249114545636684
ENKAI.IS : 0.23235601144299445
FROTO.IS : 0.24999999998149033
KOZAA.IS : 0.25000000132385086
KRDMD.IS : 0.03694483885632224
PETKM.IS : 0.09767793965864374
SASA.IS : 0.10477209419106177

Max Sharpe Ratio Portfolio:
EKGYO.IS : 0.19208018459248974
ENKAI.IS : 0.04829607936347361
FROTO.IS : 0.07518526579407378
GUBRF.IS : 0.06278217657876825
KCHOL.IS : 0.1583295650730676
KOZAA.IS : 0.16287664043362965
KRDMD.IS : 0.02716703128075114
PETKM.IS : 0.10287362006026779
SASA.IS : 0.0496822707195957
SISE.IS : 0.03184442323752246
TCELL.IS : 0.08888274286636026

Best 5 Return Portfolio:
EKGYO.IS : 0.2
KOZAA.IS : 0.2
SASA.IS : 0.2
KRDMD.IS : 0.2
ENKAI.IS : 0.19999999999999996

Best 10 Return Portfolio:
EKGYO.IS : 0.1
KOZAA.IS : 0.1
SASA.IS : 0.1
KRDMD.IS : 0.1
ENKAI.IS : 0.1
PETKM.IS : 0.1
FROTO.IS : 0.1
KOZAL.IS : 0.1
ARCLK.IS : 0.1
ASELS.IS : 0.09999999999999998
