Min Volatility Portfolio:
AKBNK.IS : 0.02184142629261148
ALARK.IS : 0.019160001247097713
ARCLK.IS : 0.03995156277614714
ASELS.IS : 0.026219610402919574
BIMAS.IS : 0.05362783181855589
EKGYO.IS : 0.03574445642712324
ENKAI.IS : 0.0316657571807927
EREGL.IS : 0.049695409462540654
FROTO.IS : 0.0469490064562774
GARAN.IS : 0.02492093991181216
GUBRF.IS : 0.02674522669695048
HEKTS.IS : 0.03592013267216856
ISCTR.IS : 0.02454594625457669
KCHOL.IS : 0.029473925544473742
KOZAA.IS : 0.06482571693396533
KOZAL.IS : 0.07681287408422917
KRDMD.IS : 0.05121954811771999
ODAS.IS : 0.042425690277183965
PETKM.IS : 0.04508613705813307
SAHOL.IS : 0.024873678818984727
SASA.IS : 0.031101111098734164
SISE.IS : 0.03023857319397711
TCELL.IS : 0.040057268531400715
TOASO.IS : 0.06531987276632066
TUPRS.IS : 0.020075860795647098
YKBNK.IS : 0.04150243517965654

Min Daily Loss Portfolio:
EREGL.IS : 0.2500000007212202
FROTO.IS : 0.016401491052081406
KCHOL.IS : 0.20650903993630923
KOZAL.IS : 0.18278607979001846
ODAS.IS : 0.249999999552887
PGSUS.IS : 0.06625104438745694
YKBNK.IS : 0.028052344560026744

Max Sharpe Ratio Portfolio:
ARCLK.IS : 0.036114401063959634
ENKAI.IS : 0.01077254723009758
EREGL.IS : 0.06734590356962523
FROTO.IS : 0.06327680705647942
GARAN.IS : 0.029568365660226414
GUBRF.IS : 0.0200436699066412
ISCTR.IS : 0.09303870484436459
KCHOL.IS : 0.13118985833022473
KOZAA.IS : 0.0654306085893135
KOZAL.IS : 0.07599004005339499
KRDMD.IS : 0.05074017586033858
ODAS.IS : 0.13926728180590847
SAHOL.IS : 0.04030442405481964
SASA.IS : 0.011424277605709071
TCELL.IS : 0.010714039530089028
THYAO.IS : 0.04259502641125854
TOASO.IS : 0.05875187405911441
YKBNK.IS : 0.05343199436843506

Best 5 Return Portfolio:
PGSUS.IS : 0.2
THYAO.IS : 0.2
SAHOL.IS : 0.2
EREGL.IS : 0.2
YKBNK.IS : 0.19999999999999996

Best 10 Return Portfolio:
PGSUS.IS : 0.1
THYAO.IS : 0.1
SAHOL.IS : 0.1
EREGL.IS : 0.1
YKBNK.IS : 0.1
TAVHL.IS : 0.1
KCHOL.IS : 0.1
ODAS.IS : 0.1
ISCTR.IS : 0.1
FROTO.IS : 0.09999999999999998
