Min Volatility Portfolio:
AKBNK.IS : 0.01289326289767099
ALARK.IS : 0.1097577688378835
ARCLK.IS : 0.035910335350055125
ASELS.IS : 0.04614412870274939
BIMAS.IS : 0.06940878575366084
EKGYO.IS : 0.029197927084115765
ENKAI.IS : 0.037005335235976454
EREGL.IS : 0.0332323638946807
GUBRF.IS : 0.06723732505939306
ISCTR.IS : 0.03360101358395051
KCHOL.IS : 0.021737515692234227
KOZAA.IS : 0.01019711269706344
KOZAL.IS : 0.06630582237514789
KRDMD.IS : 0.11708295277331043
PETKM.IS : 0.05137463364671789
SAHOL.IS : 0.06469138558023703
SASA.IS : 0.07953130882571872
THYAO.IS : 0.04184774144140092
TUPRS.IS : 0.04110059372837333
YKBNK.IS : 0.03174268683965977

Min Daily Loss Portfolio:
ALARK.IS : 0.23356857902259706
BIMAS.IS : 0.2500000009144364
EKGYO.IS : 0.06601065526531846
GUBRF.IS : 0.2500000002538122
KOZAA.IS : 0.15187708771149544
SASA.IS : 0.04854367683234038

Max Sharpe Ratio Portfolio:
AKBNK.IS : 0.03448275862068966
ALARK.IS : 0.03448275862068966
ARCLK.IS : 0.03448275862068966
ASELS.IS : 0.03448275862068966
BIMAS.IS : 0.03448275862068966
EKGYO.IS : 0.03448275862068966
ENKAI.IS : 0.03448275862068966
EREGL.IS : 0.03448275862068966
FROTO.IS : 0.03448275862068966
GARAN.IS : 0.03448275862068966
GUBRF.IS : 0.03448275862068966
HEKTS.IS : 0.03448275862068966
ISCTR.IS : 0.03448275862068966
KCHOL.IS : 0.03448275862068966
KOZAA.IS : 0.03448275862068966
KOZAL.IS : 0.03448275862068966
KRDMD.IS : 0.03448275862068966
ODAS.IS : 0.03448275862068966
PETKM.IS : 0.03448275862068966
PGSUS.IS : 0.03448275862068966
SAHOL.IS : 0.03448275862068966
SASA.IS : 0.03448275862068966
SISE.IS : 0.03448275862068966
TAVHL.IS : 0.03448275862068966
TCELL.IS : 0.03448275862068966
THYAO.IS : 0.03448275862068966
TOASO.IS : 0.03448275862068966
TUPRS.IS : 0.03448275862068966
YKBNK.IS : 0.03448275862068966

Best 5 Return Portfolio:
BIMAS.IS : 0.2
GUBRF.IS : 0.2
ASELS.IS : 0.2
SASA.IS : 0.2
FROTO.IS : 0.19999999999999996

Best 10 Return Portfolio:
BIMAS.IS : 0.1
GUBRF.IS : 0.1
ASELS.IS : 0.1
SASA.IS : 0.1
FROTO.IS : 0.1
KOZAA.IS : 0.1
EKGYO.IS : 0.1
PGSUS.IS : 0.1
ALARK.IS : 0.1
TOASO.IS : 0.09999999999999998
