Min Volatility Portfolio:
ALARK.IS : 0.01708230634094417
ARCLK.IS : 0.014480719637467976
BIMAS.IS : 0.18885490014578382
EKGYO.IS : 0.044839125685296854
ENKAI.IS : 0.011667681655883777
EREGL.IS : 0.10761049625771704
FROTO.IS : 0.015293930712779824
GARAN.IS : 0.025796076408936122
HEKTS.IS : 0.15665456119244234
ISCTR.IS : 0.02285759428979219
KCHOL.IS : 0.03886678430976297
KRDMD.IS : 0.019506016573043378
PETKM.IS : 0.057180238434522676
SAHOL.IS : 0.06574743022227993
SASA.IS : 0.02010952474691878
SISE.IS : 0.03472402363472484
TCELL.IS : 0.060572573032497135
TOASO.IS : 0.054697412110548314
TUPRS.IS : 0.043458604608657886

Min Daily Loss Portfolio:
BIMAS.IS : 0.25045924673643555
EREGL.IS : 0.2504592467048967
HEKTS.IS : 0.13523685619973988
KRDMD.IS : 0.07883800056766825
TAVHL.IS : 0.034547403193941485
TOASO.IS : 0.2504592465973181

Max Sharpe Ratio Portfolio:
ASELS.IS : 0.06640050319110213
BIMAS.IS : 0.18879265528449382
ENKAI.IS : 0.049628362219727835
EREGL.IS : 0.1490103768598522
FROTO.IS : 0.013056432236249447
HEKTS.IS : 0.25310666974496565
KCHOL.IS : 0.010463345335825996
KRDMD.IS : 0.0628897311641639
PGSUS.IS : 0.030263449218047387
TCELL.IS : 0.012121275971563808
TOASO.IS : 0.1379555352087044
TUPRS.IS : 0.02631166356530331

Best 5 Return Portfolio:
ODAS.IS : 0.2
HEKTS.IS : 0.2
KRDMD.IS : 0.2
EREGL.IS : 0.2
ASELS.IS : 0.19999999999999996

Best 10 Return Portfolio:
ODAS.IS : 0.1
HEKTS.IS : 0.1
KRDMD.IS : 0.1
EREGL.IS : 0.1
ASELS.IS : 0.1
BIMAS.IS : 0.1
TAVHL.IS : 0.1
THYAO.IS : 0.1
TOASO.IS : 0.1
SISE.IS : 0.09999999999999998
