Min Volatility Portfolio:
ALARK.IS : 0.04126892052106791
ASELS.IS : 0.02030521343532741
BIMAS.IS : 0.02734482724400761
ENKAI.IS : 0.15015747617003186
EREGL.IS : 0.09068694242790742
FROTO.IS : 0.033828479969547916
HEKTS.IS : 0.013662489857556505
KCHOL.IS : 0.017637665107460506
KRDMD.IS : 0.021645060185227705
ODAS.IS : 0.07447475283795703
PGSUS.IS : 0.04863071633614231
SAHOL.IS : 0.032262518985399016
SASA.IS : 0.07370016538168803
SISE.IS : 0.04687608085811111
TAVHL.IS : 0.04946346841891741
TCELL.IS : 0.040237606703944516
THYAO.IS : 0.05379957052466102
TOASO.IS : 0.12722867532665935
YKBNK.IS : 0.036789369708385415

Min Daily Loss Portfolio:
ALARK.IS : 0.015985112500013655
BIMAS.IS : 0.17223915282673022
GUBRF.IS : 0.061775723886632
ODAS.IS : 0.2500000052051353
SASA.IS : 0.25000000265103767
TOASO.IS : 0.2500000029304511

Max Sharpe Ratio Portfolio:
ASELS.IS : 0.01025979535638532
BIMAS.IS : 0.0699776653118718
ENKAI.IS : 0.15726023875195722
EREGL.IS : 0.04063430732003257
FROTO.IS : 0.043568238952054694
GUBRF.IS : 0.04604357113026923
ODAS.IS : 0.2531946725743736
PGSUS.IS : 0.07859714107367562
SASA.IS : 0.09741639189685761
SISE.IS : 0.05883396092528871
THYAO.IS : 0.060411998870663224
TOASO.IS : 0.08380201783657044

Best 5 Return Portfolio:
ODAS.IS : 0.2
GUBRF.IS : 0.2
SASA.IS : 0.2
ALARK.IS : 0.2
TOASO.IS : 0.19999999999999996

Best 10 Return Portfolio:
ODAS.IS : 0.1
GUBRF.IS : 0.1
SASA.IS : 0.1
ALARK.IS : 0.1
TOASO.IS : 0.1
KRDMD.IS : 0.1
BIMAS.IS : 0.1
PGSUS.IS : 0.1
EREGL.IS : 0.1
KOZAA.IS : 0.09999999999999998
