Min Volatility Portfolio:
ASELS.IS : 0.010924105842284496
EKGYO.IS : 0.025988972613303917
ENKAI.IS : 0.07365633002619915
EREGL.IS : 0.09273303637074849
FROTO.IS : 0.07859124603909712
HEKTS.IS : 0.01862106001713431
ISCTR.IS : 0.025525349261520856
KOZAA.IS : 0.022171607242145477
KOZAL.IS : 0.11305397940809198
KRDMD.IS : 0.020319430127535374
PETKM.IS : 0.060555837935167514
PGSUS.IS : 0.0644503140834507
SAHOL.IS : 0.026413496004157766
SASA.IS : 0.08369286605600804
TAVHL.IS : 0.0376356927166548
THYAO.IS : 0.0860749585471464
TOASO.IS : 0.08596456574247595
TUPRS.IS : 0.07362715196687755

Min Daily Loss Portfolio:
GUBRF.IS : 0.25160645527583747
KOZAA.IS : 0.1740298154858453
KOZAL.IS : 0.25160645526025743
ODAS.IS : 0.07115081997676052
TOASO.IS : 0.2516064540012992

Max Sharpe Ratio Portfolio:
AKBNK.IS : 0.03448275862068966
ALARK.IS : 0.03448275862068966
ARCLK.IS : 0.03448275862068966
ASELS.IS : 0.03448275862068966
BIMAS.IS : 0.03448275862068966
EKGYO.IS : 0.03448275862068966
ENKAI.IS : 0.03448275862068966
EREGL.IS : 0.03448275862068966
FROTO.IS : 0.03448275862068966
GARAN.IS : 0.03448275862068966
GUBRF.IS : 0.03448275862068966
HEKTS.IS : 0.03448275862068966
ISCTR.IS : 0.03448275862068966
KCHOL.IS : 0.03448275862068966
KOZAA.IS : 0.03448275862068966
KOZAL.IS : 0.03448275862068966
KRDMD.IS : 0.03448275862068966
ODAS.IS : 0.03448275862068966
PETKM.IS : 0.03448275862068966
PGSUS.IS : 0.03448275862068966
SAHOL.IS : 0.03448275862068966
SASA.IS : 0.03448275862068966
SISE.IS : 0.03448275862068966
TAVHL.IS : 0.03448275862068966
TCELL.IS : 0.03448275862068966
THYAO.IS : 0.03448275862068966
TOASO.IS : 0.03448275862068966
TUPRS.IS : 0.03448275862068966
YKBNK.IS : 0.03448275862068966

Best 5 Return Portfolio:
GUBRF.IS : 0.2
ODAS.IS : 0.2
TOASO.IS : 0.2
ASELS.IS : 0.2
KOZAL.IS : 0.19999999999999996

Best 10 Return Portfolio:
GUBRF.IS : 0.1
ODAS.IS : 0.1
TOASO.IS : 0.1
ASELS.IS : 0.1
KOZAL.IS : 0.1
KOZAA.IS : 0.1
KRDMD.IS : 0.1
EREGL.IS : 0.1
SAHOL.IS : 0.1
TCELL.IS : 0.09999999999999998
