Min Volatility Portfolio:
AKBNK.IS : 0.024046054159221276
ALARK.IS : 0.03432869440808213
ARCLK.IS : 0.06054328727452901
ASELS.IS : 0.06164437172945476
BIMAS.IS : 0.05136537966547795
ENKAI.IS : 0.038983595267356355
EREGL.IS : 0.04379067557083988
FROTO.IS : 0.01721926946099703
GARAN.IS : 0.042570028895865954
GUBRF.IS : 0.04636190451628146
HEKTS.IS : 0.08683757946779062
ISCTR.IS : 0.024986518325408647
KCHOL.IS : 0.03793251133096691
KOZAA.IS : 0.06274470662579194
KOZAL.IS : 0.06650723320033329
KRDMD.IS : 0.03315289859373357
ODAS.IS : 0.08610561980524242
SAHOL.IS : 0.02937795261442906
SASA.IS : 0.027500671781633308
SISE.IS : 0.03138451458165479
TCELL.IS : 0.013667794202483274
TOASO.IS : 0.02959552184862447
TUPRS.IS : 0.02550153006388519
YKBNK.IS : 0.023851686609916704

Min Daily Loss Portfolio:
BIMAS.IS : 0.25011060568699806
EKGYO.IS : 0.11524943290260321
HEKTS.IS : 0.04415183258746599
KOZAA.IS : 0.019858663980231665
KOZAL.IS : 0.250110605229556
ODAS.IS : 0.25011060571566673
PGSUS.IS : 0.07040825389747828

Max Sharpe Ratio Portfolio:
ARCLK.IS : 0.08955558094598624
ASELS.IS : 0.050245392428318415
BIMAS.IS : 0.2351468604645317
EKGYO.IS : 0.036826222667825134
GUBRF.IS : 0.04355050161602457
KOZAA.IS : 0.03485217231944541
KOZAL.IS : 0.10561298118864315
ODAS.IS : 0.2130131386700524
PETKM.IS : 0.018530060176930624
PGSUS.IS : 0.17266708952224236

Best 5 Return Portfolio:
ODAS.IS : 0.2
HEKTS.IS : 0.2
PGSUS.IS : 0.2
EKGYO.IS : 0.2
BIMAS.IS : 0.19999999999999996

Best 10 Return Portfolio:
ODAS.IS : 0.1
HEKTS.IS : 0.1
PGSUS.IS : 0.1
EKGYO.IS : 0.1
BIMAS.IS : 0.1
KOZAA.IS : 0.1
KOZAL.IS : 0.1
ASELS.IS : 0.1
GARAN.IS : 0.1
TUPRS.IS : 0.09999999999999998
