Min Volatility Portfolio:
AKBNK.IS : 0.06402868248543021
ALARK.IS : 0.055637442764938906
ARCLK.IS : 0.029454299817941003
ASELS.IS : 0.012219525014626401
BIMAS.IS : 0.11881001587306352
EKGYO.IS : 0.056026582166773906
ENKAI.IS : 0.07448715095457072
EREGL.IS : 0.03928111293957641
GARAN.IS : 0.03282530574269701
HEKTS.IS : 0.07216843222218751
ISCTR.IS : 0.04412237976175411
KCHOL.IS : 0.022683719424221503
KOZAA.IS : 0.04294415340606491
KOZAL.IS : 0.037037028277810406
KRDMD.IS : 0.030401078874609504
PETKM.IS : 0.017822748423527802
SAHOL.IS : 0.044245080011447405
SISE.IS : 0.03170895240058011
TAVHL.IS : 0.03940890516348221
TCELL.IS : 0.07239018285007622
THYAO.IS : 0.023104347448571202
TUPRS.IS : 0.018391416913673003
YKBNK.IS : 0.020801457062376204

Min Daily Loss Portfolio:
ALARK.IS : 0.24999999912171686
BIMAS.IS : 0.1896989056401884
HEKTS.IS : 0.047013929742855724
PETKM.IS : 0.11147931274481915
SAHOL.IS : 0.04233739307563018
SISE.IS : 0.10947045702781047
TCELL.IS : 0.25000000264697914

Max Sharpe Ratio Portfolio:
AKBNK.IS : 0.019917125820994443
ALARK.IS : 0.05599145041437993
ARCLK.IS : 0.03325254809974805
BIMAS.IS : 0.25660682892569325
EKGYO.IS : 0.04082260243214096
GARAN.IS : 0.03785320001250032
HEKTS.IS : 0.011072550641898568
ISCTR.IS : 0.04861516733585428
KOZAA.IS : 0.010363824205749213
KRDMD.IS : 0.04526680790707909
PETKM.IS : 0.021500155044812
PGSUS.IS : 0.014645047990360103
SAHOL.IS : 0.0672931113843573
SISE.IS : 0.020575815798026968
TAVHL.IS : 0.01686368218401112
TCELL.IS : 0.24366887841153237
TOASO.IS : 0.014811817210759972
YKBNK.IS : 0.04087938618010191

Best 5 Return Portfolio:
TCELL.IS : 0.2
BIMAS.IS : 0.2
ENKAI.IS : 0.2
HEKTS.IS : 0.2
GUBRF.IS : 0.19999999999999996

Best 10 Return Portfolio:
TCELL.IS : 0.1
BIMAS.IS : 0.1
ENKAI.IS : 0.1
HEKTS.IS : 0.1
GUBRF.IS : 0.1
EREGL.IS : 0.1
PETKM.IS : 0.1
SISE.IS : 0.1
EKGYO.IS : 0.1
ALARK.IS : 0.09999999999999998
