Min Volatility Portfolio:
AKBNK.IS : 0.03828792361865425
ALARK.IS : 0.02731254550170319
ARCLK.IS : 0.050504320691105574
ASELS.IS : 0.027456793899573114
BIMAS.IS : 0.0677848534115602
EKGYO.IS : 0.07846913836822932
ENKAI.IS : 0.019059302132733925
FROTO.IS : 0.03162360412749928
GARAN.IS : 0.05968048136068173
GUBRF.IS : 0.014000122268943357
ISCTR.IS : 0.06297348180739541
KOZAA.IS : 0.010982309179287499
KOZAL.IS : 0.021305097387748783
ODAS.IS : 0.0279080280293148
SAHOL.IS : 0.08568415697101346
SASA.IS : 0.013100754973182993
SISE.IS : 0.05222398107240904
TAVHL.IS : 0.051034744358122504
TCELL.IS : 0.026542055086456063
THYAO.IS : 0.07398092379383989
TOASO.IS : 0.05290583009543736
TUPRS.IS : 0.04863136889830558
YKBNK.IS : 0.05854818296680249

Min Daily Loss Portfolio:
BIMAS.IS : 0.08564743226475716
EKGYO.IS : 0.25000000062930233
FROTO.IS : 0.03336802078217319
ISCTR.IS : 0.25000000064081324
ODAS.IS : 0.05158006170902964
TOASO.IS : 0.25000000052795884
YKBNK.IS : 0.07940448344596564

Max Sharpe Ratio Portfolio:
BIMAS.IS : 0.022141342275854847
EKGYO.IS : 0.26234425196958877
ENKAI.IS : 0.024898778663721925
FROTO.IS : 0.03588857507601634
HEKTS.IS : 0.012674484480657921
ISCTR.IS : 0.1214027734387833
KRDMD.IS : 0.014059899696118778
ODAS.IS : 0.06427825668739492
SAHOL.IS : 0.021646863225717128
TAVHL.IS : 0.012363981335603388
TOASO.IS : 0.16694204337579924
YKBNK.IS : 0.2413587497747433

Best 5 Return Portfolio:
HEKTS.IS : 0.2
EKGYO.IS : 0.2
YKBNK.IS : 0.2
ISCTR.IS : 0.2
KRDMD.IS : 0.19999999999999996

Best 10 Return Portfolio:
HEKTS.IS : 0.1
EKGYO.IS : 0.1
YKBNK.IS : 0.1
ISCTR.IS : 0.1
KRDMD.IS : 0.1
TOASO.IS : 0.1
FROTO.IS : 0.1
EREGL.IS : 0.1
KCHOL.IS : 0.1
ODAS.IS : 0.09999999999999998
