Min Volatility Portfolio:
AKBNK.IS : 0.033337702773343865
ALARK.IS : 0.11947285229605363
ARCLK.IS : 0.03716804308765463
ASELS.IS : 0.027254366268220045
BIMAS.IS : 0.08276489773917763
FROTO.IS : 0.06382012978197439
GARAN.IS : 0.028096457674106432
HEKTS.IS : 0.06472857162502194
ISCTR.IS : 0.011923726314556678
KCHOL.IS : 0.016294666663201927
KOZAA.IS : 0.02148467297095084
KOZAL.IS : 0.05586712217067531
KRDMD.IS : 0.014436977953193911
PETKM.IS : 0.03420780966022769
PGSUS.IS : 0.030735662055128357
SAHOL.IS : 0.0455120053372746
SASA.IS : 0.04476596686499859
SISE.IS : 0.016425554384215273
TAVHL.IS : 0.022890043559880845
TCELL.IS : 0.06239692912725759
THYAO.IS : 0.040248051291546134
TOASO.IS : 0.05310370236123595
TUPRS.IS : 0.03168984446034308
YKBNK.IS : 0.04137424357976074

Min Daily Loss Portfolio:
AKBNK.IS : 0.0489414208197997
ALARK.IS : 0.2509556992644549
GUBRF.IS : 0.2509556997450074
TCELL.IS : 0.250955699695055
TOASO.IS : 0.19819148047568289

Max Sharpe Ratio Portfolio:
ALARK.IS : 0.24382118656118348
BIMAS.IS : 0.24382118656118348
GUBRF.IS : 0.24382118656118348
KRDMD.IS : 0.02471525375526609
TCELL.IS : 0.24382118656118348

Best 5 Return Portfolio:
GUBRF.IS : 0.2
ENKAI.IS : 0.2
TCELL.IS : 0.2
KOZAA.IS : 0.2
SISE.IS : 0.19999999999999996

Best 10 Return Portfolio:
GUBRF.IS : 0.1
ENKAI.IS : 0.1
TCELL.IS : 0.1
KOZAA.IS : 0.1
SISE.IS : 0.1
BIMAS.IS : 0.1
KOZAL.IS : 0.1
ISCTR.IS : 0.1
KRDMD.IS : 0.1
AKBNK.IS : 0.09999999999999998
