Min Volatility Portfolio:
ALARK.IS : 0.04605487605350381
ARCLK.IS : 0.09130945528827443
ASELS.IS : 0.0279657588068969
BIMAS.IS : 0.24137123213186068
EKGYO.IS : 0.08119241567509947
ENKAI.IS : 0.1372218602963516
FROTO.IS : 0.07033908555361262
HEKTS.IS : 0.0418315000014013
KOZAL.IS : 0.05407370692671122
ODAS.IS : 0.0326911038637843
SASA.IS : 0.07870243407836386
TCELL.IS : 0.05986702494174029
TOASO.IS : 0.022076177240028444
TUPRS.IS : 0.015303369142371119

Min Daily Loss Portfolio:
ARCLK.IS : 0.24999999422651595
BIMAS.IS : 0.2500000000480492
EKGYO.IS : 0.24999999986834326
GUBRF.IS : 0.07334464096584811
KOZAL.IS : 0.17665536489124353

Max Sharpe Ratio Portfolio:
AKBNK.IS : 0.012450403438968066
ALARK.IS : 0.012450403438968066
ARCLK.IS : 0.012450403438968066
BIMAS.IS : 0.275231450618149
EKGYO.IS : 0.275231450618149
ENKAI.IS : 0.012450403438968066
EREGL.IS : 0.012450403438968066
GARAN.IS : 0.012450403438968066
GUBRF.IS : 0.2876818540571171
ISCTR.IS : 0.012450403438968066
KRDMD.IS : 0.012450403438968066
PETKM.IS : 0.012450403438968066
SAHOL.IS : 0.012450403438968066
TCELL.IS : 0.012450403438968066
TUPRS.IS : 0.012450403438968066
YKBNK.IS : 0.012450403438968066

Best 5 Return Portfolio:
GUBRF.IS : 0.2
KRDMD.IS : 0.2
TOASO.IS : 0.2
EKGYO.IS : 0.2
TAVHL.IS : 0.19999999999999996

Best 10 Return Portfolio:
GUBRF.IS : 0.1
KRDMD.IS : 0.1
TOASO.IS : 0.1
EKGYO.IS : 0.1
TAVHL.IS : 0.1
KOZAA.IS : 0.1
HEKTS.IS : 0.1
KOZAL.IS : 0.1
ARCLK.IS : 0.1
SISE.IS : 0.09999999999999998
