Min Volatility Portfolio:
AKBNK.IS : 0.01437035619808025
ALARK.IS : 0.012261556845393243
ARCLK.IS : 0.04200411007815438
ASELS.IS : 0.03953898813732078
BIMAS.IS : 0.03424305732398125
EKGYO.IS : 0.04309791355828914
ENKAI.IS : 0.06200717031711529
EREGL.IS : 0.020493520461881878
FROTO.IS : 0.03727649728958621
GUBRF.IS : 0.031072520658297142
HEKTS.IS : 0.04102755014461676
ISCTR.IS : 0.016569505348284868
KCHOL.IS : 0.041801704983727025
KOZAA.IS : 0.035577928668037384
KOZAL.IS : 0.053573489938187474
KRDMD.IS : 0.02631640337440703
ODAS.IS : 0.02965840296823988
PETKM.IS : 0.022384641365124223
PGSUS.IS : 0.04004004290206
SAHOL.IS : 0.03345630688140248
SASA.IS : 0.03476918832883602
SISE.IS : 0.1058058588795136
TAVHL.IS : 0.04601700316593719
TCELL.IS : 0.02815534643692108
THYAO.IS : 0.024688726255851275
TOASO.IS : 0.05005594085031372
TUPRS.IS : 0.03373626864044051

Min Daily Loss Portfolio:
ISCTR.IS : 0.24999998926589945
KCHOL.IS : 0.1399235937316387
ODAS.IS : 0.2500000005995127
SAHOL.IS : 0.08440716196092052
SISE.IS : 0.2500000007790907
TCELL.IS : 0.025669253662937982

Max Sharpe Ratio Portfolio:
AKBNK.IS : 0.03448275862068966
ALARK.IS : 0.03448275862068966
ARCLK.IS : 0.03448275862068966
ASELS.IS : 0.03448275862068966
BIMAS.IS : 0.03448275862068966
EKGYO.IS : 0.03448275862068966
ENKAI.IS : 0.03448275862068966
EREGL.IS : 0.03448275862068966
FROTO.IS : 0.03448275862068966
GARAN.IS : 0.03448275862068966
GUBRF.IS : 0.03448275862068966
HEKTS.IS : 0.03448275862068966
ISCTR.IS : 0.03448275862068966
KCHOL.IS : 0.03448275862068966
KOZAA.IS : 0.03448275862068966
KOZAL.IS : 0.03448275862068966
KRDMD.IS : 0.03448275862068966
ODAS.IS : 0.03448275862068966
PETKM.IS : 0.03448275862068966
PGSUS.IS : 0.03448275862068966
SAHOL.IS : 0.03448275862068966
SASA.IS : 0.03448275862068966
SISE.IS : 0.03448275862068966
TAVHL.IS : 0.03448275862068966
TCELL.IS : 0.03448275862068966
THYAO.IS : 0.03448275862068966
TOASO.IS : 0.03448275862068966
TUPRS.IS : 0.03448275862068966
YKBNK.IS : 0.03448275862068966

Best 5 Return Portfolio:
SISE.IS : 0.2
GARAN.IS : 0.2
ASELS.IS : 0.2
ODAS.IS : 0.2
ALARK.IS : 0.19999999999999996

Best 10 Return Portfolio:
SISE.IS : 0.1
GARAN.IS : 0.1
ASELS.IS : 0.1
ODAS.IS : 0.1
ALARK.IS : 0.1
ISCTR.IS : 0.1
TCELL.IS : 0.1
AKBNK.IS : 0.1
TOASO.IS : 0.1
SAHOL.IS : 0.09999999999999998
