Min Volatility Portfolio:
AKBNK.IS : 0.011408986084805464
ARCLK.IS : 0.03089386144546779
ASELS.IS : 0.06970350471598172
BIMAS.IS : 0.0671177832365802
EKGYO.IS : 0.06000052049925193
ENKAI.IS : 0.05000586612386883
FROTO.IS : 0.049633638272491065
GARAN.IS : 0.010273125373437261
HEKTS.IS : 0.04764812259423544
ISCTR.IS : 0.05944573540886766
KCHOL.IS : 0.028446121696080687
KOZAA.IS : 0.025602765430779505
KOZAL.IS : 0.0821375767829998
KRDMD.IS : 0.05062813494645349
ODAS.IS : 0.022506500339687284
SAHOL.IS : 0.017264669530472187
SASA.IS : 0.045748001341109616
SISE.IS : 0.05412616297371835
TAVHL.IS : 0.02273656528540459
TCELL.IS : 0.08722855151067616
THYAO.IS : 0.025931521666293915
TUPRS.IS : 0.04007852887391251
YKBNK.IS : 0.041433755867424475

Min Daily Loss Portfolio:
ALARK.IS : 0.25000000009764134
GUBRF.IS : 0.2499999997280796
HEKTS.IS : 0.25000000009461154
KOZAL.IS : 0.2500000000796676

Max Sharpe Ratio Portfolio:
ALARK.IS : 0.034031841517016985
ARCLK.IS : 0.034031841517016985
ASELS.IS : 0.008797225384441235
BIMAS.IS : 0.04282906690145822
EKGYO.IS : 0.04282906690145822
ENKAI.IS : 0.04282906690145822
EREGL.IS : 0.034031841517016985
FROTO.IS : 0.04282906690145822
GARAN.IS : 0.034031841517016985
GUBRF.IS : 0.11702696370451185
HEKTS.IS : 0.04282906690145822
ISCTR.IS : 0.04282906690145822
KCHOL.IS : 0.034031841517016985
KOZAA.IS : 0.07419789680305361
KOZAL.IS : 0.07419789680305361
KRDMD.IS : 0.04282906690145822
SAHOL.IS : 0.034031841517016985
SASA.IS : 0.034031841538662934
SISE.IS : 0.04282906690145822
TCELL.IS : 0.04282906690145822
TOASO.IS : 0.034031841517016985
TUPRS.IS : 0.034031841517016985
YKBNK.IS : 0.034031841517016985

Best 5 Return Portfolio:
GUBRF.IS : 0.2
HEKTS.IS : 0.2
ALARK.IS : 0.2
KOZAL.IS : 0.2
KOZAA.IS : 0.19999999999999996

Best 10 Return Portfolio:
GUBRF.IS : 0.1
HEKTS.IS : 0.1
ALARK.IS : 0.1
KOZAL.IS : 0.1
KOZAA.IS : 0.1
KRDMD.IS : 0.1
TOASO.IS : 0.1
ARCLK.IS : 0.1
SAHOL.IS : 0.1
BIMAS.IS : 0.09999999999999998
