Min Volatility Portfolio:
ALARK.IS : 0.07111163082081619
ASELS.IS : 0.034824209863178815
BIMAS.IS : 0.09849886946407367
ENKAI.IS : 0.11322182950048233
EREGL.IS : 0.10200531438470248
GUBRF.IS : 0.14526519262112117
HEKTS.IS : 0.03155514618801895
KOZAA.IS : 0.08122433755570724
KOZAL.IS : 0.1247731129609908
SAHOL.IS : 0.026042880263047602
SASA.IS : 0.07974428008460524
TCELL.IS : 0.02267753032776847
TUPRS.IS : 0.06905566596548703

Min Daily Loss Portfolio:
ALARK.IS : 0.010915857911289946
BIMAS.IS : 0.2500000000838577
EREGL.IS : 0.22313588809346535
GUBRF.IS : 0.2500000002327378
ODAS.IS : 0.01594825411846278
TUPRS.IS : 0.24999999956018648

Max Sharpe Ratio Portfolio:
BIMAS.IS : 0.15063675894403836
EREGL.IS : 0.05247329967922401
FROTO.IS : 0.22734170556418476
GUBRF.IS : 0.08982532720231982
KOZAA.IS : 0.028860022609125763
KOZAL.IS : 0.13148875420573045
PETKM.IS : 0.06606934126496196
TUPRS.IS : 0.25330479053041477

Best 5 Return Portfolio:
FROTO.IS : 0.2
KRDMD.IS : 0.2
ASELS.IS : 0.2
BIMAS.IS : 0.2
GARAN.IS : 0.19999999999999996

Best 10 Return Portfolio:
FROTO.IS : 0.1
KRDMD.IS : 0.1
ASELS.IS : 0.1
BIMAS.IS : 0.1
GARAN.IS : 0.1
PETKM.IS : 0.1
AKBNK.IS : 0.1
SASA.IS : 0.1
EREGL.IS : 0.1
ODAS.IS : 0.09999999999999998
