Min Volatility Portfolio:
AKBNK.IS : 0.0353353749026127
ALARK.IS : 0.0278428648944303
ARCLK.IS : 0.0340224837646168
ASELS.IS : 0.0350989818362325
BIMAS.IS : 0.0312625167236143
EKGYO.IS : 0.0386730133466971
ENKAI.IS : 0.0334166854300919
EREGL.IS : 0.032468392213465
FROTO.IS : 0.0378529464718244
GARAN.IS : 0.035503092756965
GUBRF.IS : 0.028263226096941
HEKTS.IS : 0.0380961218905758
ISCTR.IS : 0.0348293725306624
KCHOL.IS : 0.0345261327963352
KOZAA.IS : 0.0320285559599467
KOZAL.IS : 0.0354044480679859
KRDMD.IS : 0.0335941609728053
ODAS.IS : 0.035593603528571
PETKM.IS : 0.0352084363240396
PGSUS.IS : 0.0318349545426703
SAHOL.IS : 0.0353492225922716
SASA.IS : 0.0368556879057766
SISE.IS : 0.0371863098019759
TAVHL.IS : 0.0368615322820218
TCELL.IS : 0.0350084392043348
THYAO.IS : 0.0331531305429032
TOASO.IS : 0.0342725097074268
TUPRS.IS : 0.035409374156025
YKBNK.IS : 0.0350484287561811

Min Daily Loss Portfolio:
ALARK.IS : 0.2500000058746421
EKGYO.IS : 0.17590479175638715
GUBRF.IS : 0.06327011131964089
HEKTS.IS : 0.2500000066277793
TAVHL.IS : 0.24999999276978266
TCELL.IS : 0.010825091651767772

Max Sharpe Ratio Portfolio:
AKBNK.IS : 0.029765413871463916
ALARK.IS : 0.029765413871463916
ARCLK.IS : 0.029765413871463916
ASELS.IS : 0.029765413871463916
BIMAS.IS : 0.029765413871463916
EKGYO.IS : 0.05402813732091266
ENKAI.IS : 0.029765413871463916
EREGL.IS : 0.029765413871463916
FROTO.IS : 0.05402813732091266
GARAN.IS : 0.029765413871463916
GUBRF.IS : 0.029765413871463916
HEKTS.IS : 0.05402813732091266
ISCTR.IS : 0.029765413871463916
KCHOL.IS : 0.029765413871463916
KOZAA.IS : 0.029765413871463916
KOZAL.IS : 0.029765413871463916
KRDMD.IS : 0.029765413871463916
ODAS.IS : 0.029765413871463916
PETKM.IS : 0.029765413871463916
PGSUS.IS : 0.029765413871463916
SAHOL.IS : 0.029765413871463916
SASA.IS : 0.05402813732091266
SISE.IS : 0.04082973292413002
TAVHL.IS : 0.048796272451085344
TCELL.IS : 0.029765413871463916
THYAO.IS : 0.029765413871463916
TOASO.IS : 0.029765413871463916
TUPRS.IS : 0.0394223401689278
YKBNK.IS : 0.029765413871463916

Best 5 Return Portfolio:
HEKTS.IS : 0.2
BIMAS.IS : 0.2
TAVHL.IS : 0.2
GUBRF.IS : 0.2
ALARK.IS : 0.19999999999999996

Best 10 Return Portfolio:
HEKTS.IS : 0.1
BIMAS.IS : 0.1
TAVHL.IS : 0.1
GUBRF.IS : 0.1
ALARK.IS : 0.1
EKGYO.IS : 0.1
TOASO.IS : 0.1
TCELL.IS : 0.1
THYAO.IS : 0.1
PGSUS.IS : 0.09999999999999998
