Min Volatility Portfolio:
AKBNK.IS : 0.027563305759839535
ASELS.IS : 0.03269154550742904
BIMAS.IS : 0.0739434509429265
ENKAI.IS : 0.04426281465844054
EREGL.IS : 0.0664422558533596
FROTO.IS : 0.049771967686743086
GARAN.IS : 0.04458425231638382
HEKTS.IS : 0.027085925848224248
ISCTR.IS : 0.04393702081425171
KCHOL.IS : 0.045041777594280505
KOZAL.IS : 0.03584646393682212
PETKM.IS : 0.055132462534450595
PGSUS.IS : 0.04752833111616912
SAHOL.IS : 0.031231124449144252
SASA.IS : 0.0459444855149327
SISE.IS : 0.05386745523668034
TAVHL.IS : 0.026982295534985858
TCELL.IS : 0.07428078061902914
THYAO.IS : 0.04276948554857186
TOASO.IS : 0.06976420082085628
TUPRS.IS : 0.06132859770647933

Min Daily Loss Portfolio:
ASELS.IS : 0.02084973618033395
ENKAI.IS : 0.2500000006981529
KCHOL.IS : 0.24999999899169512
PETKM.IS : 0.2500000011366995
SASA.IS : 0.17347259367088982
TCELL.IS : 0.012779743154990452
YKBNK.IS : 0.042897926167238185

Max Sharpe Ratio Portfolio:
ASELS.IS : 0.034552429688381646
BIMAS.IS : 0.08771236472916363
ENKAI.IS : 0.06116478740925086
FROTO.IS : 0.06085754660978832
ISCTR.IS : 0.023571785693607423
KCHOL.IS : 0.07640996441707723
KRDMD.IS : 0.04956634069071994
PETKM.IS : 0.2548202272181986
PGSUS.IS : 0.04856353633705751
SASA.IS : 0.09734191785621595
TCELL.IS : 0.07969181948965284
TOASO.IS : 0.04512125028980832
TUPRS.IS : 0.0806260295710778

Best 5 Return Portfolio:
KRDMD.IS : 0.2
PETKM.IS : 0.2
SASA.IS : 0.2
YKBNK.IS : 0.2
ODAS.IS : 0.19999999999999996

Best 10 Return Portfolio:
KRDMD.IS : 0.1
PETKM.IS : 0.1
SASA.IS : 0.1
YKBNK.IS : 0.1
ODAS.IS : 0.1
ENKAI.IS : 0.1
ALARK.IS : 0.1
THYAO.IS : 0.1
SAHOL.IS : 0.1
EKGYO.IS : 0.09999999999999998
