Min Volatility Portfolio:
AKBNK.IS : 0.0179850471123965
ALARK.IS : 0.0558704248095681
ARCLK.IS : 0.0302933856839516
ASELS.IS : 0.0353755152641771
EKGYO.IS : 0.0780060624354714
ENKAI.IS : 0.0674485149565886
GARAN.IS : 0.0370023501271256
GUBRF.IS : 0.0299564101310624
ISCTR.IS : 0.0550639613509906
KOZAA.IS : 0.0726228147788759
KOZAL.IS : 0.0622079784986829
KRDMD.IS : 0.0288720672827562
ODAS.IS : 0.0436863770682077
PETKM.IS : 0.0134131060914186
PGSUS.IS : 0.1577902889196216
SAHOL.IS : 0.0128842598103254
SASA.IS : 0.0122207306570299
SISE.IS : 0.0675855548043838
TCELL.IS : 0.0441322740912448
THYAO.IS : 0.0445597234024438
YKBNK.IS : 0.0330231527236775

Min Daily Loss Portfolio:
ALARK.IS : 0.22233374931186728
ARCLK.IS : 0.2513169505409944
HEKTS.IS : 0.25131695100506235
KCHOL.IS : 0.023715398018522717
PGSUS.IS : 0.2513169511235533

Max Sharpe Ratio Portfolio:
ARCLK.IS : 0.015836915654253846
EKGYO.IS : 0.06392444379432281
HEKTS.IS : 0.16560472938259635
KOZAA.IS : 0.026366626601547382
KOZAL.IS : 0.01957912999168196
ODAS.IS : 0.1550779724306643
PGSUS.IS : 0.25214131274013835
SISE.IS : 0.1501178045162578
TAVHL.IS : 0.05385087850825934
TCELL.IS : 0.0415101427946426
THYAO.IS : 0.055990043585635176

Best 5 Return Portfolio:
PGSUS.IS : 0.2
ODAS.IS : 0.2
HEKTS.IS : 0.2
ARCLK.IS : 0.2
TOASO.IS : 0.19999999999999996

Best 10 Return Portfolio:
PGSUS.IS : 0.1
ODAS.IS : 0.1
HEKTS.IS : 0.1
ARCLK.IS : 0.1
TOASO.IS : 0.1
FROTO.IS : 0.1
ALARK.IS : 0.1
GUBRF.IS : 0.1
EKGYO.IS : 0.1
THYAO.IS : 0.09999999999999998
