Min Volatility Portfolio:
AKBNK.IS : 0.03749422345791228
ASELS.IS : 0.012015145991298751
BIMAS.IS : 0.05473001103622409
EKGYO.IS : 0.01683733585925184
ENKAI.IS : 0.11018678263120736
EREGL.IS : 0.040848306161098025
GARAN.IS : 0.02936000200174938
GUBRF.IS : 0.02332707214441125
HEKTS.IS : 0.06439653916950665
KOZAL.IS : 0.01440113627063536
ODAS.IS : 0.03291803968550534
PGSUS.IS : 0.04926398110276092
SAHOL.IS : 0.022042045383736546
SASA.IS : 0.06531450924898931
SISE.IS : 0.06520252569565349
TAVHL.IS : 0.10332459510279669
THYAO.IS : 0.07791641231519425
TOASO.IS : 0.018474454315792123
TUPRS.IS : 0.13571570555272705
YKBNK.IS : 0.02623117687354935

Min Daily Loss Portfolio:
ARCLK.IS : 0.013179450180174333
HEKTS.IS : 0.04445105531156042
ODAS.IS : 0.09975438961286764
PETKM.IS : 0.25000000695430435
TAVHL.IS : 0.2500000068469223
THYAO.IS : 0.09261508397445362
TUPRS.IS : 0.2500000071197173

Max Sharpe Ratio Portfolio:
ENKAI.IS : 0.02391850471623808
HEKTS.IS : 0.10394623274334949
ODAS.IS : 0.24999726913023113
PETKM.IS : 0.15007689286152937
SISE.IS : 0.12744162422264751
TAVHL.IS : 0.04539533350078838
THYAO.IS : 0.04922687369498485
TUPRS.IS : 0.24999726913023113

Best 5 Return Portfolio:
ODAS.IS : 0.2
PETKM.IS : 0.2
ARCLK.IS : 0.2
TCELL.IS : 0.2
HEKTS.IS : 0.19999999999999996

Best 10 Return Portfolio:
ODAS.IS : 0.1
PETKM.IS : 0.1
ARCLK.IS : 0.1
TCELL.IS : 0.1
HEKTS.IS : 0.1
EKGYO.IS : 0.1
TOASO.IS : 0.1
KOZAA.IS : 0.1
GUBRF.IS : 0.1
ALARK.IS : 0.09999999999999998
