Min Volatility Portfolio:
ARCLK.IS : 0.0275939660524469
ASELS.IS : 0.0481199590861096
BIMAS.IS : 0.1815004872294192
ENKAI.IS : 0.1024769672335811
EREGL.IS : 0.0129265151158195
FROTO.IS : 0.0663746613351209
KCHOL.IS : 0.0615479456007306
KOZAA.IS : 0.0264801484120786
KOZAL.IS : 0.1221417430537555
KRDMD.IS : 0.0169387580813657
SAHOL.IS : 0.0363495612837062
SISE.IS : 0.0366421380586202
TAVHL.IS : 0.0680505331574607
TOASO.IS : 0.0660513528081851
YKBNK.IS : 0.1268052634916001

Min Daily Loss Portfolio:
AKBNK.IS : 0.24999999988949828
FROTO.IS : 0.06963880393690593
GARAN.IS : 0.24999999990284846
HEKTS.IS : 0.2500000000662655
ODAS.IS : 0.060449711515730614
YKBNK.IS : 0.11991148468875122

Max Sharpe Ratio Portfolio:
BIMAS.IS : 0.2298503714011447
ENKAI.IS : 0.05829538136650221
FROTO.IS : 0.03634576791469153
HEKTS.IS : 0.24372720173427542
KOZAL.IS : 0.07028670100300966
ODAS.IS : 0.0558256176703018
SAHOL.IS : 0.05404273478305155
TAVHL.IS : 0.03418135873821395
TOASO.IS : 0.06550373229933115
YKBNK.IS : 0.15194113308947813

Best 5 Return Portfolio:
HEKTS.IS : 0.2
ODAS.IS : 0.2
YKBNK.IS : 0.2
GARAN.IS : 0.2
KRDMD.IS : 0.19999999999999996

Best 10 Return Portfolio:
HEKTS.IS : 0.1
ODAS.IS : 0.1
YKBNK.IS : 0.1
GARAN.IS : 0.1
KRDMD.IS : 0.1
AKBNK.IS : 0.1
EKGYO.IS : 0.1
FROTO.IS : 0.1
SAHOL.IS : 0.1
PETKM.IS : 0.09999999999999998
