Min Volatility Portfolio:
AKBNK.IS : 0.045939572253919335
ALARK.IS : 0.042345944626855855
ARCLK.IS : 0.027881319225944497
BIMAS.IS : 0.2074857330763238
ENKAI.IS : 0.09995379653368867
EREGL.IS : 0.10470007843419109
GARAN.IS : 0.09958098796097511
KOZAA.IS : 0.039805191893886545
KOZAL.IS : 0.14532712155117955
SAHOL.IS : 0.030604378963758682
SASA.IS : 0.052658881509563944
SISE.IS : 0.1037169939697129

Min Daily Loss Portfolio:
EKGYO.IS : 0.25000000005505013
GARAN.IS : 0.20218428827993729
GUBRF.IS : 0.25000000010379514
KCHOL.IS : 0.0478157116326994
YKBNK.IS : 0.2499999999285181

Max Sharpe Ratio Portfolio:
AKBNK.IS : 0.03448275862068966
ALARK.IS : 0.03448275862068966
ARCLK.IS : 0.03448275862068966
ASELS.IS : 0.03448275862068966
BIMAS.IS : 0.03448275862068966
EKGYO.IS : 0.03448275862068966
ENKAI.IS : 0.03448275862068966
EREGL.IS : 0.03448275862068966
FROTO.IS : 0.03448275862068966
GARAN.IS : 0.03448275862068966
GUBRF.IS : 0.03448275862068966
HEKTS.IS : 0.03448275862068966
ISCTR.IS : 0.03448275862068966
KCHOL.IS : 0.03448275862068966
KOZAA.IS : 0.03448275862068966
KOZAL.IS : 0.03448275862068966
KRDMD.IS : 0.03448275862068966
ODAS.IS : 0.03448275862068966
PETKM.IS : 0.03448275862068966
PGSUS.IS : 0.03448275862068966
SAHOL.IS : 0.03448275862068966
SASA.IS : 0.03448275862068966
SISE.IS : 0.03448275862068966
TAVHL.IS : 0.03448275862068966
TCELL.IS : 0.03448275862068966
THYAO.IS : 0.03448275862068966
TOASO.IS : 0.03448275862068966
TUPRS.IS : 0.03448275862068966
YKBNK.IS : 0.03448275862068966

Best 5 Return Portfolio:
GUBRF.IS : 0.2
EKGYO.IS : 0.2
THYAO.IS : 0.2
PGSUS.IS : 0.2
TUPRS.IS : 0.19999999999999996

Best 10 Return Portfolio:
GUBRF.IS : 0.1
EKGYO.IS : 0.1
THYAO.IS : 0.1
PGSUS.IS : 0.1
TUPRS.IS : 0.1
TAVHL.IS : 0.1
KCHOL.IS : 0.1
YKBNK.IS : 0.1
ASELS.IS : 0.1
ODAS.IS : 0.09999999999999998
