Min Volatility Portfolio:
AKBNK.IS : 0.013489779519027606
ALARK.IS : 0.06474977043061272
ARCLK.IS : 0.08296454580371163
ASELS.IS : 0.05574074519782862
BIMAS.IS : 0.07372341447100572
EKGYO.IS : 0.02899455477097131
ENKAI.IS : 0.025457204774000108
EREGL.IS : 0.03174352009297221
FROTO.IS : 0.09712520072959713
GARAN.IS : 0.013533591969949105
GUBRF.IS : 0.025969239589763007
KCHOL.IS : 0.05281885220880292
KRDMD.IS : 0.011617787198358204
PETKM.IS : 0.07817359822476233
SAHOL.IS : 0.038728046746248315
SASA.IS : 0.014672174452314805
SISE.IS : 0.042949321848390315
TCELL.IS : 0.05845145279083102
THYAO.IS : 0.03023468574685261
TUPRS.IS : 0.14083580530661366
YKBNK.IS : 0.018026708127386708

Min Daily Loss Portfolio:
ALARK.IS : 0.08465348037810012
FROTO.IS : 0.19631175268255271
GUBRF.IS : 0.0596711845956601
PETKM.IS : 0.25000000030793634
SASA.IS : 0.15936358171404308
TUPRS.IS : 0.2500000003217077

Max Sharpe Ratio Portfolio:
ALARK.IS : 0.06088049624241179
ARCLK.IS : 0.03447626664294084
ASELS.IS : 0.03621072978770762
BIMAS.IS : 0.05148767736800806
EKGYO.IS : 0.02349424889204221
FROTO.IS : 0.24361490798833013
GUBRF.IS : 0.0523130799910329
KCHOL.IS : 0.021082762365902504
PETKM.IS : 0.11528561888831614
PGSUS.IS : 0.017330332979721613
SAHOL.IS : 0.02684834394901277
SASA.IS : 0.06011579724589913
SISE.IS : 0.038917230529224675
TCELL.IS : 0.034063510942091764
THYAO.IS : 0.028838854857675126
TUPRS.IS : 0.1550401413296826

Best 5 Return Portfolio:
SASA.IS : 0.2
FROTO.IS : 0.2
PETKM.IS : 0.2
ODAS.IS : 0.2
ALARK.IS : 0.19999999999999996

Best 10 Return Portfolio:
SASA.IS : 0.1
FROTO.IS : 0.1
PETKM.IS : 0.1
ODAS.IS : 0.1
ALARK.IS : 0.1
TOASO.IS : 0.1
ARCLK.IS : 0.1
TUPRS.IS : 0.1
ENKAI.IS : 0.1
KOZAA.IS : 0.09999999999999998
