Min Volatility Portfolio:
AKBNK.IS : 0.07585808420007568
ALARK.IS : 0.016860410678974997
ARCLK.IS : 0.017672693821185997
BIMAS.IS : 0.24154710274144645
EREGL.IS : 0.03590304418954869
GARAN.IS : 0.042025122014888096
HEKTS.IS : 0.10540123326627927
ISCTR.IS : 0.030438877525464092
KCHOL.IS : 0.019328164263300095
SAHOL.IS : 0.10171398620763787
SISE.IS : 0.04793348200071289
TAVHL.IS : 0.026565995762953893
TCELL.IS : 0.14671517840230489
TUPRS.IS : 0.09203662492522718

Min Daily Loss Portfolio:
ALARK.IS : 0.14183242446135652
BIMAS.IS : 0.25000000037673165
EREGL.IS : 0.06186708445793263
GUBRF.IS : 0.22714242939319382
TCELL.IS : 0.06915806117644675
TUPRS.IS : 0.25000000013433865

Max Sharpe Ratio Portfolio:
AKBNK.IS : 0.036436818526829805
BIMAS.IS : 0.2499999998610573
KOZAA.IS : 0.2499999998610573
SAHOL.IS : 0.10961700745866518
TCELL.IS : 0.2499999998610573
TUPRS.IS : 0.10394617443133304

Best 5 Return Portfolio:
GUBRF.IS : 0.2
KOZAA.IS : 0.2
KOZAL.IS : 0.2
BIMAS.IS : 0.2
ODAS.IS : 0.19999999999999996

Best 10 Return Portfolio:
GUBRF.IS : 0.1
KOZAA.IS : 0.1
KOZAL.IS : 0.1
BIMAS.IS : 0.1
ODAS.IS : 0.1
TUPRS.IS : 0.1
ASELS.IS : 0.1
ALARK.IS : 0.1
TCELL.IS : 0.1
ENKAI.IS : 0.09999999999999998
