Min Volatility Portfolio:
AKBNK.IS : 0.05258803896632112
ALARK.IS : 0.08808739961817287
ASELS.IS : 0.03502111513502711
BIMAS.IS : 0.024100744594387408
EKGYO.IS : 0.04672907951564865
ENKAI.IS : 0.06591047250974358
EREGL.IS : 0.04244850791870204
FROTO.IS : 0.08022553099098073
GARAN.IS : 0.05512045796322402
GUBRF.IS : 0.015473925670847918
ISCTR.IS : 0.05602758200318847
KCHOL.IS : 0.02109143954449974
KOZAA.IS : 0.07574116521751662
KOZAL.IS : 0.021939747081033138
PGSUS.IS : 0.01795549895386305
SAHOL.IS : 0.036363406275265756
SASA.IS : 0.08214272537956607
TAVHL.IS : 0.023103306955925437
TCELL.IS : 0.01765495033759359
THYAO.IS : 0.06250820255302224
TOASO.IS : 0.04677770937484127
YKBNK.IS : 0.03298899344062914

Min Daily Loss Portfolio:
ALARK.IS : 0.25000000201755435
ARCLK.IS : 0.045818450947927476
EREGL.IS : 0.035207883737391754
FROTO.IS : 0.24999998639532267
PETKM.IS : 0.046725024527803666
PGSUS.IS : 0.07749783276720235
SASA.IS : 0.2500000035466143
TAVHL.IS : 0.04475081606018359

Max Sharpe Ratio Portfolio:
ARCLK.IS : 0.07108793860819257
BIMAS.IS : 0.02221955240094982
FROTO.IS : 0.11101086682825245
HEKTS.IS : 0.10516187233662967
PETKM.IS : 0.19966800973950372
PGSUS.IS : 0.1345669360416315
SASA.IS : 0.25200890367201606
TAVHL.IS : 0.04439514288647211
TOASO.IS : 0.05988077748635212

Best 5 Return Portfolio:
PETKM.IS : 0.2
PGSUS.IS : 0.2
TAVHL.IS : 0.2
KRDMD.IS : 0.2
ODAS.IS : 0.19999999999999996

Best 10 Return Portfolio:
PETKM.IS : 0.1
PGSUS.IS : 0.1
TAVHL.IS : 0.1
KRDMD.IS : 0.1
ODAS.IS : 0.1
EREGL.IS : 0.1
SASA.IS : 0.1
HEKTS.IS : 0.1
EKGYO.IS : 0.1
BIMAS.IS : 0.09999999999999998
