Min Volatility Portfolio:
AKBNK.IS : 0.02141866964117926
ALARK.IS : 0.018983972122315756
ARCLK.IS : 0.048762192983752735
ASELS.IS : 0.07284570360943275
BIMAS.IS : 0.059580818372853096
EKGYO.IS : 0.10391203974949756
ENKAI.IS : 0.04329880441710339
EREGL.IS : 0.03874804876954762
FROTO.IS : 0.026760691964525612
GUBRF.IS : 0.06768301662756596
HEKTS.IS : 0.10786530604215688
ISCTR.IS : 0.011788934036683867
KCHOL.IS : 0.020053499255515996
KOZAA.IS : 0.02632607274490267
KOZAL.IS : 0.03953534054120518
KRDMD.IS : 0.03659507872489517
ODAS.IS : 0.015020688746709886
PGSUS.IS : 0.01652647640213808
SASA.IS : 0.054275181662113585
SISE.IS : 0.04935088080077539
TAVHL.IS : 0.02687994499573414
THYAO.IS : 0.031261618212848626
TOASO.IS : 0.06252701957654684

Min Daily Loss Portfolio:
ARCLK.IS : 0.0967895720717267
EKGYO.IS : 0.08247386297855482
FROTO.IS : 0.24999999774577744
GUBRF.IS : 0.21671420327494553
HEKTS.IS : 0.2500000038806852
ISCTR.IS : 0.07337562983369343
KCHOL.IS : 0.030646730214616783

Max Sharpe Ratio Portfolio:
ARCLK.IS : 0.1465016323523495
ASELS.IS : 0.025635155652006185
BIMAS.IS : 0.05420128302474176
EKGYO.IS : 0.16766248236297207
FROTO.IS : 0.08609234704596681
GUBRF.IS : 0.10776203776911965
HEKTS.IS : 0.12325802624361144
ISCTR.IS : 0.11401533686884746
KCHOL.IS : 0.05796955620726282
KRDMD.IS : 0.015171342423378968
YKBNK.IS : 0.10173080004974322

Best 5 Return Portfolio:
ODAS.IS : 0.2
ARCLK.IS : 0.2
YKBNK.IS : 0.2
TCELL.IS : 0.2
ISCTR.IS : 0.19999999999999996

Best 10 Return Portfolio:
ODAS.IS : 0.1
ARCLK.IS : 0.1
YKBNK.IS : 0.1
TCELL.IS : 0.1
ISCTR.IS : 0.1
FROTO.IS : 0.1
TOASO.IS : 0.1
EKGYO.IS : 0.1
KRDMD.IS : 0.1
KCHOL.IS : 0.09999999999999998
