Min Volatility Portfolio:
AKBNK.IS : 0.044406978062474435
ALARK.IS : 0.03395925495360963
ARCLK.IS : 0.04099163270756265
ASELS.IS : 0.04050973284163579
BIMAS.IS : 0.03622642397163577
EKGYO.IS : 0.037199261089263205
ENKAI.IS : 0.02018637097254215
EREGL.IS : 0.036403406955456734
FROTO.IS : 0.03781395357052978
GARAN.IS : 0.042666560111455025
GUBRF.IS : 0.02547675772728196
HEKTS.IS : 0.03777254600211202
ISCTR.IS : 0.03689355964201288
KCHOL.IS : 0.04357146690984137
KOZAA.IS : 0.04069483255211101
KOZAL.IS : 0.033748546089286374
KRDMD.IS : 0.03077645106231253
PETKM.IS : 0.041916457220657725
PGSUS.IS : 0.039491813177305754
SAHOL.IS : 0.041600064448389
SASA.IS : 0.02109757777919093
TAVHL.IS : 0.028589631090118202
TCELL.IS : 0.03368449656997499
THYAO.IS : 0.0406223028725912
TOASO.IS : 0.03732498292731072
TUPRS.IS : 0.046559362149091586
YKBNK.IS : 0.049815576544246655

Min Daily Loss Portfolio:
AKBNK.IS : 0.08451548612297392
EKGYO.IS : 0.14988825375506737
GARAN.IS : 0.21160883257029228
GUBRF.IS : 0.25000000061544136
PETKM.IS : 0.2500000006078636
SISE.IS : 0.05398742632836154

Max Sharpe Ratio Portfolio:
AKBNK.IS : 0.11567101693568156
ARCLK.IS : 0.02372480837148529
ASELS.IS : 0.011742920422440606
GUBRF.IS : 0.2431742046151041
HEKTS.IS : 0.06347812043165674
ISCTR.IS : 0.031017167202776377
KOZAA.IS : 0.029273778450074204
KOZAL.IS : 0.047870057464491696
KRDMD.IS : 0.011566024771435467
PETKM.IS : 0.07051763493837176
PGSUS.IS : 0.06861548961973993
SAHOL.IS : 0.03491068622603306
SISE.IS : 0.07807295452859292
TUPRS.IS : 0.06885998820359171
YKBNK.IS : 0.10150514781852452

Best 5 Return Portfolio:
GUBRF.IS : 0.2
SISE.IS : 0.2
ODAS.IS : 0.2
HEKTS.IS : 0.2
ENKAI.IS : 0.19999999999999996

Best 10 Return Portfolio:
GUBRF.IS : 0.1
SISE.IS : 0.1
ODAS.IS : 0.1
HEKTS.IS : 0.1
ENKAI.IS : 0.1
ASELS.IS : 0.1
PETKM.IS : 0.1
EKGYO.IS : 0.1
FROTO.IS : 0.1
ALARK.IS : 0.09999999999999998
