Min Volatility Portfolio:
AKBNK.IS : 0.028709737435139743
ALARK.IS : 0.08373431902435159
ARCLK.IS : 0.04126997846365577
ASELS.IS : 0.09167991900440148
BIMAS.IS : 0.01710135681679781
ENKAI.IS : 0.08166310295358041
EREGL.IS : 0.017273283636877267
FROTO.IS : 0.041610165470568936
GUBRF.IS : 0.050959314234102604
HEKTS.IS : 0.061772132503022346
ISCTR.IS : 0.029399605537983296
KCHOL.IS : 0.035527685272094385
KOZAA.IS : 0.025983614284939695
KOZAL.IS : 0.04813061966802994
PETKM.IS : 0.06788926999389931
PGSUS.IS : 0.016619777642205357
SAHOL.IS : 0.035102729330989214
SASA.IS : 0.05526630371708743
SISE.IS : 0.030454188650504286
THYAO.IS : 0.040948157354746516
TOASO.IS : 0.0477643301815025
TUPRS.IS : 0.021057725162245945
YKBNK.IS : 0.030082683661274083

Min Daily Loss Portfolio:
ALARK.IS : 0.2500000006765282
ENKAI.IS : 0.14164268471432112
GUBRF.IS : 0.22092166714975792
HEKTS.IS : 0.2500000002556762
ISCTR.IS : 0.05801009985004726
THYAO.IS : 0.07942554735366934

Max Sharpe Ratio Portfolio:
ALARK.IS : 0.1451232171335385
ARCLK.IS : 0.012966355703033623
ASELS.IS : 0.13772287494902657
ENKAI.IS : 0.12254891168313244
GUBRF.IS : 0.0828112984386803
HEKTS.IS : 0.0769503240644869
KOZAL.IS : 0.025366031979191385
ODAS.IS : 0.25287554192416467
PETKM.IS : 0.08421524006572471
THYAO.IS : 0.0594202040590208

Best 5 Return Portfolio:
ODAS.IS : 0.2
GUBRF.IS : 0.2
HEKTS.IS : 0.2
ALARK.IS : 0.2
KOZAL.IS : 0.19999999999999996

Best 10 Return Portfolio:
ODAS.IS : 0.1
GUBRF.IS : 0.1
HEKTS.IS : 0.1
ALARK.IS : 0.1
KOZAL.IS : 0.1
YKBNK.IS : 0.1
ISCTR.IS : 0.1
ENKAI.IS : 0.1
ASELS.IS : 0.1
KOZAA.IS : 0.09999999999999998
