Min Volatility Portfolio:
AKBNK.IS : 0.04156286321418123
ALARK.IS : 0.05042219001955366
ARCLK.IS : 0.043158654999485395
ASELS.IS : 0.06404253298356717
BIMAS.IS : 0.048112387437510847
EKGYO.IS : 0.052438740959632794
ENKAI.IS : 0.056129368565241596
EREGL.IS : 0.037315353470148735
FROTO.IS : 0.016778621599562185
GARAN.IS : 0.023396145636540237
GUBRF.IS : 0.017796391397957734
HEKTS.IS : 0.014876504605033813
ISCTR.IS : 0.0384430393447931
KCHOL.IS : 0.03584550363681171
KOZAA.IS : 0.042285302435444004
KOZAL.IS : 0.035034538530204835
KRDMD.IS : 0.015959430944946267
PETKM.IS : 0.05783947077763337
SAHOL.IS : 0.03359972888863555
SISE.IS : 0.05921323815685453
TAVHL.IS : 0.02330814917825481
TCELL.IS : 0.023040572432794913
THYAO.IS : 0.02260450834067202
TOASO.IS : 0.034594925336714044
TUPRS.IS : 0.01704494563003212
YKBNK.IS : 0.09515689147779331

Min Daily Loss Portfolio:
ASELS.IS : 0.2500000024078228
GUBRF.IS : 0.2500000025221366
KCHOL.IS : 0.2499999933439057
PETKM.IS : 0.250000001726135

Max Sharpe Ratio Portfolio:
ASELS.IS : 0.25
GUBRF.IS : 0.25
SISE.IS : 0.25
YKBNK.IS : 0.25

Best 5 Return Portfolio:
GUBRF.IS : 0.2
ASELS.IS : 0.2
SASA.IS : 0.2
FROTO.IS : 0.2
HEKTS.IS : 0.19999999999999996

Best 10 Return Portfolio:
GUBRF.IS : 0.1
ASELS.IS : 0.1
SASA.IS : 0.1
FROTO.IS : 0.1
HEKTS.IS : 0.1
THYAO.IS : 0.1
ODAS.IS : 0.1
KOZAA.IS : 0.1
PGSUS.IS : 0.1
TOASO.IS : 0.09999999999999998
