Min Volatility Portfolio:
AKBNK.IS : 0.08522669850027706
ALARK.IS : 0.028140169185598484
EKGYO.IS : 0.05693194192201759
EREGL.IS : 0.03309674176694191
FROTO.IS : 0.01813606769941202
GARAN.IS : 0.09039432644104349
ISCTR.IS : 0.07323405881596255
KCHOL.IS : 0.04537353155736621
KOZAL.IS : 0.05043761952041192
KRDMD.IS : 0.032126670086617924
PETKM.IS : 0.03274855221314941
PGSUS.IS : 0.013142606039215127
SAHOL.IS : 0.03471685471782681
SISE.IS : 0.03955190945073892
TCELL.IS : 0.1218121754293295
THYAO.IS : 0.026857054976554808
TOASO.IS : 0.06405620296627393
TUPRS.IS : 0.05341438614905374
YKBNK.IS : 0.10060243256220859

Min Daily Loss Portfolio:
ARCLK.IS : 0.2053516861639917
ASELS.IS : 0.0779748960494317
EKGYO.IS : 0.02738630861076468
GARAN.IS : 0.18928716755938657
TCELL.IS : 0.250000000101488
YKBNK.IS : 0.24999994151493743

Max Sharpe Ratio Portfolio:
AKBNK.IS : 0.08995702442873976
ASELS.IS : 0.24999802901003557
EKGYO.IS : 0.04169883612157259
GARAN.IS : 0.12446193382273757
GUBRF.IS : 0.019211816592817295
ISCTR.IS : 0.07659960632223987
SISE.IS : 0.09165676149486875
TCELL.IS : 0.14684459614860773
YKBNK.IS : 0.15957139605838097

Best 5 Return Portfolio:
ASELS.IS : 0.2
GUBRF.IS : 0.2
HEKTS.IS : 0.2
BIMAS.IS : 0.2
ARCLK.IS : 0.19999999999999996

Best 10 Return Portfolio:
ASELS.IS : 0.1
GUBRF.IS : 0.1
HEKTS.IS : 0.1
BIMAS.IS : 0.1
ARCLK.IS : 0.1
KOZAL.IS : 0.1
KOZAA.IS : 0.1
SISE.IS : 0.1
SASA.IS : 0.1
TAVHL.IS : 0.09999999999999998
