Min Volatility Portfolio:
AKBNK.IS : 0.04216967222374396
ASELS.IS : 0.06951348643311446
BIMAS.IS : 0.18536491228157875
EREGL.IS : 0.0597785716123095
FROTO.IS : 0.19537416781780634
ISCTR.IS : 0.05376039484257074
KCHOL.IS : 0.0577487773594389
KOZAL.IS : 0.07024046225449822
PGSUS.IS : 0.049417688848165664
SAHOL.IS : 0.164112748539924
YKBNK.IS : 0.05251911778684946

Min Daily Loss Portfolio:
ARCLK.IS : 0.2500000004737338
BIMAS.IS : 0.2500000004515587
ENKAI.IS : 0.24999999851340204
FROTO.IS : 0.25000000056130556

Max Sharpe Ratio Portfolio:
AKBNK.IS : 0.03081505354402977
ARCLK.IS : 0.04996979318268739
ASELS.IS : 0.056335073049366344
BIMAS.IS : 0.17346737642170815
EREGL.IS : 0.050563065794780926
FROTO.IS : 0.2499993435293294
ISCTR.IS : 0.04218746638394241
KCHOL.IS : 0.04819577802612395
KOZAL.IS : 0.06412237649474917
PGSUS.IS : 0.03928942107734741
SAHOL.IS : 0.1535509024422855
YKBNK.IS : 0.04150435005364961

Best 5 Return Portfolio:
FROTO.IS : 0.2
ARCLK.IS : 0.2
ENKAI.IS : 0.2
ASELS.IS : 0.2
HEKTS.IS : 0.19999999999999996

Best 10 Return Portfolio:
FROTO.IS : 0.1
ARCLK.IS : 0.1
ENKAI.IS : 0.1
ASELS.IS : 0.1
HEKTS.IS : 0.1
TOASO.IS : 0.1
SASA.IS : 0.1
KOZAL.IS : 0.1
KOZAA.IS : 0.1
BIMAS.IS : 0.09999999999999998
