Min Volatility Portfolio:
AKBNK.IS : 0.04305248429682041
ALARK.IS : 0.024292129450008894
ARCLK.IS : 0.06174127795705404
BIMAS.IS : 0.023615285686510244
EKGYO.IS : 0.03759635932124058
ENKAI.IS : 0.0631961157874722
EREGL.IS : 0.03625908545765411
FROTO.IS : 0.016790089156905785
GARAN.IS : 0.03916466493219508
GUBRF.IS : 0.04765812850887485
HEKTS.IS : 0.01006528955710977
ISCTR.IS : 0.04663666963709619
KCHOL.IS : 0.03282763359856731
KRDMD.IS : 0.07954320061704871
ODAS.IS : 0.05086919041057187
PETKM.IS : 0.059703922096739796
PGSUS.IS : 0.06323783029344718
SASA.IS : 0.027632817866647712
SISE.IS : 0.023664545049271547
TAVHL.IS : 0.04486974017517813
TCELL.IS : 0.03296727083656761
THYAO.IS : 0.055880302925946986
TOASO.IS : 0.02451232584579287
TUPRS.IS : 0.030476321801015064
YKBNK.IS : 0.02374731873426306

Min Daily Loss Portfolio:
ARCLK.IS : 0.16151910726472954
EREGL.IS : 0.250000002900642
GUBRF.IS : 0.09874060069597507
KCHOL.IS : 0.2500000004442431
PETKM.IS : 0.1364412608790607
TCELL.IS : 0.1032990278153496

Max Sharpe Ratio Portfolio:
AKBNK.IS : 0.016995175030134688
ARCLK.IS : 0.04473429177816889
BIMAS.IS : 0.05686251834476081
EKGYO.IS : 0.10990421328291779
ENKAI.IS : 0.026988840741307515
EREGL.IS : 0.22793668172321063
FROTO.IS : 0.05729388338183408
GARAN.IS : 0.019238221977557285
KCHOL.IS : 0.14468128995919252
KRDMD.IS : 0.060695281903410586
PETKM.IS : 0.09056889524050338
PGSUS.IS : 0.037315359126570254
TCELL.IS : 0.05397884909169143
THYAO.IS : 0.05280649841874008

Best 5 Return Portfolio:
EKGYO.IS : 0.2
GUBRF.IS : 0.2
KCHOL.IS : 0.2
FROTO.IS : 0.2
EREGL.IS : 0.19999999999999996

Best 10 Return Portfolio:
EKGYO.IS : 0.1
GUBRF.IS : 0.1
KCHOL.IS : 0.1
FROTO.IS : 0.1
EREGL.IS : 0.1
SAHOL.IS : 0.1
PETKM.IS : 0.1
YKBNK.IS : 0.1
GARAN.IS : 0.1
ASELS.IS : 0.09999999999999998
