Min Volatility Portfolio:
ARCLK.IS : 0.01553534790740631
ASELS.IS : 0.06159796129669716
EKGYO.IS : 0.06362229997944992
ENKAI.IS : 0.25264366781186987
GUBRF.IS : 0.01719504193240944
HEKTS.IS : 0.016278182262783315
KOZAA.IS : 0.061028065823378594
PETKM.IS : 0.01588826705900423
PGSUS.IS : 0.027475606054373665
SAHOL.IS : 0.05892950292217263
SASA.IS : 0.17984662531490928
TAVHL.IS : 0.01567520416748397
TCELL.IS : 0.03926706789886637
THYAO.IS : 0.0644658836512321
TOASO.IS : 0.03101817272956976
TUPRS.IS : 0.07953310318839332

Min Daily Loss Portfolio:
ARCLK.IS : 0.24999997759259746
ENKAI.IS : 0.250000007761593
SASA.IS : 0.250000007665787
TOASO.IS : 0.25000000698002256

Max Sharpe Ratio Portfolio:
AKBNK.IS : 0.010825958189412161
ASELS.IS : 0.019236512351627467
EKGYO.IS : 0.044830141842681796
ENKAI.IS : 0.25232911794209517
FROTO.IS : 0.2523291179422982
KOZAA.IS : 0.03785628955976385
ODAS.IS : 0.09743279593673797
PETKM.IS : 0.019975424294238493
SAHOL.IS : 0.09325518274718152
SASA.IS : 0.1049558849632515
TUPRS.IS : 0.066973574230712

Best 5 Return Portfolio:
FROTO.IS : 0.2
BIMAS.IS : 0.2
SISE.IS : 0.2
ODAS.IS : 0.2
ENKAI.IS : 0.19999999999999996

Best 10 Return Portfolio:
FROTO.IS : 0.1
BIMAS.IS : 0.1
SISE.IS : 0.1
ODAS.IS : 0.1
ENKAI.IS : 0.1
ALARK.IS : 0.1
GARAN.IS : 0.1
TOASO.IS : 0.1
KCHOL.IS : 0.1
ISCTR.IS : 0.09999999999999998
