Min Volatility Portfolio:
AKBNK.IS : 0.032474621254839936
ALARK.IS : 0.03309119728321032
ARCLK.IS : 0.04185219057689354
ASELS.IS : 0.010597700807143371
BIMAS.IS : 0.02503205220312702
EKGYO.IS : 0.07225491186197588
ENKAI.IS : 0.05349137894107533
GARAN.IS : 0.040282058917493015
GUBRF.IS : 0.03595071710112294
HEKTS.IS : 0.046799187029570956
ISCTR.IS : 0.01725489134066922
KCHOL.IS : 0.027647364458263508
KOZAL.IS : 0.01039255093624036
KRDMD.IS : 0.04081488732785826
ODAS.IS : 0.024705950475243085
PETKM.IS : 0.07303605359261074
PGSUS.IS : 0.03239338830673566
SAHOL.IS : 0.041017441080845055
SASA.IS : 0.025531795852137384
SISE.IS : 0.0526491068546064
TAVHL.IS : 0.05910078773111627
TCELL.IS : 0.04652819731435735
THYAO.IS : 0.046040776303723614
TOASO.IS : 0.09835073063310892
YKBNK.IS : 0.012710061816031938

Min Daily Loss Portfolio:
GUBRF.IS : 0.2524028494825655
ODAS.IS : 0.05775720682457066
SISE.IS : 0.2523571046091367
TAVHL.IS : 0.03323288335320806
TOASO.IS : 0.2524028474522032
TUPRS.IS : 0.15184710827831593

Max Sharpe Ratio Portfolio:
EKGYO.IS : 0.037042699675267764
FROTO.IS : 0.020520460394237175
GUBRF.IS : 0.06224595887522508
HEKTS.IS : 0.08211517145876611
KCHOL.IS : 0.025077278698639956
KOZAL.IS : 0.03771720265959315
KRDMD.IS : 0.0351738726431137
ODAS.IS : 0.022549376226237695
PETKM.IS : 0.06171589994404022
PGSUS.IS : 0.09532399029866778
SAHOL.IS : 0.020730808845289085
SASA.IS : 0.023437922140102364
SISE.IS : 0.0205403956328391
TAVHL.IS : 0.07565975113889307
THYAO.IS : 0.06463106139303405
TOASO.IS : 0.25365967606861733
TUPRS.IS : 0.061858473907436366

Best 5 Return Portfolio:
TOASO.IS : 0.2
SISE.IS : 0.2
GARAN.IS : 0.2
GUBRF.IS : 0.2
ALARK.IS : 0.19999999999999996

Best 10 Return Portfolio:
TOASO.IS : 0.1
SISE.IS : 0.1
GARAN.IS : 0.1
GUBRF.IS : 0.1
ALARK.IS : 0.1
TUPRS.IS : 0.1
ODAS.IS : 0.1
PETKM.IS : 0.1
AKBNK.IS : 0.1
ENKAI.IS : 0.09999999999999998
