Min Volatility Portfolio:
AKBNK.IS : 0.05038786067017467
ARCLK.IS : 0.01937072161731172
BIMAS.IS : 0.10051314966804072
EKGYO.IS : 0.0990121178172952
ENKAI.IS : 0.050857481612993465
FROTO.IS : 0.07076844284174327
GARAN.IS : 0.053782160185965475
GUBRF.IS : 0.07180191456784227
HEKTS.IS : 0.06784634843945707
ISCTR.IS : 0.02531661110683499
KOZAA.IS : 0.14424555662077995
KOZAL.IS : 0.06554354444081736
ODAS.IS : 0.038650911771339024
PETKM.IS : 0.037994041446043854
SAHOL.IS : 0.04018754514436631
SISE.IS : 0.03704045784957499
TOASO.IS : 0.011889002039678935
YKBNK.IS : 0.014792132159740665

Min Daily Loss Portfolio:
ENKAI.IS : 0.06494161127745311
GUBRF.IS : 0.24999999767127876
HEKTS.IS : 0.2500000001967509
KOZAA.IS : 0.2500000000384669
SASA.IS : 0.18505839081605047

Max Sharpe Ratio Portfolio:
AKBNK.IS : 0.03448275862068966
ALARK.IS : 0.03448275862068966
ARCLK.IS : 0.03448275862068966
ASELS.IS : 0.03448275862068966
BIMAS.IS : 0.03448275862068966
EKGYO.IS : 0.03448275862068966
ENKAI.IS : 0.03448275862068966
EREGL.IS : 0.03448275862068966
FROTO.IS : 0.03448275862068966
GARAN.IS : 0.03448275862068966
GUBRF.IS : 0.03448275862068966
HEKTS.IS : 0.03448275862068966
ISCTR.IS : 0.03448275862068966
KCHOL.IS : 0.03448275862068966
KOZAA.IS : 0.03448275862068966
KOZAL.IS : 0.03448275862068966
KRDMD.IS : 0.03448275862068966
ODAS.IS : 0.03448275862068966
PETKM.IS : 0.03448275862068966
PGSUS.IS : 0.03448275862068966
SAHOL.IS : 0.03448275862068966
SASA.IS : 0.03448275862068966
SISE.IS : 0.03448275862068966
TAVHL.IS : 0.03448275862068966
TCELL.IS : 0.03448275862068966
THYAO.IS : 0.03448275862068966
TOASO.IS : 0.03448275862068966
TUPRS.IS : 0.03448275862068966
YKBNK.IS : 0.03448275862068966

Best 5 Return Portfolio:
SASA.IS : 0.2
TOASO.IS : 0.2
ASELS.IS : 0.2
HEKTS.IS : 0.2
ENKAI.IS : 0.19999999999999996

Best 10 Return Portfolio:
SASA.IS : 0.1
TOASO.IS : 0.1
ASELS.IS : 0.1
HEKTS.IS : 0.1
ENKAI.IS : 0.1
FROTO.IS : 0.1
GUBRF.IS : 0.1
SISE.IS : 0.1
EREGL.IS : 0.1
ARCLK.IS : 0.09999999999999998
