Min Volatility Portfolio:
AKBNK.IS : 0.041061378411514866
ALARK.IS : 0.04224263072303756
ARCLK.IS : 0.05526305653281411
ASELS.IS : 0.06858462345340345
EKGYO.IS : 0.0218460232768371
ENKAI.IS : 0.025113667233999066
EREGL.IS : 0.032766114986842225
FROTO.IS : 0.07051847039272575
GARAN.IS : 0.04921810827266984
GUBRF.IS : 0.042314801812445395
HEKTS.IS : 0.14014616091245077
ISCTR.IS : 0.015696102579751636
KCHOL.IS : 0.04474048936736164
KRDMD.IS : 0.03450074237747763
ODAS.IS : 0.06600852869690708
PETKM.IS : 0.021231776394821815
PGSUS.IS : 0.04628094523989087
SASA.IS : 0.059954591773701785
SISE.IS : 0.010456276423979845
TAVHL.IS : 0.036208198392668194
TCELL.IS : 0.02776992012190366
THYAO.IS : 0.04807739262279574

Min Daily Loss Portfolio:
GUBRF.IS : 0.2500000079706946
HEKTS.IS : 0.250000010378188
ODAS.IS : 0.2108171805514678
TOASO.IS : 0.0391827976564798
YKBNK.IS : 0.2500000034431698

Max Sharpe Ratio Portfolio:
ASELS.IS : 0.02449156863081199
EKGYO.IS : 0.03827117807695986
EREGL.IS : 0.03972905817621979
FROTO.IS : 0.021232800863077154
GARAN.IS : 0.033836664694649916
GUBRF.IS : 0.07987294178842042
HEKTS.IS : 0.2530848799989037
ISCTR.IS : 0.01621503429181935
KOZAL.IS : 0.019659382646115584
ODAS.IS : 0.23695696771332053
PGSUS.IS : 0.02771723337332456
TAVHL.IS : 0.04810587545920208
TOASO.IS : 0.08329618691052881
YKBNK.IS : 0.07753022737664629

Best 5 Return Portfolio:
GUBRF.IS : 0.2
HEKTS.IS : 0.2
TOASO.IS : 0.2
ODAS.IS : 0.2
TUPRS.IS : 0.19999999999999996

Best 10 Return Portfolio:
GUBRF.IS : 0.1
HEKTS.IS : 0.1
TOASO.IS : 0.1
ODAS.IS : 0.1
TUPRS.IS : 0.1
YKBNK.IS : 0.1
SASA.IS : 0.1
GARAN.IS : 0.1
EKGYO.IS : 0.1
AKBNK.IS : 0.09999999999999998
