Min Volatility Portfolio:
ALARK.IS : 0.04616012353195387
ARCLK.IS : 0.0816829427090894
BIMAS.IS : 0.028979495838169125
EKGYO.IS : 0.04860753612047731
EREGL.IS : 0.017595080765952
GUBRF.IS : 0.09185098744752448
HEKTS.IS : 0.10240477411028956
ISCTR.IS : 0.017838171218102033
KCHOL.IS : 0.03051641847075447
KOZAA.IS : 0.08248476992498313
KOZAL.IS : 0.058365817787138834
ODAS.IS : 0.08754892568435031
PETKM.IS : 0.015297158310207035
PGSUS.IS : 0.03076478891628802
SASA.IS : 0.04482501944242216
SISE.IS : 0.03615784616833761
TAVHL.IS : 0.06370347662361805
TCELL.IS : 0.01919690858089051
THYAO.IS : 0.06212878453117599
TUPRS.IS : 0.03389097381827612

Min Daily Loss Portfolio:
GUBRF.IS : 0.19594226813628757
HEKTS.IS : 0.14944822532387803
ODAS.IS : 0.2510882039713814
PGSUS.IS : 0.15243309847629682
THYAO.IS : 0.25108820409215615

Max Sharpe Ratio Portfolio:
ARCLK.IS : 0.010575720289612853
GARAN.IS : 0.04304487212441021
GUBRF.IS : 0.17384034733191053
HEKTS.IS : 0.15883736935528775
KCHOL.IS : 0.056980974437213845
KOZAA.IS : 0.0369639688269904
ODAS.IS : 0.25400932651205144
PGSUS.IS : 0.07277859191187759
TAVHL.IS : 0.0831815051326997
THYAO.IS : 0.08083902399002146
TUPRS.IS : 0.028948300087924258

Best 5 Return Portfolio:
GUBRF.IS : 0.2
PGSUS.IS : 0.2
ODAS.IS : 0.2
TUPRS.IS : 0.2
PETKM.IS : 0.19999999999999996

Best 10 Return Portfolio:
GUBRF.IS : 0.1
PGSUS.IS : 0.1
ODAS.IS : 0.1
TUPRS.IS : 0.1
PETKM.IS : 0.1
HEKTS.IS : 0.1
GARAN.IS : 0.1
KOZAA.IS : 0.1
ASELS.IS : 0.1
KCHOL.IS : 0.09999999999999998
