Min Volatility Portfolio:
ALARK.IS : 0.024475110631487693
ASELS.IS : 0.05660074048338488
ENKAI.IS : 0.025028731502027383
FROTO.IS : 0.09636725675651486
GARAN.IS : 0.13381444392090952
HEKTS.IS : 0.021657592524077802
ISCTR.IS : 0.01986535517963482
KCHOL.IS : 0.0425695487349743
ODAS.IS : 0.0698440206316611
PETKM.IS : 0.13557061013803834
TCELL.IS : 0.11125847232384177
THYAO.IS : 0.030155486333307068
TOASO.IS : 0.14759275184983459
YKBNK.IS : 0.08519987899030586

Min Daily Loss Portfolio:
ASELS.IS : 0.2515699005897406
EREGL.IS : 0.2515698519083748
HEKTS.IS : 0.251569902466518
TOASO.IS : 0.24529034503536673

Max Sharpe Ratio Portfolio:
ASELS.IS : 0.06576028252463009
GARAN.IS : 0.10373513900348132
HEKTS.IS : 0.25271516075975703
KCHOL.IS : 0.017057718360283664
KRDMD.IS : 0.06143522326179124
ODAS.IS : 0.06748131654787576
PETKM.IS : 0.13440198729065264
PGSUS.IS : 0.04935189187548268
TCELL.IS : 0.1574501295879133
TOASO.IS : 0.06609328978645601
YKBNK.IS : 0.02451786100167631

Best 5 Return Portfolio:
HEKTS.IS : 0.2
TOASO.IS : 0.2
ASELS.IS : 0.2
EREGL.IS : 0.2
PETKM.IS : 0.19999999999999996

Best 10 Return Portfolio:
HEKTS.IS : 0.1
TOASO.IS : 0.1
ASELS.IS : 0.1
EREGL.IS : 0.1
PETKM.IS : 0.1
KRDMD.IS : 0.1
YKBNK.IS : 0.1
SAHOL.IS : 0.1
KCHOL.IS : 0.1
ISCTR.IS : 0.09999999999999998
