Min Volatility Portfolio:
AKBNK.IS : 0.045258115362529897
ARCLK.IS : 0.08079637572165374
BIMAS.IS : 0.04114697133741846
EKGYO.IS : 0.06531470810153991
ENKAI.IS : 0.07143552820411476
EREGL.IS : 0.03713031432875234
FROTO.IS : 0.07883189716259986
GARAN.IS : 0.04334403618293319
HEKTS.IS : 0.020435488226738577
ISCTR.IS : 0.04899017989695176
KCHOL.IS : 0.010400473685862948
KRDMD.IS : 0.016844150091270688
ODAS.IS : 0.02521895949449133
PETKM.IS : 0.05260803583630156
SAHOL.IS : 0.035701933706550754
SASA.IS : 0.022178075914532077
SISE.IS : 0.035410434157579045
TAVHL.IS : 0.029442271909513183
TCELL.IS : 0.06335274955408891
THYAO.IS : 0.011041712233664128
TOASO.IS : 0.05595223742732474
TUPRS.IS : 0.03584661121878048
YKBNK.IS : 0.0733187402448074

Min Daily Loss Portfolio:
ARCLK.IS : 0.250000000684171
HEKTS.IS : 0.19632327341864486
PETKM.IS : 0.0536767249744164
PGSUS.IS : 0.25000000023721647
TAVHL.IS : 0.2500000006855513

Max Sharpe Ratio Portfolio:
AKBNK.IS : 0.03700865111443239
ALARK.IS : 0.03700922803710242
ARCLK.IS : 0.20392675265643956
BIMAS.IS : 0.03700922803710242
EKGYO.IS : 0.03700922801670979
FROTO.IS : 0.03700922801670979
GARAN.IS : 0.03700922803710242
GUBRF.IS : 0.03700922803710242
HEKTS.IS : 0.16691752461933715
ISCTR.IS : 0.03700922803710242
KCHOL.IS : 0.03700922803710242
PETKM.IS : 0.03700922803710242
SAHOL.IS : 0.03700922803710242
SASA.IS : 0.03700922803710242
TAVHL.IS : 0.03700865111443239
TCELL.IS : 0.03700922803710242
TOASO.IS : 0.03700922803710242
TUPRS.IS : 0.03700922803710242
YKBNK.IS : 0.03700922801670979

Best 5 Return Portfolio:
HEKTS.IS : 0.2
TAVHL.IS : 0.2
PGSUS.IS : 0.2
THYAO.IS : 0.2
SASA.IS : 0.19999999999999996

Best 10 Return Portfolio:
HEKTS.IS : 0.1
TAVHL.IS : 0.1
PGSUS.IS : 0.1
THYAO.IS : 0.1
SASA.IS : 0.1
ARCLK.IS : 0.1
KCHOL.IS : 0.1
PETKM.IS : 0.1
KOZAL.IS : 0.1
SISE.IS : 0.09999999999999998
