Min Volatility Portfolio:
AKBNK.IS : 0.06047372426969769
ALARK.IS : 0.01206934752871146
ENKAI.IS : 0.11283468641685408
FROTO.IS : 0.02115006508481934
GARAN.IS : 0.07278354030283965
KOZAA.IS : 0.04699623239417745
KOZAL.IS : 0.026157501162763858
ODAS.IS : 0.06217112647166506
PETKM.IS : 0.1038898726007519
SASA.IS : 0.13744211933898343
SISE.IS : 0.03696198686866702
TAVHL.IS : 0.015837918002035403
TCELL.IS : 0.05531107128371093
THYAO.IS : 0.0740770760230583
TUPRS.IS : 0.11508372308609797
YKBNK.IS : 0.046760009165166413

Min Daily Loss Portfolio:
AKBNK.IS : 0.04961166144266181
BIMAS.IS : 0.06377945049399487
ENKAI.IS : 0.25000000128637645
GARAN.IS : 0.250000001341806
SASA.IS : 0.047144647902739076
TCELL.IS : 0.2500000011521181
THYAO.IS : 0.08946423638030362

Max Sharpe Ratio Portfolio:
BIMAS.IS : 0.2471730730810145
ENKAI.IS : 0.25094230897299513
TAVHL.IS : 0.25094230897299513
TCELL.IS : 0.25094230897299513

Best 5 Return Portfolio:
TAVHL.IS : 0.2
BIMAS.IS : 0.2
TCELL.IS : 0.2
THYAO.IS : 0.2
ENKAI.IS : 0.19999999999999996

Best 10 Return Portfolio:
TAVHL.IS : 0.1
BIMAS.IS : 0.1
TCELL.IS : 0.1
THYAO.IS : 0.1
ENKAI.IS : 0.1
SISE.IS : 0.1
SAHOL.IS : 0.1
PGSUS.IS : 0.1
ASELS.IS : 0.1
ISCTR.IS : 0.09999999999999998
