Min Volatility Portfolio:
ARCLK.IS : 0.019103241123393008
ASELS.IS : 0.04450350332864451
BIMAS.IS : 0.08128586604972456
ENKAI.IS : 0.1080228670886458
EREGL.IS : 0.0350424031270309
FROTO.IS : 0.049439440356798904
HEKTS.IS : 0.0656896762619838
KRDMD.IS : 0.04172998840927741
PETKM.IS : 0.19022568278950425
PGSUS.IS : 0.10093537484849424
SISE.IS : 0.03644710109925938
TAVHL.IS : 0.012850939652536593
TCELL.IS : 0.06871090724511064
THYAO.IS : 0.1056463943102945
TOASO.IS : 0.040366614309301656

Min Daily Loss Portfolio:
ENKAI.IS : 0.14960287574300024
EREGL.IS : 0.1551871710477021
HEKTS.IS : 0.25000000189970106
PETKM.IS : 0.2500000025025413
THYAO.IS : 0.1952099488070553

Max Sharpe Ratio Portfolio:
ASELS.IS : 0.02289693417742829
BIMAS.IS : 0.029717759060382737
EKGYO.IS : 0.020274147682919318
ENKAI.IS : 0.11864299143611386
EREGL.IS : 0.2500000422894219
FROTO.IS : 0.014763751928087527
HEKTS.IS : 0.10970874782940983
PETKM.IS : 0.25000004227022055
PGSUS.IS : 0.052767129670712544
SISE.IS : 0.011925048993411215
TCELL.IS : 0.03700775769882091
THYAO.IS : 0.059959588375145055
TOASO.IS : 0.022336058587926314

Best 5 Return Portfolio:
EREGL.IS : 0.2
PETKM.IS : 0.2
ENKAI.IS : 0.2
GARAN.IS : 0.2
HEKTS.IS : 0.19999999999999996

Best 10 Return Portfolio:
EREGL.IS : 0.1
PETKM.IS : 0.1
ENKAI.IS : 0.1
GARAN.IS : 0.1
HEKTS.IS : 0.1
AKBNK.IS : 0.1
SISE.IS : 0.1
SASA.IS : 0.1
KRDMD.IS : 0.1
TCELL.IS : 0.09999999999999998
