Min Volatility Portfolio:
AKBNK.IS : 0.053708182588644404
ASELS.IS : 0.06393496824466437
BIMAS.IS : 0.10472096348549799
EKGYO.IS : 0.013712552707181368
EREGL.IS : 0.01721045778972995
FROTO.IS : 0.05193372995610737
GARAN.IS : 0.029432044110941597
GUBRF.IS : 0.05489411561322884
ISCTR.IS : 0.03340113636833658
KOZAA.IS : 0.10707931101732845
KOZAL.IS : 0.03912674277494215
ODAS.IS : 0.14842251462158676
PETKM.IS : 0.03976503795829026
PGSUS.IS : 0.06573148460256484
SAHOL.IS : 0.021978069554478702
SISE.IS : 0.033626474522177235
TAVHL.IS : 0.03319114055498833
THYAO.IS : 0.034477588456677984
TOASO.IS : 0.020737015170239383
TUPRS.IS : 0.03291646990239337

Min Daily Loss Portfolio:
BIMAS.IS : 0.21051932705666385
ENKAI.IS : 0.16925887635151546
KOZAA.IS : 0.12022254567120799
ODAS.IS : 0.2500000077742351
PETKM.IS : 0.24999924314637764

Max Sharpe Ratio Portfolio:
ASELS.IS : 0.06444514498005799
BIMAS.IS : 0.1460576805569499
ENKAI.IS : 0.24999999544797477
FROTO.IS : 0.025572934436172326
KOZAA.IS : 0.08874509983834787
ODAS.IS : 0.24999999544866006
PETKM.IS : 0.11970773019291216
PGSUS.IS : 0.055471419098924946

Best 5 Return Portfolio:
ENKAI.IS : 0.2
PETKM.IS : 0.2
SAHOL.IS : 0.2
TAVHL.IS : 0.2
ODAS.IS : 0.19999999999999996

Best 10 Return Portfolio:
ENKAI.IS : 0.1
PETKM.IS : 0.1
SAHOL.IS : 0.1
TAVHL.IS : 0.1
ODAS.IS : 0.1
THYAO.IS : 0.1
SISE.IS : 0.1
HEKTS.IS : 0.1
ASELS.IS : 0.1
AKBNK.IS : 0.09999999999999998
