Min Volatility Portfolio:
AKBNK.IS : 0.021149370259304703
ALARK.IS : 0.055441130779326116
ARCLK.IS : 0.03826692080601031
ASELS.IS : 0.03515085572033281
BIMAS.IS : 0.030595810565075206
EKGYO.IS : 0.03792851389969841
ENKAI.IS : 0.062120491213974414
EREGL.IS : 0.018447986111835405
FROTO.IS : 0.08298838107954681
GARAN.IS : 0.013491204415281904
HEKTS.IS : 0.027945751246725006
ISCTR.IS : 0.015765827622407504
KCHOL.IS : 0.036952337528091704
KOZAA.IS : 0.024611797003053305
KOZAL.IS : 0.013003211736900503
KRDMD.IS : 0.033361400383532205
ODAS.IS : 0.044193191865896105
PETKM.IS : 0.07261063262141132
PGSUS.IS : 0.020713384962008002
SAHOL.IS : 0.034814944878768204
SASA.IS : 0.024362497810666406
SISE.IS : 0.030819008818731508
TAVHL.IS : 0.032524485621106304
TCELL.IS : 0.043595560835422605
THYAO.IS : 0.03453906860466241
TOASO.IS : 0.050598514276696115
TUPRS.IS : 0.04451919175084921
YKBNK.IS : 0.019488527582685503

Min Daily Loss Portfolio:
AKBNK.IS : 0.25116366663078793
ENKAI.IS : 0.19509106548174798
FROTO.IS : 0.25116366261394607
HEKTS.IS : 0.25116366746084184
KOZAL.IS : 0.014326513446543525
YKBNK.IS : 0.03709142436613253

Max Sharpe Ratio Portfolio:
AKBNK.IS : 0.03448275862068966
ALARK.IS : 0.03448275862068966
ARCLK.IS : 0.03448275862068966
ASELS.IS : 0.03448275862068966
BIMAS.IS : 0.03448275862068966
EKGYO.IS : 0.03448275862068966
ENKAI.IS : 0.03448275862068966
EREGL.IS : 0.03448275862068966
FROTO.IS : 0.03448275862068966
GARAN.IS : 0.03448275862068966
GUBRF.IS : 0.03448275862068966
HEKTS.IS : 0.03448275862068966
ISCTR.IS : 0.03448275862068966
KCHOL.IS : 0.03448275862068966
KOZAA.IS : 0.03448275862068966
KOZAL.IS : 0.03448275862068966
KRDMD.IS : 0.03448275862068966
ODAS.IS : 0.03448275862068966
PETKM.IS : 0.03448275862068966
PGSUS.IS : 0.03448275862068966
SAHOL.IS : 0.03448275862068966
SASA.IS : 0.03448275862068966
SISE.IS : 0.03448275862068966
TAVHL.IS : 0.03448275862068966
TCELL.IS : 0.03448275862068966
THYAO.IS : 0.03448275862068966
TOASO.IS : 0.03448275862068966
TUPRS.IS : 0.03448275862068966
YKBNK.IS : 0.03448275862068966

Best 5 Return Portfolio:
HEKTS.IS : 0.2
KOZAL.IS : 0.2
FROTO.IS : 0.2
EKGYO.IS : 0.2
SASA.IS : 0.19999999999999996

Best 10 Return Portfolio:
HEKTS.IS : 0.1
KOZAL.IS : 0.1
FROTO.IS : 0.1
EKGYO.IS : 0.1
SASA.IS : 0.1
TOASO.IS : 0.1
KOZAA.IS : 0.1
ENKAI.IS : 0.1
KRDMD.IS : 0.1
ARCLK.IS : 0.09999999999999998
