Min Volatility Portfolio:
ALARK.IS : 0.09010203328107605
ARCLK.IS : 0.17090224052713665
ASELS.IS : 0.025183557035094065
BIMAS.IS : 0.1414200117323491
ENKAI.IS : 0.020129300579518818
EREGL.IS : 0.09102377103195088
HEKTS.IS : 0.07194359230606606
KRDMD.IS : 0.04063042334902032
ODAS.IS : 0.03114840004003678
PETKM.IS : 0.06462298165874159
SISE.IS : 0.16827565170405206
TCELL.IS : 0.08461803675495762

Min Daily Loss Portfolio:
ARCLK.IS : 0.25000000025683294
ENKAI.IS : 0.25000000005682643
EREGL.IS : 0.1169104903706624
KOZAA.IS : 0.024522796428619983
KRDMD.IS : 0.10856671264299375
TCELL.IS : 0.25000000024406444

Max Sharpe Ratio Portfolio:
AKBNK.IS : 0.039110122160467886
ALARK.IS : 0.032787053523357916
ARCLK.IS : 0.23292440490158206
ENKAI.IS : 0.2499999995290093
EREGL.IS : 0.07376710027817093
KOZAA.IS : 0.042748837318343794
KRDMD.IS : 0.03276202589374211
SISE.IS : 0.045900456866316657
TCELL.IS : 0.2499999995290093

Best 5 Return Portfolio:
ENKAI.IS : 0.2
TCELL.IS : 0.2
TOASO.IS : 0.2
EREGL.IS : 0.2
KCHOL.IS : 0.19999999999999996

Best 10 Return Portfolio:
ENKAI.IS : 0.1
TCELL.IS : 0.1
TOASO.IS : 0.1
EREGL.IS : 0.1
KCHOL.IS : 0.1
AKBNK.IS : 0.1
ISCTR.IS : 0.1
YKBNK.IS : 0.1
ARCLK.IS : 0.1
GARAN.IS : 0.09999999999999998
