Min Volatility Portfolio:
AKBNK.IS : 0.026266940558933378
ARCLK.IS : 0.1258527673781071
BIMAS.IS : 0.062464536955125355
ENKAI.IS : 0.13436698174095033
EREGL.IS : 0.05859096108791341
FROTO.IS : 0.06915526949273144
GARAN.IS : 0.07003336942179285
ISCTR.IS : 0.0370067863585698
KOZAA.IS : 0.024672715621490864
KOZAL.IS : 0.10292634194659676
KRDMD.IS : 0.03993509782501619
PGSUS.IS : 0.017316480130339287
SAHOL.IS : 0.02591423878976002
SISE.IS : 0.029163114441633515
TCELL.IS : 0.011194595091739286
THYAO.IS : 0.01224061072048808
TOASO.IS : 0.05352414636923555
TUPRS.IS : 0.03292830896227733
YKBNK.IS : 0.06644673710729951

Min Daily Loss Portfolio:
ARCLK.IS : 0.25000000000540074
ENKAI.IS : 0.25000000000328915
FROTO.IS : 0.17896939400098336
GARAN.IS : 0.24999999984134313
PGSUS.IS : 0.07103060614898359

Max Sharpe Ratio Portfolio:
AKBNK.IS : 0.024669298723035485
ALARK.IS : 0.10044951459651737
ARCLK.IS : 0.25476027824578723
ASELS.IS : 0.012541404534695247
BIMAS.IS : 0.01618431190616679
ENKAI.IS : 0.1466612884929802
FROTO.IS : 0.049876426503075014
GARAN.IS : 0.09615343908467018
ISCTR.IS : 0.016685341468816547
KOZAA.IS : 0.04379262873884225
KOZAL.IS : 0.15480512551060394
KRDMD.IS : 0.022998447779836666
TUPRS.IS : 0.013333092906182021
YKBNK.IS : 0.047089401508791096

Best 5 Return Portfolio:
ALARK.IS : 0.2
ARCLK.IS : 0.2
GARAN.IS : 0.2
KCHOL.IS : 0.2
FROTO.IS : 0.19999999999999996

Best 10 Return Portfolio:
ALARK.IS : 0.1
ARCLK.IS : 0.1
GARAN.IS : 0.1
KCHOL.IS : 0.1
FROTO.IS : 0.1
TOASO.IS : 0.1
AKBNK.IS : 0.1
SAHOL.IS : 0.1
KRDMD.IS : 0.1
PGSUS.IS : 0.09999999999999998
