Min Volatility Portfolio:
AKBNK.IS : 0.017661769436740304
ALARK.IS : 0.04689626130862691
ARCLK.IS : 0.03809990914875161
ASELS.IS : 0.037349058981289804
BIMAS.IS : 0.028315016086965804
EKGYO.IS : 0.028045949061377605
ENKAI.IS : 0.025195064660760904
EREGL.IS : 0.04544849939593561
FROTO.IS : 0.051457920139390906
GARAN.IS : 0.023968223966020302
GUBRF.IS : 0.025288806997728702
HEKTS.IS : 0.07490805913750512
ISCTR.IS : 0.015148479431217101
KCHOL.IS : 0.032285465562979405
KOZAA.IS : 0.03629919074203411
KOZAL.IS : 0.035893486148565905
KRDMD.IS : 0.03227225548205571
ODAS.IS : 0.044861461094228304
PETKM.IS : 0.04710195395810931
PGSUS.IS : 0.03864768013094721
SAHOL.IS : 0.019638090960763303
SASA.IS : 0.03148997244787441
SISE.IS : 0.031024209882685304
TAVHL.IS : 0.024654459905502402
TCELL.IS : 0.04284212074275031
THYAO.IS : 0.05029350193388701
TOASO.IS : 0.021349682556254104
TUPRS.IS : 0.03548274133104821
YKBNK.IS : 0.018080709368004304

Min Daily Loss Portfolio:
ALARK.IS : 0.05066818211416614
ENKAI.IS : 0.25000000004837675
EREGL.IS : 0.05288742995472521
HEKTS.IS : 0.16727826871126789
PETKM.IS : 0.25000000012249673
THYAO.IS : 0.010279329258201865
TOASO.IS : 0.21888678979076537

Max Sharpe Ratio Portfolio:
AKBNK.IS : 0.01586462865879546
ALARK.IS : 0.03584514002745919
ARCLK.IS : 0.024090278972754394
ASELS.IS : 0.02763399307753432
BIMAS.IS : 0.026739362949221326
EKGYO.IS : 0.02237363915739017
ENKAI.IS : 0.023802494331453428
EREGL.IS : 0.03316541802090569
FROTO.IS : 0.04000254041053718
GARAN.IS : 0.016869507004408337
GUBRF.IS : 0.020682671067593254
HEKTS.IS : 0.050634672156824524
ISCTR.IS : 0.015296825725289186
KCHOL.IS : 0.025557521844671895
KOZAA.IS : 0.03182567347212887
KOZAL.IS : 0.03212912186339718
KRDMD.IS : 0.021630413809349824
ODAS.IS : 0.03305738498532474
PETKM.IS : 0.2500028104449035
PGSUS.IS : 0.026046266517843832
SAHOL.IS : 0.02156061975835953
SASA.IS : 0.021345342284112903
SISE.IS : 0.02398633001268574
TAVHL.IS : 0.020046668453638398
TCELL.IS : 0.031712103886449565
THYAO.IS : 0.03649545187334343
TOASO.IS : 0.024992517429394595
TUPRS.IS : 0.029273137122125367
YKBNK.IS : 0.017337464682104325

Best 5 Return Portfolio:
PETKM.IS : 0.2
ALARK.IS : 0.2
KRDMD.IS : 0.2
HEKTS.IS : 0.2
ENKAI.IS : 0.19999999999999996

Best 10 Return Portfolio:
PETKM.IS : 0.1
ALARK.IS : 0.1
KRDMD.IS : 0.1
HEKTS.IS : 0.1
ENKAI.IS : 0.1
EREGL.IS : 0.1
TOASO.IS : 0.1
THYAO.IS : 0.1
SISE.IS : 0.1
TUPRS.IS : 0.09999999999999998
