Min Volatility Portfolio:
ALARK.IS : 0.051058872027044816
ARCLK.IS : 0.08258758395008949
EKGYO.IS : 0.030342459501166243
ENKAI.IS : 0.08252708628833857
HEKTS.IS : 0.039994389352388145
KOZAA.IS : 0.026209637945579255
KOZAL.IS : 0.04534622153121135
ODAS.IS : 0.04232974984563933
PETKM.IS : 0.023994074736463936
SAHOL.IS : 0.05519846128022168
SASA.IS : 0.04670413959559697
SISE.IS : 0.07528862827111618
TAVHL.IS : 0.16106635926182128
TCELL.IS : 0.04472014565739584
THYAO.IS : 0.10456851965313393
TUPRS.IS : 0.08806367110279291

Min Daily Loss Portfolio:
ENKAI.IS : 0.05355361807569389
KOZAA.IS : 0.24784084488212668
PGSUS.IS : 0.10310934740047245
TAVHL.IS : 0.250000000178593
THYAO.IS : 0.2500000001137832
TUPRS.IS : 0.09549618934933081

Max Sharpe Ratio Portfolio:
ARCLK.IS : 0.03923795491834845
EKGYO.IS : 0.04807198284550904
ENKAI.IS : 0.05858905788556614
KOZAA.IS : 0.058125094583146325
KOZAL.IS : 0.050667204326144216
ODAS.IS : 0.06307198647276682
PETKM.IS : 0.02063094472038093
PGSUS.IS : 0.10947055764972914
SAHOL.IS : 0.024035147182581096
SASA.IS : 0.030688121933283765
SISE.IS : 0.0548725512138834
TAVHL.IS : 0.2541952147570923
THYAO.IS : 0.09294801456506763
TOASO.IS : 0.010256365239567942
TUPRS.IS : 0.08513980170693283

Best 5 Return Portfolio:
TAVHL.IS : 0.2
PGSUS.IS : 0.2
THYAO.IS : 0.2
TOASO.IS : 0.2
TUPRS.IS : 0.19999999999999996

Best 10 Return Portfolio:
TAVHL.IS : 0.1
PGSUS.IS : 0.1
THYAO.IS : 0.1
TOASO.IS : 0.1
TUPRS.IS : 0.1
PETKM.IS : 0.1
ENKAI.IS : 0.1
HEKTS.IS : 0.1
ARCLK.IS : 0.1
SASA.IS : 0.09999999999999998
