Min Volatility Portfolio:
AKBNK.IS : 0.03320982183037212
ALARK.IS : 0.023347615629240998
ARCLK.IS : 0.016803522488741385
ASELS.IS : 0.04976313746148992
BIMAS.IS : 0.07710569374614448
ENKAI.IS : 0.024585958855224146
EREGL.IS : 0.06661248839025614
FROTO.IS : 0.016777467704368283
GARAN.IS : 0.02592407522683259
GUBRF.IS : 0.04227315123176068
HEKTS.IS : 0.03335013469522324
ISCTR.IS : 0.037942468396737546
KCHOL.IS : 0.03300739268217443
KOZAA.IS : 0.04497700460752673
KRDMD.IS : 0.05375104659381026
ODAS.IS : 0.035310336427295246
PGSUS.IS : 0.04767271248218107
SAHOL.IS : 0.05672638716462633
SISE.IS : 0.04332206984387184
TAVHL.IS : 0.05847918339594274
TCELL.IS : 0.03736651023466034
THYAO.IS : 0.03959126347214771
TOASO.IS : 0.03227435801091755
TUPRS.IS : 0.039225592981756575
YKBNK.IS : 0.030600606446697577

Min Daily Loss Portfolio:
BIMAS.IS : 0.2516048929498391
EKGYO.IS : 0.2516048928803407
EREGL.IS : 0.11510310834302134
TAVHL.IS : 0.25160489295636423
THYAO.IS : 0.1163042400010751
TOASO.IS : 0.013777972869359481

Max Sharpe Ratio Portfolio:
ASELS.IS : 0.016249808415498758
BIMAS.IS : 0.13736735200552236
EKGYO.IS : 0.2629296871073041
EREGL.IS : 0.0713435942863618
KRDMD.IS : 0.046565740005878396
ODAS.IS : 0.061524550877634414
PGSUS.IS : 0.06265464075097363
SAHOL.IS : 0.04789713342129148
SISE.IS : 0.01725095946564982
TAVHL.IS : 0.22684575211053362
THYAO.IS : 0.049370781553351596

Best 5 Return Portfolio:
EKGYO.IS : 0.2
TAVHL.IS : 0.2
ASELS.IS : 0.2
THYAO.IS : 0.2
AKBNK.IS : 0.19999999999999996

Best 10 Return Portfolio:
EKGYO.IS : 0.1
TAVHL.IS : 0.1
ASELS.IS : 0.1
THYAO.IS : 0.1
AKBNK.IS : 0.1
BIMAS.IS : 0.1
GARAN.IS : 0.1
TOASO.IS : 0.1
EREGL.IS : 0.1
SAHOL.IS : 0.09999999999999998
