Min Volatility Portfolio:
AKBNK.IS : 0.027527800452087806
ALARK.IS : 0.018236231047069805
ARCLK.IS : 0.04020490445979811
ASELS.IS : 0.024844859412343007
BIMAS.IS : 0.025305072595495307
EKGYO.IS : 0.029825106000447806
ENKAI.IS : 0.04532792501771261
EREGL.IS : 0.03010660139262491
FROTO.IS : 0.04199219811724251
GARAN.IS : 0.023936056822759205
GUBRF.IS : 0.03771338206011611
HEKTS.IS : 0.039603666964589404
ISCTR.IS : 0.026705979543680206
KCHOL.IS : 0.03665904173144801
KOZAA.IS : 0.013429784717674304
KOZAL.IS : 0.011706816274613802
KRDMD.IS : 0.022035987036135803
ODAS.IS : 0.041531583431155705
PETKM.IS : 0.04420546209813811
PGSUS.IS : 0.027567942583076006
SAHOL.IS : 0.044459915851637104
SASA.IS : 0.029121836920186408
SISE.IS : 0.04621939999091241
TAVHL.IS : 0.06355451401266701
TCELL.IS : 0.029670242784914307
THYAO.IS : 0.046249922320834407
TOASO.IS : 0.04762479625686791
TUPRS.IS : 0.054206752435087616
YKBNK.IS : 0.030426217668684308

Min Daily Loss Portfolio:
KOZAA.IS : 0.0698856736102174
KOZAL.IS : 0.17071917804777867
SASA.IS : 0.10674146289024794
TAVHL.IS : 0.18326459741779427
THYAO.IS : 0.2499999973794591
TOASO.IS : 0.21938909065450257

Max Sharpe Ratio Portfolio:
ASELS.IS : 0.022819352506821097
EKGYO.IS : 0.03908625001496867
ENKAI.IS : 0.06293873104040641
FROTO.IS : 0.011385779975675012
GARAN.IS : 0.020607183722645563
ISCTR.IS : 0.01084767159569136
KCHOL.IS : 0.012380685959741126
KOZAA.IS : 0.048101246904397967
KOZAL.IS : 0.05472190704287528
ODAS.IS : 0.07848954966837246
SAHOL.IS : 0.08632489750615122
SASA.IS : 0.15879122175982108
SISE.IS : 0.06083804741264859
TAVHL.IS : 0.15824971071496166
THYAO.IS : 0.10405066282632863
TOASO.IS : 0.04484787928531336
TUPRS.IS : 0.025519222063180535

Best 5 Return Portfolio:
TAVHL.IS : 0.2
THYAO.IS : 0.2
SAHOL.IS : 0.2
ENKAI.IS : 0.2
KOZAA.IS : 0.19999999999999996

Best 10 Return Portfolio:
TAVHL.IS : 0.1
THYAO.IS : 0.1
SAHOL.IS : 0.1
ENKAI.IS : 0.1
KOZAA.IS : 0.1
SASA.IS : 0.1
EKGYO.IS : 0.1
TOASO.IS : 0.1
SISE.IS : 0.1
TUPRS.IS : 0.09999999999999998
