Min Volatility Portfolio:
AKBNK.IS : 0.05501339226404812
ALARK.IS : 0.04675846743789616
ARCLK.IS : 0.05007040464997765
ASELS.IS : 0.03709747564358742
BIMAS.IS : 0.041983248945445736
EKGYO.IS : 0.04191032407166708
EREGL.IS : 0.01994186923874443
FROTO.IS : 0.07184072032988222
GARAN.IS : 0.06997447129756024
GUBRF.IS : 0.07552126666385192
HEKTS.IS : 0.03309773334421929
ISCTR.IS : 0.07204993660068515
KOZAA.IS : 0.022669460752246098
KRDMD.IS : 0.017174821620357657
ODAS.IS : 0.05063987700498712
PETKM.IS : 0.01794124134710848
PGSUS.IS : 0.016839618967370785
SAHOL.IS : 0.052160793508545876
SASA.IS : 0.028251326067179002
SISE.IS : 0.025967579183304692
TCELL.IS : 0.05068017625694518
TOASO.IS : 0.016798399820502425
TUPRS.IS : 0.032178367508843786
YKBNK.IS : 0.05343902747504351

Min Daily Loss Portfolio:
ALARK.IS : 0.2500815015112797
FROTO.IS : 0.22497345191683288
GUBRF.IS : 0.1213174408109987
KCHOL.IS : 0.15354609777066763
YKBNK.IS : 0.2500815079902211

Max Sharpe Ratio Portfolio:
AKBNK.IS : 0.03448275862068966
ALARK.IS : 0.03448275862068966
ARCLK.IS : 0.03448275862068966
ASELS.IS : 0.03448275862068966
BIMAS.IS : 0.03448275862068966
EKGYO.IS : 0.03448275862068966
ENKAI.IS : 0.03448275862068966
EREGL.IS : 0.03448275862068966
FROTO.IS : 0.03448275862068966
GARAN.IS : 0.03448275862068966
GUBRF.IS : 0.03448275862068966
HEKTS.IS : 0.03448275862068966
ISCTR.IS : 0.03448275862068966
KCHOL.IS : 0.03448275862068966
KOZAA.IS : 0.03448275862068966
KOZAL.IS : 0.03448275862068966
KRDMD.IS : 0.03448275862068966
ODAS.IS : 0.03448275862068966
PETKM.IS : 0.03448275862068966
PGSUS.IS : 0.03448275862068966
SAHOL.IS : 0.03448275862068966
SASA.IS : 0.03448275862068966
SISE.IS : 0.03448275862068966
TAVHL.IS : 0.03448275862068966
TCELL.IS : 0.03448275862068966
THYAO.IS : 0.03448275862068966
TOASO.IS : 0.03448275862068966
TUPRS.IS : 0.03448275862068966
YKBNK.IS : 0.03448275862068966

Best 5 Return Portfolio:
GUBRF.IS : 0.2
FROTO.IS : 0.2
SASA.IS : 0.2
ALARK.IS : 0.2
YKBNK.IS : 0.19999999999999996

Best 10 Return Portfolio:
GUBRF.IS : 0.1
FROTO.IS : 0.1
SASA.IS : 0.1
ALARK.IS : 0.1
YKBNK.IS : 0.1
EREGL.IS : 0.1
TUPRS.IS : 0.1
KOZAA.IS : 0.1
PETKM.IS : 0.1
KRDMD.IS : 0.09999999999999998
