Min Volatility Portfolio:
ARCLK.IS : 0.020399049772717913
ASELS.IS : 0.12132087567754814
BIMAS.IS : 0.10190823008245915
EREGL.IS : 0.018172047489777406
GUBRF.IS : 0.07535547386812495
HEKTS.IS : 0.019754808931681456
KOZAA.IS : 0.052299685122101806
KOZAL.IS : 0.0424187434284003
ODAS.IS : 0.03143257733861844
PETKM.IS : 0.054184865494216285
PGSUS.IS : 0.1541727937670248
SAHOL.IS : 0.04967560626515173
SASA.IS : 0.11821500327126827
TCELL.IS : 0.030013756816155025
THYAO.IS : 0.06359334966192096
TUPRS.IS : 0.04708313301283343

Min Daily Loss Portfolio:
GUBRF.IS : 0.13373314192039965
HEKTS.IS : 0.07286906796480681
PGSUS.IS : 0.25000000023732116
SASA.IS : 0.25000000021811747
TAVHL.IS : 0.24999999995355227
THYAO.IS : 0.04339778970580261

Max Sharpe Ratio Portfolio:
ASELS.IS : 0.10568452911828626
BIMAS.IS : 0.08129749404279238
GUBRF.IS : 0.052446464561058795
HEKTS.IS : 0.05117376086430631
KOZAA.IS : 0.059964869058361535
KOZAL.IS : 0.05184186281265456
ODAS.IS : 0.03215933453641091
PGSUS.IS : 0.25293275146603167
SAHOL.IS : 0.01705761158156583
SASA.IS : 0.10826375347229682
TAVHL.IS : 0.0982172323369866
TCELL.IS : 0.010200380463154052
THYAO.IS : 0.05270808211303421
TUPRS.IS : 0.026051873573059995

Best 5 Return Portfolio:
PGSUS.IS : 0.2
TAVHL.IS : 0.2
THYAO.IS : 0.2
PETKM.IS : 0.2
TUPRS.IS : 0.19999999999999996

Best 10 Return Portfolio:
PGSUS.IS : 0.1
TAVHL.IS : 0.1
THYAO.IS : 0.1
PETKM.IS : 0.1
TUPRS.IS : 0.1
KCHOL.IS : 0.1
EREGL.IS : 0.1
SISE.IS : 0.1
GUBRF.IS : 0.1
KRDMD.IS : 0.09999999999999998
