Min Volatility Portfolio:
BIMAS.IS : 0.10408649088368221
EKGYO.IS : 0.03381410149405141
GARAN.IS : 0.14479931915361985
HEKTS.IS : 0.10022000479983889
ODAS.IS : 0.13240132351221212
PGSUS.IS : 0.09536546626010553
SAHOL.IS : 0.1062760003193815
SISE.IS : 0.07792809624055548
TCELL.IS : 0.1080470471616203
THYAO.IS : 0.05547896540393759
TUPRS.IS : 0.04158318477099515

Min Daily Loss Portfolio:
ARCLK.IS : 0.0388723511283404
ASELS.IS : 0.129412081846631
HEKTS.IS : 0.25000000040599507
ODAS.IS : 0.25000000007879447
SAHOL.IS : 0.25000000008718887
SASA.IS : 0.08171556645305031

Max Sharpe Ratio Portfolio:
ARCLK.IS : 0.07545846884189066
BIMAS.IS : 0.025753403805285777
GARAN.IS : 0.24998704843391026
ODAS.IS : 0.24997782906736735
SAHOL.IS : 0.10279256616541542
SASA.IS : 0.2499898707033866
THYAO.IS : 0.04604081298274383

Best 5 Return Portfolio:
SASA.IS : 0.2
HEKTS.IS : 0.2
ALARK.IS : 0.2
KRDMD.IS : 0.2
ARCLK.IS : 0.19999999999999996

Best 10 Return Portfolio:
SASA.IS : 0.1
HEKTS.IS : 0.1
ALARK.IS : 0.1
KRDMD.IS : 0.1
ARCLK.IS : 0.1
YKBNK.IS : 0.1
ENKAI.IS : 0.1
EREGL.IS : 0.1
KCHOL.IS : 0.1
SAHOL.IS : 0.09999999999999998
