Min Volatility Portfolio:
ALARK.IS : 0.04429928147382146
ASELS.IS : 0.010827962490648385
BIMAS.IS : 0.09944652890237239
ENKAI.IS : 0.0210312500632983
EREGL.IS : 0.023258310373803503
FROTO.IS : 0.06873484448017343
HEKTS.IS : 0.06822599804252463
KOZAA.IS : 0.018795115290817493
KOZAL.IS : 0.053886410674444024
KRDMD.IS : 0.03992132718888686
ODAS.IS : 0.03640727695894088
PETKM.IS : 0.06337437693593978
PGSUS.IS : 0.05032441198034538
TAVHL.IS : 0.023963071346772887
TCELL.IS : 0.08936672656559805
THYAO.IS : 0.09241031344475423
TOASO.IS : 0.07628975934750781
TUPRS.IS : 0.11943703443935058

Min Daily Loss Portfolio:
ENKAI.IS : 0.25000000002591993
FROTO.IS : 0.1965802111262462
ISCTR.IS : 0.06030340798022708
KOZAL.IS : 0.0901349818470964
PGSUS.IS : 0.24999999991949992
SISE.IS : 0.15298139910101052

Max Sharpe Ratio Portfolio:
ALARK.IS : 0.01430757314732009
BIMAS.IS : 0.08678382511570565
ENKAI.IS : 0.2512119361106749
FROTO.IS : 0.02019965087072126
HEKTS.IS : 0.03033622934059024
ODAS.IS : 0.03773900882798867
PETKM.IS : 0.18116936353419177
PGSUS.IS : 0.051538593914107575
TCELL.IS : 0.034283775581359165
THYAO.IS : 0.12361247246963913
TOASO.IS : 0.06381093522716635
TUPRS.IS : 0.10500663586053528

Best 5 Return Portfolio:
PETKM.IS : 0.2
ENKAI.IS : 0.2
SAHOL.IS : 0.2
SASA.IS : 0.2
KOZAL.IS : 0.19999999999999996

Best 10 Return Portfolio:
PETKM.IS : 0.1
ENKAI.IS : 0.1
SAHOL.IS : 0.1
SASA.IS : 0.1
KOZAL.IS : 0.1
SISE.IS : 0.1
YKBNK.IS : 0.1
ISCTR.IS : 0.1
KOZAA.IS : 0.1
KCHOL.IS : 0.09999999999999998
