Min Volatility Portfolio:
ALARK.IS : 0.0142611058855108
ARCLK.IS : 0.0705251023918268
BIMAS.IS : 0.1003207251250484
EKGYO.IS : 0.0162602484947527
EREGL.IS : 0.1392255228334024
GUBRF.IS : 0.0269690502360941
HEKTS.IS : 0.0562609477140817
KCHOL.IS : 0.0242883053382366
KOZAA.IS : 0.0706336680753312
KOZAL.IS : 0.1370070099859464
KRDMD.IS : 0.0508957631095753
SAHOL.IS : 0.0263362454677068
SASA.IS : 0.0119297119761111
SISE.IS : 0.031008312910894
TCELL.IS : 0.0647850383934316
THYAO.IS : 0.064686164758407
TOASO.IS : 0.0742556703323441
TUPRS.IS : 0.020351406971299

Min Daily Loss Portfolio:
EREGL.IS : 0.25000000046644005
FROTO.IS : 0.15652055580344448
KOZAA.IS : 0.15411070523612475
KOZAL.IS : 0.25000000047096427
KRDMD.IS : 0.18936873802302642

Max Sharpe Ratio Portfolio:
EREGL.IS : 0.16911441252121956
FROTO.IS : 0.2508739377364067
GUBRF.IS : 0.05444388839268681
KOZAA.IS : 0.22219527597646432
KOZAL.IS : 0.1928870984800827
KRDMD.IS : 0.04671276103603278
ODAS.IS : 0.03017166434405197
TOASO.IS : 0.03360096151305516

Best 5 Return Portfolio:
PETKM.IS : 0.2
KOZAA.IS : 0.2
EREGL.IS : 0.2
KRDMD.IS : 0.2
EKGYO.IS : 0.19999999999999996

Best 10 Return Portfolio:
PETKM.IS : 0.1
KOZAA.IS : 0.1
EREGL.IS : 0.1
KRDMD.IS : 0.1
EKGYO.IS : 0.1
ODAS.IS : 0.1
TOASO.IS : 0.1
KOZAL.IS : 0.1
FROTO.IS : 0.1
ASELS.IS : 0.09999999999999998
