Min Volatility Portfolio:
ARCLK.IS : 0.10673983285524591
BIMAS.IS : 0.024882904125799105
EKGYO.IS : 0.09887010739071321
ENKAI.IS : 0.12617530885009542
KCHOL.IS : 0.07444486219090111
KOZAA.IS : 0.03536066046302921
ODAS.IS : 0.19615338008742314
PGSUS.IS : 0.024524772303340905
SAHOL.IS : 0.08102146206282392
SISE.IS : 0.07732381843946841
TOASO.IS : 0.15450289123115982

Min Daily Loss Portfolio:
ENKAI.IS : 0.2516930703033741
KCHOL.IS : 0.2516930711171679
ODAS.IS : 0.2516930697346112
SAHOL.IS : 0.04905004016581619
TOASO.IS : 0.1958707486790307

Max Sharpe Ratio Portfolio:
ARCLK.IS : 0.030698745357376375
BIMAS.IS : 0.052921336896624364
EKGYO.IS : 0.06344677916015684
ENKAI.IS : 0.1256811421043053
KCHOL.IS : 0.2499992296185676
KOZAA.IS : 0.03743747438408051
ODAS.IS : 0.1933492015059375
SAHOL.IS : 0.03948536790392079
SISE.IS : 0.10217074126108025
TOASO.IS : 0.10480998180795044

Best 5 Return Portfolio:
KCHOL.IS : 0.2
BIMAS.IS : 0.2
SISE.IS : 0.2
TOASO.IS : 0.2
TAVHL.IS : 0.19999999999999996

Best 10 Return Portfolio:
KCHOL.IS : 0.1
BIMAS.IS : 0.1
SISE.IS : 0.1
TOASO.IS : 0.1
TAVHL.IS : 0.1
ENKAI.IS : 0.1
PETKM.IS : 0.1
AKBNK.IS : 0.1
SAHOL.IS : 0.1
PGSUS.IS : 0.09999999999999998
