Min Volatility Portfolio:
AKBNK.IS : 0.0430775120397298
ALARK.IS : 0.0358555081772246
ARCLK.IS : 0.0357303955933076
ASELS.IS : 0.0581722988618074
BIMAS.IS : 0.0323415222335781
EKGYO.IS : 0.0348194820239576
ENKAI.IS : 0.0292566291756399
EREGL.IS : 0.0310181456122698
FROTO.IS : 0.0238194795017367
GARAN.IS : 0.0369893895668021
HEKTS.IS : 0.0188332080138037
ISCTR.IS : 0.0422785826327653
KCHOL.IS : 0.0379198985078863
KOZAA.IS : 0.023386462301742
KOZAL.IS : 0.0197024596967875
KRDMD.IS : 0.0182899263777163
ODAS.IS : 0.0372887164039411
PETKM.IS : 0.0231726944408699
PGSUS.IS : 0.0655813391795165
SAHOL.IS : 0.0381941254067764
SASA.IS : 0.026048598351999
SISE.IS : 0.0283790219423596
TAVHL.IS : 0.0438157726433564
TCELL.IS : 0.0418415026401198
THYAO.IS : 0.0540438557435267
TOASO.IS : 0.034773756228003
TUPRS.IS : 0.0507379499644925
YKBNK.IS : 0.0346317667382845

Min Daily Loss Portfolio:
ASELS.IS : 0.14774994798985142
EKGYO.IS : 0.2500000037594662
GUBRF.IS : 0.06320168528566943
KOZAA.IS : 0.016237518732741086
PGSUS.IS : 0.24487814689478596
TOASO.IS : 0.2500000040407427
TUPRS.IS : 0.027932693296743274

Max Sharpe Ratio Portfolio:
AKBNK.IS : 0.018678197838624025
ASELS.IS : 0.12835678655394503
EKGYO.IS : 0.19948350219944783
GUBRF.IS : 0.12113348275422271
ISCTR.IS : 0.012301909166559682
PGSUS.IS : 0.11609453568798611
TAVHL.IS : 0.037809569071422924
THYAO.IS : 0.045458393065884464
TOASO.IS : 0.2540205550243722
TUPRS.IS : 0.06666306863753498

Best 5 Return Portfolio:
KRDMD.IS : 0.2
GUBRF.IS : 0.2
TOASO.IS : 0.2
EKGYO.IS : 0.2
FROTO.IS : 0.19999999999999996

Best 10 Return Portfolio:
KRDMD.IS : 0.1
GUBRF.IS : 0.1
TOASO.IS : 0.1
EKGYO.IS : 0.1
FROTO.IS : 0.1
EREGL.IS : 0.1
PGSUS.IS : 0.1
TUPRS.IS : 0.1
TAVHL.IS : 0.1
KOZAL.IS : 0.09999999999999998
