Min Volatility Portfolio:
AKBNK.IS : 0.02148607573787932
ALARK.IS : 0.05763906794581164
ARCLK.IS : 0.016836398322719843
ASELS.IS : 0.02631073289952498
BIMAS.IS : 0.04681830770906883
EKGYO.IS : 0.0724394875628051
GARAN.IS : 0.020198431287224882
GUBRF.IS : 0.10059704254612474
HEKTS.IS : 0.02824520073365337
ISCTR.IS : 0.035271633744001066
KOZAA.IS : 0.0457064283205191
KOZAL.IS : 0.07500851805591255
ODAS.IS : 0.018569486443993168
PETKM.IS : 0.03755848846217471
PGSUS.IS : 0.04717770291324559
SAHOL.IS : 0.022431937929799844
SASA.IS : 0.04756294427152545
SISE.IS : 0.07757090658158831
TCELL.IS : 0.0684519444220078
THYAO.IS : 0.09381665055340077
TUPRS.IS : 0.02599356198327435
YKBNK.IS : 0.014309051573744357

Min Daily Loss Portfolio:
ALARK.IS : 0.2384337005431325
KRDMD.IS : 0.21117903595980247
SISE.IS : 0.2500000027294025
TCELL.IS : 0.050387258702294234
THYAO.IS : 0.2500000020653682

Max Sharpe Ratio Portfolio:
ALARK.IS : 0.2504058729749525
BIMAS.IS : 0.025116300500459706
EKGYO.IS : 0.036705705859402034
GUBRF.IS : 0.07328994968058568
ISCTR.IS : 0.011270249339682722
KRDMD.IS : 0.2024128083850852
ODAS.IS : 0.014785025573035689
SISE.IS : 0.14803559272864544
TCELL.IS : 0.11344119528289887
THYAO.IS : 0.1245372996752522

Best 5 Return Portfolio:
FROTO.IS : 0.2
KRDMD.IS : 0.2
ALARK.IS : 0.2
HEKTS.IS : 0.2
TAVHL.IS : 0.19999999999999996

Best 10 Return Portfolio:
FROTO.IS : 0.1
KRDMD.IS : 0.1
ALARK.IS : 0.1
HEKTS.IS : 0.1
TAVHL.IS : 0.1
TOASO.IS : 0.1
SASA.IS : 0.1
EREGL.IS : 0.1
ARCLK.IS : 0.1
PGSUS.IS : 0.09999999999999998
