Min Volatility Portfolio:
AKBNK.IS : 0.046033517103997126
ALARK.IS : 0.02851398693999363
ARCLK.IS : 0.04242801805558935
ASELS.IS : 0.030227878968241542
EKGYO.IS : 0.03327393664090565
ENKAI.IS : 0.058870627507138916
EREGL.IS : 0.027816945802044142
FROTO.IS : 0.015068567079751388
GARAN.IS : 0.052471278969522125
ISCTR.IS : 0.033605886741846364
KCHOL.IS : 0.033485740595931214
KOZAA.IS : 0.04910236158484355
KOZAL.IS : 0.06995595955202466
KRDMD.IS : 0.02968318843598835
ODAS.IS : 0.03224177992632892
PETKM.IS : 0.04558420820417837
PGSUS.IS : 0.03520418551607568
SAHOL.IS : 0.025943897838189754
SASA.IS : 0.031068842572720107
SISE.IS : 0.021179414931339957
TAVHL.IS : 0.03213430517358196
TCELL.IS : 0.028486653365870692
THYAO.IS : 0.025357104041349745
TOASO.IS : 0.06747568704698585
TUPRS.IS : 0.04583678401201393
YKBNK.IS : 0.05894924339354712

Min Daily Loss Portfolio:
AKBNK.IS : 0.14767465502745947
ALARK.IS : 0.021365781431164098
GARAN.IS : 0.2500000022188553
GUBRF.IS : 0.21816864533334232
KOZAL.IS : 0.11279091397541008
YKBNK.IS : 0.2500000020137687

Max Sharpe Ratio Portfolio:
AKBNK.IS : 0.049125588065930204
ALARK.IS : 0.02537177239533179
ARCLK.IS : 0.029343987395533486
ASELS.IS : 0.025983055583944755
EKGYO.IS : 0.017341735703153678
ENKAI.IS : 0.04457020600818594
EREGL.IS : 0.019932273075334427
GARAN.IS : 0.25253343059129146
GUBRF.IS : 0.05113896582348712
HEKTS.IS : 0.028721075263150056
ISCTR.IS : 0.02316072326043471
KCHOL.IS : 0.019226511027007724
KOZAA.IS : 0.032036639405024575
KOZAL.IS : 0.04990836509219865
KRDMD.IS : 0.016897720597728014
ODAS.IS : 0.019664660745482752
PETKM.IS : 0.020520762196646856
PGSUS.IS : 0.021019735956641538
SAHOL.IS : 0.02095402774356553
SASA.IS : 0.025547693596628025
SISE.IS : 0.010479049461368647
TAVHL.IS : 0.020729761819893354
THYAO.IS : 0.03767917956123443
TOASO.IS : 0.03958661269316987
TUPRS.IS : 0.020452790469584935
YKBNK.IS : 0.07807367646804736

Best 5 Return Portfolio:
GUBRF.IS : 0.2
GARAN.IS : 0.2
HEKTS.IS : 0.2
AKBNK.IS : 0.2
YKBNK.IS : 0.19999999999999996

Best 10 Return Portfolio:
GUBRF.IS : 0.1
GARAN.IS : 0.1
HEKTS.IS : 0.1
AKBNK.IS : 0.1
YKBNK.IS : 0.1
THYAO.IS : 0.1
ALARK.IS : 0.1
SAHOL.IS : 0.1
KCHOL.IS : 0.1
SASA.IS : 0.09999999999999998
