Min Volatility Portfolio:
AKBNK.IS : 0.028393282048011503
ALARK.IS : 0.07054079647352701
ARCLK.IS : 0.042220262793196406
ASELS.IS : 0.028841633911643804
BIMAS.IS : 0.04282042020285331
EKGYO.IS : 0.03694614105628681
ENKAI.IS : 0.021989217611946905
EREGL.IS : 0.060585481891635304
FROTO.IS : 0.06748069814506522
GARAN.IS : 0.022024446754864202
ISCTR.IS : 0.07919110301706012
KCHOL.IS : 0.10138724335989702
KOZAL.IS : 0.06809381408959671
KRDMD.IS : 0.05685602663773911
ODAS.IS : 0.022234488819893202
SAHOL.IS : 0.04435398248630261
SASA.IS : 0.029097284165635902
SISE.IS : 0.05386415584729991
TAVHL.IS : 0.022212868604736202
TCELL.IS : 0.013257646099003102
TOASO.IS : 0.06452645918729921
YKBNK.IS : 0.023082546796506603

Min Daily Loss Portfolio:
GARAN.IS : 0.24999999819311816
KCHOL.IS : 0.22176143760423783
KOZAA.IS : 0.24999999787868116
SASA.IS : 0.2500000002189542
TUPRS.IS : 0.028238566105008626

Max Sharpe Ratio Portfolio:
KCHOL.IS : 0.5
SASA.IS : 0.5

Best 5 Return Portfolio:
SASA.IS : 0.2
KOZAA.IS : 0.2
KOZAL.IS : 0.2
ALARK.IS : 0.2
GUBRF.IS : 0.19999999999999996

Best 10 Return Portfolio:
SASA.IS : 0.1
KOZAA.IS : 0.1
KOZAL.IS : 0.1
ALARK.IS : 0.1
GUBRF.IS : 0.1
KCHOL.IS : 0.1
TUPRS.IS : 0.1
TAVHL.IS : 0.1
EREGL.IS : 0.1
EKGYO.IS : 0.09999999999999998
