Min Volatility Portfolio:
AKBNK.IS : 0.03717820896765797
ALARK.IS : 0.05999901641860584
ASELS.IS : 0.060331957580377474
BIMAS.IS : 0.15485669535568156
ENKAI.IS : 0.06377860108011474
GARAN.IS : 0.05478403472024983
HEKTS.IS : 0.038045307675771724
ISCTR.IS : 0.02181440011986859
KCHOL.IS : 0.06672564846483159
KOZAA.IS : 0.09267039733735663
KOZAL.IS : 0.04554035938661557
SAHOL.IS : 0.015629802754648894
SISE.IS : 0.047668443649811945
TAVHL.IS : 0.05854956284474069
TCELL.IS : 0.07438880163938721
TUPRS.IS : 0.04815097502756594
YKBNK.IS : 0.05988778697671393

Min Daily Loss Portfolio:
BIMAS.IS : 0.2500000007095785
KOZAA.IS : 0.2500000005425257
KRDMD.IS : 0.08529793367277717
SISE.IS : 0.2500000001104157
TAVHL.IS : 0.07306491815059386
TUPRS.IS : 0.09163714681410916

Max Sharpe Ratio Portfolio:
AKBNK.IS : 0.066995349078964
BIMAS.IS : 0.14239830703065323
ENKAI.IS : 0.24999980052754409
EREGL.IS : 0.01092762246768246
GARAN.IS : 0.061151052003902674
HEKTS.IS : 0.23369379313106994
ISCTR.IS : 0.020012214514036397
KOZAA.IS : 0.02038074434674468
SAHOL.IS : 0.022902979906564987
TAVHL.IS : 0.05659804347018585
TUPRS.IS : 0.03362828749601826
YKBNK.IS : 0.08131180602663336

Best 5 Return Portfolio:
ENKAI.IS : 0.2
SASA.IS : 0.2
HEKTS.IS : 0.2
ARCLK.IS : 0.2
EREGL.IS : 0.19999999999999996

Best 10 Return Portfolio:
ENKAI.IS : 0.1
SASA.IS : 0.1
HEKTS.IS : 0.1
ARCLK.IS : 0.1
EREGL.IS : 0.1
BIMAS.IS : 0.1
KOZAL.IS : 0.1
EKGYO.IS : 0.1
KOZAA.IS : 0.1
SISE.IS : 0.09999999999999998
