Min Volatility Portfolio:
AKBNK.IS : 0.08705630317532327
ALARK.IS : 0.04133542831352594
ARCLK.IS : 0.0991622495901819
BIMAS.IS : 0.01186205989715012
EKGYO.IS : 0.034445529137644156
ENKAI.IS : 0.07643195911272287
FROTO.IS : 0.05638761837060885
GARAN.IS : 0.07139121855123631
GUBRF.IS : 0.03882176014273515
ISCTR.IS : 0.04653849008004368
KRDMD.IS : 0.01127799843453017
ODAS.IS : 0.08270860998556741
PGSUS.IS : 0.013272944238138748
SAHOL.IS : 0.045107614205036776
SASA.IS : 0.05709747178765005
SISE.IS : 0.05328941441461719
TUPRS.IS : 0.13905825220918155
YKBNK.IS : 0.03475507835410588

Min Daily Loss Portfolio:
AKBNK.IS : 0.25000000015717677
ARCLK.IS : 0.24999999976273884
PGSUS.IS : 0.12799501639377667
TAVHL.IS : 0.06891482794919034
THYAO.IS : 0.05309015553720902
TUPRS.IS : 0.25000000019990837

Max Sharpe Ratio Portfolio:
AKBNK.IS : 0.05008079095525053
ARCLK.IS : 0.06191752813525717
FROTO.IS : 0.13791576951023732
GARAN.IS : 0.07702849188945503
KRDMD.IS : 0.015882329493354413
ODAS.IS : 0.03024933819289898
PGSUS.IS : 0.05816405941231245
SAHOL.IS : 0.04126188000222075
SASA.IS : 0.0382051953003205
SISE.IS : 0.03567382099488555
THYAO.IS : 0.24862475359623915
TUPRS.IS : 0.20499604251756814

Best 5 Return Portfolio:
THYAO.IS : 0.2
PGSUS.IS : 0.2
TAVHL.IS : 0.2
SAHOL.IS : 0.2
YKBNK.IS : 0.19999999999999996

Best 10 Return Portfolio:
THYAO.IS : 0.1
PGSUS.IS : 0.1
TAVHL.IS : 0.1
SAHOL.IS : 0.1
YKBNK.IS : 0.1
ISCTR.IS : 0.1
TCELL.IS : 0.1
ALARK.IS : 0.1
KCHOL.IS : 0.1
GARAN.IS : 0.09999999999999998
