Min Volatility Portfolio:
AKBNK.IS : 0.053830404461100934
ALARK.IS : 0.01786918248863242
ARCLK.IS : 0.023587403380710508
ASELS.IS : 0.05702345332691144
BIMAS.IS : 0.07363395586185303
EKGYO.IS : 0.017939446042204897
EREGL.IS : 0.020638962198689274
FROTO.IS : 0.12217502969268947
GARAN.IS : 0.010373526307903383
ISCTR.IS : 0.0631805224721225
KOZAA.IS : 0.03770694798339167
KOZAL.IS : 0.08726521158254724
KRDMD.IS : 0.016069694980180942
ODAS.IS : 0.0430562374095652
PETKM.IS : 0.05026463875408321
SAHOL.IS : 0.02714909486031086
SISE.IS : 0.04212181823946086
TCELL.IS : 0.0365185406807964
TOASO.IS : 0.08282962563571722
TUPRS.IS : 0.09924939688649183
YKBNK.IS : 0.01751690675463665

Min Daily Loss Portfolio:
BIMAS.IS : 0.25000000371029746
EREGL.IS : 0.09983055233541074
FROTO.IS : 0.2500000030316999
KRDMD.IS : 0.23198935051331968
TOASO.IS : 0.1681800904092722

Max Sharpe Ratio Portfolio:
BIMAS.IS : 0.058655523045483555
FROTO.IS : 0.24999183016980517
KOZAL.IS : 0.0741115228319377
SASA.IS : 0.2381280385794557
TOASO.IS : 0.2144643027363259
TUPRS.IS : 0.16464878263699184

Best 5 Return Portfolio:
SASA.IS : 0.2
FROTO.IS : 0.2
HEKTS.IS : 0.2
EREGL.IS : 0.2
BIMAS.IS : 0.19999999999999996

Best 10 Return Portfolio:
SASA.IS : 0.1
FROTO.IS : 0.1
HEKTS.IS : 0.1
EREGL.IS : 0.1
BIMAS.IS : 0.1
ENKAI.IS : 0.1
KRDMD.IS : 0.1
TCELL.IS : 0.1
ARCLK.IS : 0.1
PETKM.IS : 0.09999999999999998
