Min Volatility Portfolio:
ALARK.IS : 0.042234859188455265
BIMAS.IS : 0.06197737296984738
EKGYO.IS : 0.04671791132988545
ENKAI.IS : 0.06586346579448717
FROTO.IS : 0.011240700745751588
GARAN.IS : 0.04303247071534408
GUBRF.IS : 0.09584519910085905
HEKTS.IS : 0.03653384923578101
KOZAA.IS : 0.043020376075524565
KOZAL.IS : 0.06537779893222553
KRDMD.IS : 0.07771077245484513
ODAS.IS : 0.03867956608023431
PETKM.IS : 0.0726442517349658
PGSUS.IS : 0.08827039106408176
SISE.IS : 0.02800669047160975
TAVHL.IS : 0.017093930617081636
THYAO.IS : 0.08651985213411051
TOASO.IS : 0.042854933487537814
TUPRS.IS : 0.03637560786737221

Min Daily Loss Portfolio:
HEKTS.IS : 0.1806276428631777
KRDMD.IS : 0.2500000005927597
PETKM.IS : 0.17723563640652326
SISE.IS : 0.05193233536657064
THYAO.IS : 0.09020438372519352
TUPRS.IS : 0.2500000010457752

Max Sharpe Ratio Portfolio:
AKBNK.IS : 0.03448275862068966
ALARK.IS : 0.03448275862068966
ARCLK.IS : 0.03448275862068966
ASELS.IS : 0.03448275862068966
BIMAS.IS : 0.03448275862068966
EKGYO.IS : 0.03448275862068966
ENKAI.IS : 0.03448275862068966
EREGL.IS : 0.03448275862068966
FROTO.IS : 0.03448275862068966
GARAN.IS : 0.03448275862068966
GUBRF.IS : 0.03448275862068966
HEKTS.IS : 0.03448275862068966
ISCTR.IS : 0.03448275862068966
KCHOL.IS : 0.03448275862068966
KOZAA.IS : 0.03448275862068966
KOZAL.IS : 0.03448275862068966
KRDMD.IS : 0.03448275862068966
ODAS.IS : 0.03448275862068966
PETKM.IS : 0.03448275862068966
PGSUS.IS : 0.03448275862068966
SAHOL.IS : 0.03448275862068966
SASA.IS : 0.03448275862068966
SISE.IS : 0.03448275862068966
TAVHL.IS : 0.03448275862068966
TCELL.IS : 0.03448275862068966
THYAO.IS : 0.03448275862068966
TOASO.IS : 0.03448275862068966
TUPRS.IS : 0.03448275862068966
YKBNK.IS : 0.03448275862068966

Best 5 Return Portfolio:
KRDMD.IS : 0.2
TAVHL.IS : 0.2
THYAO.IS : 0.2
SISE.IS : 0.2
TUPRS.IS : 0.19999999999999996

Best 10 Return Portfolio:
KRDMD.IS : 0.1
TAVHL.IS : 0.1
THYAO.IS : 0.1
SISE.IS : 0.1
TUPRS.IS : 0.1
PETKM.IS : 0.1
EREGL.IS : 0.1
ASELS.IS : 0.1
ISCTR.IS : 0.1
HEKTS.IS : 0.09999999999999998
