Min Volatility Portfolio:
AKBNK.IS : 0.037714010760479894
ALARK.IS : 0.035467860795102994
ARCLK.IS : 0.035442568130905794
ASELS.IS : 0.03401752929304929
BIMAS.IS : 0.03318694490597459
EKGYO.IS : 0.03355368547039679
ENKAI.IS : 0.04587875231328449
EREGL.IS : 0.028755367890727794
FROTO.IS : 0.02792549782771339
GARAN.IS : 0.03691735624019309
GUBRF.IS : 0.038477558119443894
HEKTS.IS : 0.031640809521664495
ISCTR.IS : 0.03564822047664299
KCHOL.IS : 0.03146085172014979
KOZAA.IS : 0.03254691968761549
KOZAL.IS : 0.032614406490065195
KRDMD.IS : 0.026493590006315893
ODAS.IS : 0.037978771564653194
PETKM.IS : 0.036589334509699194
PGSUS.IS : 0.037540740437146794
SAHOL.IS : 0.032189928342030695
SASA.IS : 0.031671548213319994
SISE.IS : 0.032778410785946094
TAVHL.IS : 0.03883210056691729
TCELL.IS : 0.035873379010384995
THYAO.IS : 0.03841605890280219
TOASO.IS : 0.032125022725895194
TUPRS.IS : 0.030083440812513594
YKBNK.IS : 0.038179334478964794

Min Daily Loss Portfolio:
ALARK.IS : 0.16238452050696162
ENKAI.IS : 0.1935490506461767
KOZAA.IS : 0.2500000010191306
SAHOL.IS : 0.07644119394082502
SISE.IS : 0.06762523373698268
TUPRS.IS : 0.2500000001499234

Max Sharpe Ratio Portfolio:
AKBNK.IS : 0.01098543674823896
ALARK.IS : 0.09100653706312069
ARCLK.IS : 0.012348088059732238
ASELS.IS : 0.03141961117570248
BIMAS.IS : 0.019332172339221642
EKGYO.IS : 0.020459572449422533
ENKAI.IS : 0.06828145949967493
EREGL.IS : 0.02960816377792205
GARAN.IS : 0.010487818022638937
GUBRF.IS : 0.03907311792708542
HEKTS.IS : 0.024227859798523144
ISCTR.IS : 0.014438555801348075
KCHOL.IS : 0.01790293707617977
KOZAA.IS : 0.25437552219444703
ODAS.IS : 0.04530934474277167
PETKM.IS : 0.04799591877061447
PGSUS.IS : 0.03707687412903948
SAHOL.IS : 0.03282739637373332
SASA.IS : 0.041058948411858566
TAVHL.IS : 0.03432436178004292
TCELL.IS : 0.027677614284045388
THYAO.IS : 0.020921395852722475
TOASO.IS : 0.018141841500643317
TUPRS.IS : 0.039114924332347714
YKBNK.IS : 0.01160452788892285

Best 5 Return Portfolio:
KOZAA.IS : 0.2
ENKAI.IS : 0.2
ALARK.IS : 0.2
EKGYO.IS : 0.2
GUBRF.IS : 0.19999999999999996

Best 10 Return Portfolio:
KOZAA.IS : 0.1
ENKAI.IS : 0.1
ALARK.IS : 0.1
EKGYO.IS : 0.1
GUBRF.IS : 0.1
GARAN.IS : 0.1
SISE.IS : 0.1
TUPRS.IS : 0.1
TCELL.IS : 0.1
ASELS.IS : 0.09999999999999998
