Min Volatility Portfolio:
ALARK.IS : 0.023190472705083336
ARCLK.IS : 0.023577118696596205
BIMAS.IS : 0.06784128923346583
EKGYO.IS : 0.0704422432359454
ENKAI.IS : 0.12615099302639782
EREGL.IS : 0.025824141952389645
FROTO.IS : 0.020835300094770987
GARAN.IS : 0.01244805027289616
HEKTS.IS : 0.04713089187129169
ISCTR.IS : 0.08359103810154306
KOZAA.IS : 0.03882999097801698
KOZAL.IS : 0.040273112161224395
ODAS.IS : 0.08898884062074885
SASA.IS : 0.05270316135849367
TCELL.IS : 0.125200963445032
TOASO.IS : 0.09530182135293215
TUPRS.IS : 0.03381764832951969
YKBNK.IS : 0.023852922563652144

Min Daily Loss Portfolio:
ENKAI.IS : 0.09770382677958199
HEKTS.IS : 0.04844902406535234
ISCTR.IS : 0.24999999436428189
KOZAA.IS : 0.10384715446887287
ODAS.IS : 0.2500000002328927
TCELL.IS : 0.2500000000890182

Max Sharpe Ratio Portfolio:
ALARK.IS : 0.10308495901657833
BIMAS.IS : 0.02742247242106828
ENKAI.IS : 0.1500248874297127
HEKTS.IS : 0.0670064323638909
ISCTR.IS : 0.09265132745297758
KOZAA.IS : 0.24999996499724944
ODAS.IS : 0.13172573428401713
TCELL.IS : 0.06647191530614371
TOASO.IS : 0.04112128138653391
TUPRS.IS : 0.03989420521053747
YKBNK.IS : 0.03059682013129038

Best 5 Return Portfolio:
KOZAA.IS : 0.2
ODAS.IS : 0.2
HEKTS.IS : 0.2
ENKAI.IS : 0.2
BIMAS.IS : 0.19999999999999996

Best 10 Return Portfolio:
KOZAA.IS : 0.1
ODAS.IS : 0.1
HEKTS.IS : 0.1
ENKAI.IS : 0.1
BIMAS.IS : 0.1
ISCTR.IS : 0.1
AKBNK.IS : 0.1
SAHOL.IS : 0.1
SISE.IS : 0.1
YKBNK.IS : 0.09999999999999998
