Min Volatility Portfolio:
ALARK.IS : 0.08687150878747937
ASELS.IS : 0.02314008393079922
BIMAS.IS : 0.07952636976082265
EKGYO.IS : 0.0168377766649317
ENKAI.IS : 0.037503276947818874
EREGL.IS : 0.033394648377726904
FROTO.IS : 0.05456197935390784
HEKTS.IS : 0.033492085333611504
KOZAA.IS : 0.056432466914590196
KOZAL.IS : 0.07926539643081472
KRDMD.IS : 0.029060298570826298
ODAS.IS : 0.04161925198859898
PETKM.IS : 0.05647373065333269
PGSUS.IS : 0.03774185788889333
SASA.IS : 0.03273956514894851
SISE.IS : 0.016531262913841892
TAVHL.IS : 0.02759340881790388
TCELL.IS : 0.07124226149274697
THYAO.IS : 0.06619463136649459
TOASO.IS : 0.09510035358438305
TUPRS.IS : 0.02467778507152688

Min Daily Loss Portfolio:
ALARK.IS : 0.19096211145882416
FROTO.IS : 0.02180033264278097
KOZAL.IS : 0.2500000004810367
THYAO.IS : 0.10023994615075574
TOASO.IS : 0.25000000041534953
YKBNK.IS : 0.18699760885125297

Max Sharpe Ratio Portfolio:
ALARK.IS : 0.08196223712471544
BIMAS.IS : 0.04235345188072595
FROTO.IS : 0.017488019278237853
KOZAA.IS : 0.06406472104937842
KOZAL.IS : 0.18790819687307797
ODAS.IS : 0.01991516498538215
PGSUS.IS : 0.034043494286134166
TCELL.IS : 0.06606863335732037
THYAO.IS : 0.07236408036160528
TOASO.IS : 0.16371491184145087
YKBNK.IS : 0.25011708896197155

Best 5 Return Portfolio:
KOZAL.IS : 0.2
YKBNK.IS : 0.2
TOASO.IS : 0.2
FROTO.IS : 0.2
ARCLK.IS : 0.19999999999999996

Best 10 Return Portfolio:
KOZAL.IS : 0.1
YKBNK.IS : 0.1
TOASO.IS : 0.1
FROTO.IS : 0.1
ARCLK.IS : 0.1
AKBNK.IS : 0.1
GUBRF.IS : 0.1
EKGYO.IS : 0.1
ASELS.IS : 0.1
PETKM.IS : 0.09999999999999998
