Min Volatility Portfolio:
AKBNK.IS : 0.014391836236592953
ALARK.IS : 0.04260890964567314
ARCLK.IS : 0.04613316346136311
BIMAS.IS : 0.03509455670639184
ENKAI.IS : 0.029491624353369512
EREGL.IS : 0.04251321213570288
FROTO.IS : 0.06568725490137382
GUBRF.IS : 0.050371449932648665
HEKTS.IS : 0.06900701562191829
ISCTR.IS : 0.017130202954438654
KOZAA.IS : 0.04099784654993515
KOZAL.IS : 0.02495281988148198
KRDMD.IS : 0.059682551353528186
ODAS.IS : 0.046434957016677006
PETKM.IS : 0.07660371931001085
PGSUS.IS : 0.038022929757446915
SASA.IS : 0.014263179979591402
SISE.IS : 0.0408510878253084
TAVHL.IS : 0.07070908086706278
TCELL.IS : 0.04424342088337568
THYAO.IS : 0.08375600539139427
TOASO.IS : 0.029833371149923835
TUPRS.IS : 0.017219804084790777

Min Daily Loss Portfolio:
AKBNK.IS : 0.097647008449268
EKGYO.IS : 0.20228230569766945
HEKTS.IS : 0.1559309251273739
ODAS.IS : 0.25000000374211845
THYAO.IS : 0.044139756466584
YKBNK.IS : 0.2500000005169861

Max Sharpe Ratio Portfolio:
AKBNK.IS : 0.03448275862068966
ALARK.IS : 0.03448275862068966
ARCLK.IS : 0.03448275862068966
ASELS.IS : 0.03448275862068966
BIMAS.IS : 0.03448275862068966
EKGYO.IS : 0.03448275862068966
ENKAI.IS : 0.03448275862068966
EREGL.IS : 0.03448275862068966
FROTO.IS : 0.03448275862068966
GARAN.IS : 0.03448275862068966
GUBRF.IS : 0.03448275862068966
HEKTS.IS : 0.03448275862068966
ISCTR.IS : 0.03448275862068966
KCHOL.IS : 0.03448275862068966
KOZAA.IS : 0.03448275862068966
KOZAL.IS : 0.03448275862068966
KRDMD.IS : 0.03448275862068966
ODAS.IS : 0.03448275862068966
PETKM.IS : 0.03448275862068966
PGSUS.IS : 0.03448275862068966
SAHOL.IS : 0.03448275862068966
SASA.IS : 0.03448275862068966
SISE.IS : 0.03448275862068966
TAVHL.IS : 0.03448275862068966
TCELL.IS : 0.03448275862068966
THYAO.IS : 0.03448275862068966
TOASO.IS : 0.03448275862068966
TUPRS.IS : 0.03448275862068966
YKBNK.IS : 0.03448275862068966

Best 5 Return Portfolio:
ODAS.IS : 0.2
AKBNK.IS : 0.2
YKBNK.IS : 0.2
HEKTS.IS : 0.2
ISCTR.IS : 0.19999999999999996

Best 10 Return Portfolio:
ODAS.IS : 0.1
AKBNK.IS : 0.1
YKBNK.IS : 0.1
HEKTS.IS : 0.1
ISCTR.IS : 0.1
SAHOL.IS : 0.1
EKGYO.IS : 0.1
ALARK.IS : 0.1
ASELS.IS : 0.1
GARAN.IS : 0.09999999999999998
