Min Volatility Portfolio:
ALARK.IS : 0.27088959089748077
EKGYO.IS : 0.27073836641606586
GUBRF.IS : 0.1555065782890608
ODAS.IS : 0.2769492828579923
TAVHL.IS : 0.01180214186373934
TUPRS.IS : 0.014114039675660906

Min Daily Loss Portfolio:
ALARK.IS : 0.2500000001479902
EKGYO.IS : 0.23649541278343295
EREGL.IS : 0.01350458699375499
GARAN.IS : 0.24999999991176455
ODAS.IS : 0.25000000016305735

Max Sharpe Ratio Portfolio:
AKBNK.IS : 0.03448275862068966
ALARK.IS : 0.03448275862068966
ARCLK.IS : 0.03448275862068966
ASELS.IS : 0.03448275862068966
BIMAS.IS : 0.03448275862068966
EKGYO.IS : 0.03448275862068966
ENKAI.IS : 0.03448275862068966
EREGL.IS : 0.03448275862068966
FROTO.IS : 0.03448275862068966
GARAN.IS : 0.03448275862068966
GUBRF.IS : 0.03448275862068966
HEKTS.IS : 0.03448275862068966
ISCTR.IS : 0.03448275862068966
KCHOL.IS : 0.03448275862068966
KOZAA.IS : 0.03448275862068966
KOZAL.IS : 0.03448275862068966
KRDMD.IS : 0.03448275862068966
ODAS.IS : 0.03448275862068966
PETKM.IS : 0.03448275862068966
PGSUS.IS : 0.03448275862068966
SAHOL.IS : 0.03448275862068966
SASA.IS : 0.03448275862068966
SISE.IS : 0.03448275862068966
TAVHL.IS : 0.03448275862068966
TCELL.IS : 0.03448275862068966
THYAO.IS : 0.03448275862068966
TOASO.IS : 0.03448275862068966
TUPRS.IS : 0.03448275862068966
YKBNK.IS : 0.03448275862068966

Best 5 Return Portfolio:
ODAS.IS : 0.2
ALARK.IS : 0.2
GARAN.IS : 0.2
EKGYO.IS : 0.2
ISCTR.IS : 0.19999999999999996

Best 10 Return Portfolio:
ODAS.IS : 0.1
ALARK.IS : 0.1
GARAN.IS : 0.1
EKGYO.IS : 0.1
ISCTR.IS : 0.1
YKBNK.IS : 0.1
EREGL.IS : 0.1
ENKAI.IS : 0.1
AKBNK.IS : 0.1
PETKM.IS : 0.09999999999999998
