Min Volatility Portfolio:
AKBNK.IS : 0.03839516670838166
ALARK.IS : 0.04182693643972952
ARCLK.IS : 0.035935259755235406
ASELS.IS : 0.03693476866343592
EKGYO.IS : 0.03757279041217868
ENKAI.IS : 0.04843846397009327
EREGL.IS : 0.0342597822900915
FROTO.IS : 0.030839692227465184
GARAN.IS : 0.01606962333092615
GUBRF.IS : 0.026767884261226928
HEKTS.IS : 0.04295754363711553
KCHOL.IS : 0.03195670402990872
KOZAA.IS : 0.06295853210125948
KOZAL.IS : 0.05871698929293852
KRDMD.IS : 0.03613071816995251
ODAS.IS : 0.05439206836142098
PETKM.IS : 0.03737188890093376
PGSUS.IS : 0.045120367761167644
SAHOL.IS : 0.022502100888306363
SASA.IS : 0.021381308705918457
SISE.IS : 0.027738793544362386
TAVHL.IS : 0.03822702297375679
TCELL.IS : 0.027894428411194876
THYAO.IS : 0.0302681166082753
TOASO.IS : 0.04188266276556948
TUPRS.IS : 0.04539290247257186
YKBNK.IS : 0.028067483316582955

Min Daily Loss Portfolio:
AKBNK.IS : 0.24999999999139957
ENKAI.IS : 0.2500000000253218
GARAN.IS : 0.11563133990172651
GUBRF.IS : 0.16364445269905079
ODAS.IS : 0.13144005982911255
TUPRS.IS : 0.0892841475533889

Max Sharpe Ratio Portfolio:
AKBNK.IS : 0.027575589012347183
ALARK.IS : 0.05521661859106666
ASELS.IS : 0.022357071805341716
EKGYO.IS : 0.020765585462428987
ENKAI.IS : 0.07486704819730096
FROTO.IS : 0.034159750798228895
GARAN.IS : 0.25239529518267156
GUBRF.IS : 0.09306322558033998
HEKTS.IS : 0.07765948624966276
KOZAA.IS : 0.08860550675109018
KOZAL.IS : 0.06298434583971986
ODAS.IS : 0.044771680549286964
PETKM.IS : 0.06158473281129926
TOASO.IS : 0.05832903724612305
TUPRS.IS : 0.02566502592309207

Best 5 Return Portfolio:
GARAN.IS : 0.2
BIMAS.IS : 0.2
ODAS.IS : 0.2
GUBRF.IS : 0.2
THYAO.IS : 0.19999999999999996

Best 10 Return Portfolio:
GARAN.IS : 0.1
BIMAS.IS : 0.1
ODAS.IS : 0.1
GUBRF.IS : 0.1
THYAO.IS : 0.1
AKBNK.IS : 0.1
ENKAI.IS : 0.1
PETKM.IS : 0.1
TUPRS.IS : 0.1
SAHOL.IS : 0.09999999999999998
