Min Volatility Portfolio:
AKBNK.IS : 0.02118352933498989
ALARK.IS : 0.09475405833485524
ARCLK.IS : 0.03909001055136876
ASELS.IS : 0.04375131265007748
EKGYO.IS : 0.049440274448429744
ENKAI.IS : 0.05707658896507955
EREGL.IS : 0.02764081314514627
FROTO.IS : 0.05540364791750362
GARAN.IS : 0.023423702319661666
GUBRF.IS : 0.06553179092634015
HEKTS.IS : 0.022012023148591294
KCHOL.IS : 0.014267721651107533
KOZAA.IS : 0.02379613024091898
ODAS.IS : 0.05453653074032038
PETKM.IS : 0.03769276830818874
PGSUS.IS : 0.053711136680622815
SISE.IS : 0.06438475092764831
TAVHL.IS : 0.06994724824317311
THYAO.IS : 0.07991839453657522
TOASO.IS : 0.047855821898228706
TUPRS.IS : 0.043603546130743166
YKBNK.IS : 0.010978198900429354

Min Daily Loss Portfolio:
ALARK.IS : 0.2500000000246734
ENKAI.IS : 0.24210212425845
GUBRF.IS : 0.09271123805920935
KOZAA.IS : 0.09321661078482216
PGSUS.IS : 0.07197002683507807
THYAO.IS : 0.25000000003776707

Max Sharpe Ratio Portfolio:
AKBNK.IS : 0.02252924480062299
ALARK.IS : 0.1025293473441416
ARCLK.IS : 0.021388243226104477
ASELS.IS : 0.02068359616474826
EKGYO.IS : 0.023570974946782734
ENKAI.IS : 0.068785190866929
EREGL.IS : 0.014220802797440722
FROTO.IS : 0.058980983518996305
GARAN.IS : 0.013797920783354184
GUBRF.IS : 0.0498112167654101
KOZAA.IS : 0.031712158000435475
KOZAL.IS : 0.01557810898008242
ODAS.IS : 0.05112981255055197
PGSUS.IS : 0.05408931405492829
SISE.IS : 0.0444842979238722
TAVHL.IS : 0.050907686327299036
THYAO.IS : 0.24559518830220262
TOASO.IS : 0.05488023351483089
TUPRS.IS : 0.037531015977201855
YKBNK.IS : 0.017794663154064833

Best 5 Return Portfolio:
THYAO.IS : 0.2
GUBRF.IS : 0.2
PGSUS.IS : 0.2
KRDMD.IS : 0.2
ENKAI.IS : 0.19999999999999996

Best 10 Return Portfolio:
THYAO.IS : 0.1
GUBRF.IS : 0.1
PGSUS.IS : 0.1
KRDMD.IS : 0.1
ENKAI.IS : 0.1
KOZAL.IS : 0.1
KOZAA.IS : 0.1
HEKTS.IS : 0.1
EKGYO.IS : 0.1
PETKM.IS : 0.09999999999999998
