Min Volatility Portfolio:
AKBNK.IS : 0.025382326744507386
ALARK.IS : 0.03541445787204969
ARCLK.IS : 0.05669419687484969
ASELS.IS : 0.0667915181623631
BIMAS.IS : 0.018752148267936385
EKGYO.IS : 0.04910159444499797
ENKAI.IS : 0.023040445682874017
EREGL.IS : 0.05904235015798698
FROTO.IS : 0.047273108954721775
GARAN.IS : 0.036049374756231094
HEKTS.IS : 0.05091727842862076
ISCTR.IS : 0.03384060063322378
KCHOL.IS : 0.031227932996547147
KOZAL.IS : 0.021376122652325562
KRDMD.IS : 0.05947492136118325
ODAS.IS : 0.048333082932310194
PETKM.IS : 0.09155865938574059
PGSUS.IS : 0.013991803082388272
SISE.IS : 0.04107682135313939
TAVHL.IS : 0.061047820384700684
TCELL.IS : 0.06180892825952453
THYAO.IS : 0.03899499693413141
YKBNK.IS : 0.028809509677646183

Min Daily Loss Portfolio:
ASELS.IS : 0.2473335062050864
ODAS.IS : 0.25213101421013756
PETKM.IS : 0.07927305622199964
SASA.IS : 0.06651943303860998
SISE.IS : 0.10261197276348809
TCELL.IS : 0.25213101756067835

Max Sharpe Ratio Portfolio:
ARCLK.IS : 0.04865456854640681
ASELS.IS : 0.12691622861047958
EKGYO.IS : 0.03992101488812492
ENKAI.IS : 0.039544302663087866
EREGL.IS : 0.059594184947351504
FROTO.IS : 0.04493813108067459
GARAN.IS : 0.022785438187257846
ISCTR.IS : 0.010586411818135666
KOZAL.IS : 0.03944127730066697
KRDMD.IS : 0.06002927111797638
PETKM.IS : 0.06454099601841883
SASA.IS : 0.24831550634697627
SISE.IS : 0.037804725040116255
TAVHL.IS : 0.03396318931958902
TCELL.IS : 0.11182606894609345
THYAO.IS : 0.011138685168643928

Best 5 Return Portfolio:
SASA.IS : 0.2
THYAO.IS : 0.2
TUPRS.IS : 0.2
ODAS.IS : 0.2
SISE.IS : 0.19999999999999996

Best 10 Return Portfolio:
SASA.IS : 0.1
THYAO.IS : 0.1
TUPRS.IS : 0.1
ODAS.IS : 0.1
SISE.IS : 0.1
TCELL.IS : 0.1
PETKM.IS : 0.1
KCHOL.IS : 0.1
YKBNK.IS : 0.1
AKBNK.IS : 0.09999999999999998
