Min Volatility Portfolio:
ARCLK.IS : 0.15235442139743882
ASELS.IS : 0.08851164997501718
EREGL.IS : 0.013203251748385056
FROTO.IS : 0.06285007368657114
GUBRF.IS : 0.14577383657012785
HEKTS.IS : 0.17959002417234668
ODAS.IS : 0.19482453644967354
SASA.IS : 0.0934379644372522
SISE.IS : 0.0193033842759816
TOASO.IS : 0.05015085728720597

Min Daily Loss Portfolio:
AKBNK.IS : 0.03703481201888185
ASELS.IS : 0.24096995209624852
HEKTS.IS : 0.22199523523987302
ODAS.IS : 0.25000000076606443
YKBNK.IS : 0.2499999998789322

Max Sharpe Ratio Portfolio:
ARCLK.IS : 0.11635913199121092
ASELS.IS : 0.04343627677089766
GUBRF.IS : 0.11126458493704171
HEKTS.IS : 0.1924304869624099
ODAS.IS : 0.250074173594938
SASA.IS : 0.05248971079030596
THYAO.IS : 0.04526208935023531
TOASO.IS : 0.03496199655673533
YKBNK.IS : 0.15372154904622518

Best 5 Return Portfolio:
ODAS.IS : 0.2
SASA.IS : 0.2
GARAN.IS : 0.2
HEKTS.IS : 0.2
YKBNK.IS : 0.19999999999999996

Best 10 Return Portfolio:
ODAS.IS : 0.1
SASA.IS : 0.1
GARAN.IS : 0.1
HEKTS.IS : 0.1
YKBNK.IS : 0.1
AKBNK.IS : 0.1
THYAO.IS : 0.1
EKGYO.IS : 0.1
ASELS.IS : 0.1
ISCTR.IS : 0.09999999999999998
