Min Volatility Portfolio:
AKBNK.IS : 0.04046058954614705
ALARK.IS : 0.055483128515976185
FROTO.IS : 0.04065257427966154
GARAN.IS : 0.10787141148684228
HEKTS.IS : 0.08211000752919335
ISCTR.IS : 0.02577468175178267
KOZAL.IS : 0.05207629247712604
ODAS.IS : 0.10422741858778732
PGSUS.IS : 0.20491761028142894
SAHOL.IS : 0.04360043753894583
SASA.IS : 0.039378267565429406
SISE.IS : 0.0675282318236508
TAVHL.IS : 0.028989078055789305
TCELL.IS : 0.03697995002962679
TUPRS.IS : 0.06995032053061236

Min Daily Loss Portfolio:
AKBNK.IS : 0.016116601037054208
GARAN.IS : 0.2500000009795416
ODAS.IS : 0.24750563272508733
PGSUS.IS : 0.2363777654416815
TUPRS.IS : 0.24999999981663532

Max Sharpe Ratio Portfolio:
AKBNK.IS : 0.023902278701981305
ARCLK.IS : 0.0210078873389519
GARAN.IS : 0.25168150275161844
ISCTR.IS : 0.01336407478583248
KOZAL.IS : 0.044808835607702414
ODAS.IS : 0.14798689272841292
PGSUS.IS : 0.25168150280231577
THYAO.IS : 0.1819683250727655
TUPRS.IS : 0.06359870021041922

Best 5 Return Portfolio:
GARAN.IS : 0.2
ODAS.IS : 0.2
PGSUS.IS : 0.2
ARCLK.IS : 0.2
THYAO.IS : 0.19999999999999996

Best 10 Return Portfolio:
GARAN.IS : 0.1
ODAS.IS : 0.1
PGSUS.IS : 0.1
ARCLK.IS : 0.1
THYAO.IS : 0.1
SISE.IS : 0.1
BIMAS.IS : 0.1
TUPRS.IS : 0.1
FROTO.IS : 0.1
AKBNK.IS : 0.09999999999999998
