Min Volatility Portfolio:
AKBNK.IS : 0.01122801235268586
ARCLK.IS : 0.14122408447478327
BIMAS.IS : 0.0896395047926961
ENKAI.IS : 0.22156020089661535
FROTO.IS : 0.04841055983333096
GARAN.IS : 0.14577076681877507
ISCTR.IS : 0.07579641268783817
PGSUS.IS : 0.027738403233483012
SISE.IS : 0.056328480266901085
THYAO.IS : 0.04990303499898674
TOASO.IS : 0.0552350333342406
TUPRS.IS : 0.07716550630966372

Min Daily Loss Portfolio:
ARCLK.IS : 0.25116244045716074
ENKAI.IS : 0.24651267862589205
GARAN.IS : 0.25116244045359876
TUPRS.IS : 0.2511624404633484

Max Sharpe Ratio Portfolio:
ARCLK.IS : 0.18982238886683742
BIMAS.IS : 0.04925862711797387
ENKAI.IS : 0.17922726954593848
GARAN.IS : 0.15059310660486816
HEKTS.IS : 0.010355615266401663
SISE.IS : 0.05178047462925049
THYAO.IS : 0.1189626790523766
TUPRS.IS : 0.24999983891635338

Best 5 Return Portfolio:
ARCLK.IS : 0.2
HEKTS.IS : 0.2
ALARK.IS : 0.2
KOZAL.IS : 0.2
THYAO.IS : 0.19999999999999996

Best 10 Return Portfolio:
ARCLK.IS : 0.1
HEKTS.IS : 0.1
ALARK.IS : 0.1
KOZAL.IS : 0.1
THYAO.IS : 0.1
TUPRS.IS : 0.1
GARAN.IS : 0.1
KOZAA.IS : 0.1
SISE.IS : 0.1
BIMAS.IS : 0.09999999999999998
