Min Volatility Portfolio:
ALARK.IS : 0.030437494466782393
BIMAS.IS : 0.11848217169833637
EKGYO.IS : 0.24999999999999994
ENKAI.IS : 0.04973701524922949
EREGL.IS : 0.06418644069243579
HEKTS.IS : 0.010091126372044498
KCHOL.IS : 0.07850595603070679
KOZAA.IS : 0.016460760558298596
PGSUS.IS : 0.20312429362898674
TAVHL.IS : 0.022131400923795296
TCELL.IS : 0.15684334037938397

Min Daily Loss Portfolio:
AKBNK.IS : 0.224088343227237
BIMAS.IS : 0.025911656562033373
EKGYO.IS : 0.2500000003408965
ISCTR.IS : 0.2500000001781443
PGSUS.IS : 0.24999999969168887

Max Sharpe Ratio Portfolio:
AKBNK.IS : 0.040484985479588724
BIMAS.IS : 0.14785361970944452
EKGYO.IS : 0.2380114913228163
ENKAI.IS : 0.03176641475198821
EREGL.IS : 0.09382192139851196
ISCTR.IS : 0.24757340105905304
KRDMD.IS : 0.04559839207243901
PGSUS.IS : 0.10082167552868618
TCELL.IS : 0.0540680986774721

Best 5 Return Portfolio:
ISCTR.IS : 0.2
AKBNK.IS : 0.2
PETKM.IS : 0.2
GARAN.IS : 0.2
KOZAL.IS : 0.19999999999999996

Best 10 Return Portfolio:
ISCTR.IS : 0.1
AKBNK.IS : 0.1
PETKM.IS : 0.1
GARAN.IS : 0.1
KOZAL.IS : 0.1
ARCLK.IS : 0.1
GUBRF.IS : 0.1
YKBNK.IS : 0.1
ASELS.IS : 0.1
ENKAI.IS : 0.09999999999999998
