Min Volatility Portfolio:
AKBNK.IS : 0.0134359604664603
ALARK.IS : 0.05480317211451839
ARCLK.IS : 0.07288403649690144
ASELS.IS : 0.04953675180579119
BIMAS.IS : 0.03247578935418423
EKGYO.IS : 0.023492323442616637
ENKAI.IS : 0.07328844486616956
FROTO.IS : 0.014025650949792844
GARAN.IS : 0.02336783330912819
GUBRF.IS : 0.057637349900288036
HEKTS.IS : 0.02949674857616607
KCHOL.IS : 0.025753008109545575
KOZAA.IS : 0.02941422826673188
KOZAL.IS : 0.016854315494909455
KRDMD.IS : 0.016806700694597148
ODAS.IS : 0.10211348515256462
PETKM.IS : 0.033305503405437496
PGSUS.IS : 0.06408595284801569
SAHOL.IS : 0.015888963964284134
SASA.IS : 0.044412308464334714
SISE.IS : 0.030956850383567266
TAVHL.IS : 0.02815100043707409
TCELL.IS : 0.043891653276100666
THYAO.IS : 0.028247578130398215
TOASO.IS : 0.04140801053467483
TUPRS.IS : 0.03426637955574735

Min Daily Loss Portfolio:
ALARK.IS : 0.25000000039039133
EREGL.IS : 0.03742938672921764
KOZAA.IS : 0.06833192417774736
ODAS.IS : 0.12751376999758693
PGSUS.IS : 0.20508247918230324
SASA.IS : 0.06164253510791927
TUPRS.IS : 0.24999990441483436

Max Sharpe Ratio Portfolio:
AKBNK.IS : 0.03448275862068966
ALARK.IS : 0.03448275862068966
ARCLK.IS : 0.03448275862068966
ASELS.IS : 0.03448275862068966
BIMAS.IS : 0.03448275862068966
EKGYO.IS : 0.03448275862068966
ENKAI.IS : 0.03448275862068966
EREGL.IS : 0.03448275862068966
FROTO.IS : 0.03448275862068966
GARAN.IS : 0.03448275862068966
GUBRF.IS : 0.03448275862068966
HEKTS.IS : 0.03448275862068966
ISCTR.IS : 0.03448275862068966
KCHOL.IS : 0.03448275862068966
KOZAA.IS : 0.03448275862068966
KOZAL.IS : 0.03448275862068966
KRDMD.IS : 0.03448275862068966
ODAS.IS : 0.03448275862068966
PETKM.IS : 0.03448275862068966
PGSUS.IS : 0.03448275862068966
SAHOL.IS : 0.03448275862068966
SASA.IS : 0.03448275862068966
SISE.IS : 0.03448275862068966
TAVHL.IS : 0.03448275862068966
TCELL.IS : 0.03448275862068966
THYAO.IS : 0.03448275862068966
TOASO.IS : 0.03448275862068966
TUPRS.IS : 0.03448275862068966
YKBNK.IS : 0.03448275862068966

Best 5 Return Portfolio:
SASA.IS : 0.2
EREGL.IS : 0.2
TUPRS.IS : 0.2
ALARK.IS : 0.2
TCELL.IS : 0.19999999999999996

Best 10 Return Portfolio:
SASA.IS : 0.1
EREGL.IS : 0.1
TUPRS.IS : 0.1
ALARK.IS : 0.1
TCELL.IS : 0.1
KOZAA.IS : 0.1
SAHOL.IS : 0.1
KCHOL.IS : 0.1
KRDMD.IS : 0.1
PGSUS.IS : 0.09999999999999998
