Min Volatility Portfolio:
AKBNK.IS : 0.0465576598042912
ALARK.IS : 0.05417099638141511
ARCLK.IS : 0.05628998377483679
EKGYO.IS : 0.09978726095952789
ENKAI.IS : 0.06516046420467592
GARAN.IS : 0.040431123733553585
GUBRF.IS : 0.10009654871154466
HEKTS.IS : 0.01418981678255368
ISCTR.IS : 0.02983065266653353
KCHOL.IS : 0.023212125023284437
KOZAA.IS : 0.03364093506712002
KOZAL.IS : 0.039124207189742397
KRDMD.IS : 0.12351947384830629
ODAS.IS : 0.050643004053713934
PETKM.IS : 0.0748419844902011
SAHOL.IS : 0.05485954310636713
TAVHL.IS : 0.022394370962354217
TOASO.IS : 0.07124984923997808

Min Daily Loss Portfolio:
ALARK.IS : 0.25000001108139375
EKGYO.IS : 0.027333518100143415
ENKAI.IS : 0.08793573370585009
HEKTS.IS : 0.2500000088502917
PGSUS.IS : 0.25000000419718704
TOASO.IS : 0.134730724065134

Max Sharpe Ratio Portfolio:
AKBNK.IS : 0.03448275862068966
ALARK.IS : 0.03448275862068966
ARCLK.IS : 0.03448275862068966
ASELS.IS : 0.03448275862068966
BIMAS.IS : 0.03448275862068966
EKGYO.IS : 0.03448275862068966
ENKAI.IS : 0.03448275862068966
EREGL.IS : 0.03448275862068966
FROTO.IS : 0.03448275862068966
GARAN.IS : 0.03448275862068966
GUBRF.IS : 0.03448275862068966
HEKTS.IS : 0.03448275862068966
ISCTR.IS : 0.03448275862068966
KCHOL.IS : 0.03448275862068966
KOZAA.IS : 0.03448275862068966
KOZAL.IS : 0.03448275862068966
KRDMD.IS : 0.03448275862068966
ODAS.IS : 0.03448275862068966
PETKM.IS : 0.03448275862068966
PGSUS.IS : 0.03448275862068966
SAHOL.IS : 0.03448275862068966
SASA.IS : 0.03448275862068966
SISE.IS : 0.03448275862068966
TAVHL.IS : 0.03448275862068966
TCELL.IS : 0.03448275862068966
THYAO.IS : 0.03448275862068966
TOASO.IS : 0.03448275862068966
TUPRS.IS : 0.03448275862068966
YKBNK.IS : 0.03448275862068966

Best 5 Return Portfolio:
ALARK.IS : 0.2
PGSUS.IS : 0.2
THYAO.IS : 0.2
ENKAI.IS : 0.2
TOASO.IS : 0.19999999999999996

Best 10 Return Portfolio:
ALARK.IS : 0.1
PGSUS.IS : 0.1
THYAO.IS : 0.1
ENKAI.IS : 0.1
TOASO.IS : 0.1
KCHOL.IS : 0.1
TCELL.IS : 0.1
AKBNK.IS : 0.1
ISCTR.IS : 0.1
KOZAA.IS : 0.09999999999999998
