Min Volatility Portfolio:
ALARK.IS : 0.049002641406388305
ARCLK.IS : 0.06063277568986411
ASELS.IS : 0.04811788467060601
BIMAS.IS : 0.09667356041016971
ENKAI.IS : 0.07883243507141181
EREGL.IS : 0.039550322487880304
FROTO.IS : 0.022084470744217204
GARAN.IS : 0.06545460669709612
HEKTS.IS : 0.03378488453823881
ISCTR.IS : 0.012127386431274902
KCHOL.IS : 0.026494629063383603
KRDMD.IS : 0.07669954935286942
ODAS.IS : 0.08544040686333682
PETKM.IS : 0.032874251365858004
PGSUS.IS : 0.052225280851739206
SAHOL.IS : 0.030818426898977302
SASA.IS : 0.010946633128669702
TAVHL.IS : 0.04810502926231071
TCELL.IS : 0.025585175445344704
THYAO.IS : 0.028627475368322504
TUPRS.IS : 0.04644689857237211
YKBNK.IS : 0.029475275679668803

Min Daily Loss Portfolio:
ARCLK.IS : 0.1986475368439046
ISCTR.IS : 0.1320381992584687
KOZAA.IS : 0.24977239135152624
THYAO.IS : 0.16954187174843027
TUPRS.IS : 0.2500000007976701

Max Sharpe Ratio Portfolio:
ALARK.IS : 0.016122358589460758
ARCLK.IS : 0.06420758698439925
ASELS.IS : 0.017513979259418576
BIMAS.IS : 0.10792634333357716
ENKAI.IS : 0.04381284252626102
GARAN.IS : 0.03211936609321727
ISCTR.IS : 0.04632104283049466
KCHOL.IS : 0.02759224046011818
KRDMD.IS : 0.031274394782625524
ODAS.IS : 0.081003281300436
PGSUS.IS : 0.07389059842822872
SISE.IS : 0.016847597572788454
TAVHL.IS : 0.03012704565903076
TCELL.IS : 0.013558036027995905
THYAO.IS : 0.12961810848027527
TUPRS.IS : 0.2510403552815402
YKBNK.IS : 0.01702482239013241

Best 5 Return Portfolio:
THYAO.IS : 0.2
TUPRS.IS : 0.2
TAVHL.IS : 0.2
SISE.IS : 0.2
PGSUS.IS : 0.19999999999999996

Best 10 Return Portfolio:
THYAO.IS : 0.1
TUPRS.IS : 0.1
TAVHL.IS : 0.1
SISE.IS : 0.1
PGSUS.IS : 0.1
PETKM.IS : 0.1
KOZAA.IS : 0.1
ISCTR.IS : 0.1
EKGYO.IS : 0.1
ALARK.IS : 0.09999999999999998
