Min Volatility Portfolio:
AKBNK.IS : 0.031871777877479295
ARCLK.IS : 0.017914393854743395
ASELS.IS : 0.031536447046698696
BIMAS.IS : 0.029156695618194593
EKGYO.IS : 0.04100428420350509
ENKAI.IS : 0.057805422765714286
EREGL.IS : 0.07197650425716999
FROTO.IS : 0.03479605216400309
GARAN.IS : 0.038021274277852596
GUBRF.IS : 0.05546685733024509
HEKTS.IS : 0.027246778548646593
ISCTR.IS : 0.033534278735788195
KCHOL.IS : 0.04165397779137319
KOZAL.IS : 0.015374964205229597
KRDMD.IS : 0.06589610966085789
ODAS.IS : 0.05355116996772569
PETKM.IS : 0.019684985911084595
PGSUS.IS : 0.044111334821315296
SAHOL.IS : 0.05558207718651779
SASA.IS : 0.05657256850510039
SISE.IS : 0.030758199247791194
TAVHL.IS : 0.024424193193941693
TCELL.IS : 0.014767899533901997
THYAO.IS : 0.022475865857369496
TOASO.IS : 0.024423341375685994
TUPRS.IS : 0.026706468682220492
YKBNK.IS : 0.03368607737984369

Min Daily Loss Portfolio:
ALARK.IS : 0.11247003046507756
FROTO.IS : 0.05567964102778011
GUBRF.IS : 0.250000001353706
KRDMD.IS : 0.13273434671838916
ODAS.IS : 0.2500000008919178
YKBNK.IS : 0.19911597954312946

Max Sharpe Ratio Portfolio:
ALARK.IS : 0.2545169505834337
EKGYO.IS : 0.0651181134390657
ENKAI.IS : 0.09254077801023793
EREGL.IS : 0.08413942995873164
FROTO.IS : 0.012808826824924222
GUBRF.IS : 0.1261949236663147
KCHOL.IS : 0.018688105009772513
KRDMD.IS : 0.027489193659169655
ODAS.IS : 0.09803408850163439
PGSUS.IS : 0.0355138981087097
SAHOL.IS : 0.08514567856974062
SASA.IS : 0.0998100136682653

Best 5 Return Portfolio:
ALARK.IS : 0.2
THYAO.IS : 0.2
KOZAA.IS : 0.2
KRDMD.IS : 0.2
YKBNK.IS : 0.19999999999999996

Best 10 Return Portfolio:
ALARK.IS : 0.1
THYAO.IS : 0.1
KOZAA.IS : 0.1
KRDMD.IS : 0.1
YKBNK.IS : 0.1
KOZAL.IS : 0.1
EKGYO.IS : 0.1
ISCTR.IS : 0.1
ARCLK.IS : 0.1
PGSUS.IS : 0.09999999999999998
