Min Volatility Portfolio:
ALARK.IS : 0.1438345030936205
BIMAS.IS : 0.06769740035522873
EKGYO.IS : 0.05355872822324113
EREGL.IS : 0.042497774754190976
FROTO.IS : 0.04662063042897163
GARAN.IS : 0.014906596354185607
GUBRF.IS : 0.12227910102292082
KCHOL.IS : 0.05894333784032699
KOZAL.IS : 0.02796562149784125
KRDMD.IS : 0.06862056797061199
ODAS.IS : 0.09851587929367013
PETKM.IS : 0.06486551170655476
PGSUS.IS : 0.02573236852798915
SASA.IS : 0.014103200313612504
SISE.IS : 0.01419801420474105
TAVHL.IS : 0.040577785866504616
TOASO.IS : 0.08456680907653796
TUPRS.IS : 0.010516169469250132

Min Daily Loss Portfolio:
ALARK.IS : 0.2522611118420562
ASELS.IS : 0.07853103203081395
GUBRF.IS : 0.16468563280824847
ODAS.IS : 0.2522611113509381
SASA.IS : 0.25226111196794326

Max Sharpe Ratio Portfolio:
ALARK.IS : 0.1127338484254676
BIMAS.IS : 0.01802649147567102
EKGYO.IS : 0.04830874692519477
EREGL.IS : 0.044009809704805926
GUBRF.IS : 0.05844234680891951
KOZAL.IS : 0.04142758829743005
KRDMD.IS : 0.09194989637398761
ODAS.IS : 0.190291129409647
PETKM.IS : 0.07730177526450127
PGSUS.IS : 0.014859006922737865
SASA.IS : 0.24099494984860714
TAVHL.IS : 0.05034208832980745
TOASO.IS : 0.011312322213222826

Best 5 Return Portfolio:
SASA.IS : 0.2
ARCLK.IS : 0.2
SISE.IS : 0.2
ENKAI.IS : 0.2
THYAO.IS : 0.19999999999999996

Best 10 Return Portfolio:
SASA.IS : 0.1
ARCLK.IS : 0.1
SISE.IS : 0.1
ENKAI.IS : 0.1
THYAO.IS : 0.1
GUBRF.IS : 0.1
ALARK.IS : 0.1
TCELL.IS : 0.1
ASELS.IS : 0.1
TOASO.IS : 0.09999999999999998
