Min Volatility Portfolio:
AKBNK.IS : 0.016478445599094702
ALARK.IS : 0.11221827481209218
ARCLK.IS : 0.012832079436073457
ASELS.IS : 0.018515698776688672
BIMAS.IS : 0.033432617947903955
ENKAI.IS : 0.07100934435072358
FROTO.IS : 0.03162587603150736
GARAN.IS : 0.04184098446123278
ISCTR.IS : 0.019934034232339227
KCHOL.IS : 0.02801532960721671
KRDMD.IS : 0.04388644671315175
ODAS.IS : 0.05937444188883018
PGSUS.IS : 0.06948566786454244
SAHOL.IS : 0.03320293043440682
SASA.IS : 0.059969985544765
SISE.IS : 0.0374900907025425
TAVHL.IS : 0.07257898374573586
TCELL.IS : 0.044881724777843114
THYAO.IS : 0.07982016841769901
TUPRS.IS : 0.07471198469858324
YKBNK.IS : 0.038694889957027453

Min Daily Loss Portfolio:
ASELS.IS : 0.028801388284887704
EKGYO.IS : 0.14321094007269497
ENKAI.IS : 0.2500000000323515
HEKTS.IS : 0.2500000000786819
ODAS.IS : 0.2500000000798478
SASA.IS : 0.07798767145153612

Max Sharpe Ratio Portfolio:
AKBNK.IS : 0.03448275862068966
ALARK.IS : 0.03448275862068966
ARCLK.IS : 0.03448275862068966
ASELS.IS : 0.03448275862068966
BIMAS.IS : 0.03448275862068966
EKGYO.IS : 0.03448275862068966
ENKAI.IS : 0.03448275862068966
EREGL.IS : 0.03448275862068966
FROTO.IS : 0.03448275862068966
GARAN.IS : 0.03448275862068966
GUBRF.IS : 0.03448275862068966
HEKTS.IS : 0.03448275862068966
ISCTR.IS : 0.03448275862068966
KCHOL.IS : 0.03448275862068966
KOZAA.IS : 0.03448275862068966
KOZAL.IS : 0.03448275862068966
KRDMD.IS : 0.03448275862068966
ODAS.IS : 0.03448275862068966
PETKM.IS : 0.03448275862068966
PGSUS.IS : 0.03448275862068966
SAHOL.IS : 0.03448275862068966
SASA.IS : 0.03448275862068966
SISE.IS : 0.03448275862068966
TAVHL.IS : 0.03448275862068966
TCELL.IS : 0.03448275862068966
THYAO.IS : 0.03448275862068966
TOASO.IS : 0.03448275862068966
TUPRS.IS : 0.03448275862068966
YKBNK.IS : 0.03448275862068966

Best 5 Return Portfolio:
HEKTS.IS : 0.2
ODAS.IS : 0.2
EKGYO.IS : 0.2
KOZAL.IS : 0.2
ASELS.IS : 0.19999999999999996

Best 10 Return Portfolio:
HEKTS.IS : 0.1
ODAS.IS : 0.1
EKGYO.IS : 0.1
KOZAL.IS : 0.1
ASELS.IS : 0.1
TCELL.IS : 0.1
ENKAI.IS : 0.1
GUBRF.IS : 0.1
KOZAA.IS : 0.1
EREGL.IS : 0.09999999999999998
