Min Volatility Portfolio:
AKBNK.IS : 0.039462959936223785
ALARK.IS : 0.05811911283749084
ARCLK.IS : 0.04820186539451721
ASELS.IS : 0.05156287530413787
BIMAS.IS : 0.03231115525108817
EKGYO.IS : 0.02990628429838903
ENKAI.IS : 0.02683266733554572
EREGL.IS : 0.026752496796978185
FROTO.IS : 0.03946599140878373
GARAN.IS : 0.03803678003739064
GUBRF.IS : 0.03818572932311058
HEKTS.IS : 0.05481897680657962
ISCTR.IS : 0.03567638566739978
KCHOL.IS : 0.02752054255810201
KOZAA.IS : 0.03533891085383935
KOZAL.IS : 0.03673348658883223
KRDMD.IS : 0.02586789001938371
ODAS.IS : 0.019718130382726674
PETKM.IS : 0.026432862743883696
PGSUS.IS : 0.028196314588838194
SAHOL.IS : 0.038553300909097775
SASA.IS : 0.034264261468932175
SISE.IS : 0.03718711407861941
TAVHL.IS : 0.044618955435123404
TCELL.IS : 0.04552376456096408
THYAO.IS : 0.028154953755750563
TUPRS.IS : 0.03182877941193543
YKBNK.IS : 0.02072745224633612

Min Daily Loss Portfolio:
AKBNK.IS : 0.07610068237087132
HEKTS.IS : 0.16257830073889223
PGSUS.IS : 0.2500000008119804
SASA.IS : 0.18482593492723048
SISE.IS : 0.07649508018537493
TAVHL.IS : 0.25000000096565056

Max Sharpe Ratio Portfolio:
AKBNK.IS : 0.07614160501105949
ALARK.IS : 0.04717830513630948
ASELS.IS : 0.05293711541513399
FROTO.IS : 0.016155943756798453
GARAN.IS : 0.07083815647577525
HEKTS.IS : 0.10804810926382395
ISCTR.IS : 0.054724162023541384
KOZAL.IS : 0.01709698141657114
KRDMD.IS : 0.023197502622239307
ODAS.IS : 0.06488817441897715
PGSUS.IS : 0.06958649431634403
SAHOL.IS : 0.013430440847471074
SASA.IS : 0.25204854986913966
TAVHL.IS : 0.033216076959614343
TCELL.IS : 0.026285051352238083
THYAO.IS : 0.031160532022401315
YKBNK.IS : 0.043066799092561954

Best 5 Return Portfolio:
SAHOL.IS : 0.2
SASA.IS : 0.2
HEKTS.IS : 0.2
AKBNK.IS : 0.2
TUPRS.IS : 0.19999999999999996

Best 10 Return Portfolio:
SAHOL.IS : 0.1
SASA.IS : 0.1
HEKTS.IS : 0.1
AKBNK.IS : 0.1
TUPRS.IS : 0.1
ISCTR.IS : 0.1
TAVHL.IS : 0.1
PGSUS.IS : 0.1
TOASO.IS : 0.1
BIMAS.IS : 0.09999999999999998
