Min Volatility Portfolio:
ALARK.IS : 0.02439711211932297
ARCLK.IS : 0.06392383854675006
ASELS.IS : 0.04536596814404568
BIMAS.IS : 0.016815103268098944
EKGYO.IS : 0.036418559855675325
EREGL.IS : 0.09553775900280588
GUBRF.IS : 0.017016835245525157
ISCTR.IS : 0.07077540240643929
KCHOL.IS : 0.01269398121781926
KRDMD.IS : 0.04748299523404777
ODAS.IS : 0.1596620946609742
PETKM.IS : 0.018826132990224367
PGSUS.IS : 0.05760193072200951
SASA.IS : 0.15528900487312935
TCELL.IS : 0.04792181935048098
TOASO.IS : 0.030089530230760442
TUPRS.IS : 0.10018193213189085

Min Daily Loss Portfolio:
AKBNK.IS : 0.02273463549269389
ODAS.IS : 0.2500000109310088
PGSUS.IS : 0.22726533818959405
SASA.IS : 0.2500000109401645
TAVHL.IS : 0.2500000044465387

Max Sharpe Ratio Portfolio:
ENKAI.IS : 0.026917380120168446
EREGL.IS : 0.03506162816390158
KRDMD.IS : 0.014679817743281653
ODAS.IS : 0.0907835875743456
PGSUS.IS : 0.250000154897434
SASA.IS : 0.23328014071494915
TAVHL.IS : 0.2499999559101943
TUPRS.IS : 0.09927733487572518

Best 5 Return Portfolio:
PGSUS.IS : 0.2
TAVHL.IS : 0.2
THYAO.IS : 0.2
HEKTS.IS : 0.2
AKBNK.IS : 0.19999999999999996

Best 10 Return Portfolio:
PGSUS.IS : 0.1
TAVHL.IS : 0.1
THYAO.IS : 0.1
HEKTS.IS : 0.1
AKBNK.IS : 0.1
ODAS.IS : 0.1
KOZAA.IS : 0.1
KOZAL.IS : 0.1
SASA.IS : 0.1
BIMAS.IS : 0.09999999999999998
