Min Volatility Portfolio:
AKBNK.IS : 0.03346684409458599
ALARK.IS : 0.022268358975091797
ARCLK.IS : 0.01082220830200084
BIMAS.IS : 0.015596651557200743
EKGYO.IS : 0.045932431765093776
ENKAI.IS : 0.07404695205776851
FROTO.IS : 0.03298860084349563
GARAN.IS : 0.05953139291659213
HEKTS.IS : 0.0476091724658351
ISCTR.IS : 0.04491185197561095
KCHOL.IS : 0.017877211146373927
KOZAA.IS : 0.05334288812898089
KOZAL.IS : 0.023037302756909267
ODAS.IS : 0.08451741096067523
PETKM.IS : 0.03833341970906571
PGSUS.IS : 0.07976350229941782
SAHOL.IS : 0.028566438478950948
SASA.IS : 0.03802767961803554
TAVHL.IS : 0.06630522630550345
TCELL.IS : 0.024457310612429287
THYAO.IS : 0.0827237784726956
TOASO.IS : 0.046222713224350086
YKBNK.IS : 0.029650653333336746

Min Daily Loss Portfolio:
EKGYO.IS : 0.09569574154885647
ENKAI.IS : 0.1431942857105995
FROTO.IS : 0.23356915269728543
HEKTS.IS : 0.25000000012778284
THYAO.IS : 0.250000000080545
TOASO.IS : 0.02754081983493073

Max Sharpe Ratio Portfolio:
ALARK.IS : 0.08005378324323618
EKGYO.IS : 0.06293131200625168
ENKAI.IS : 0.10699801889722595
FROTO.IS : 0.2523823887291682
HEKTS.IS : 0.17221133122507062
ISCTR.IS : 0.022115960189349252
KOZAA.IS : 0.05207006574786598
ODAS.IS : 0.060997229789986465
PGSUS.IS : 0.027384575462796396
TAVHL.IS : 0.017703080275293135
THYAO.IS : 0.08149864695469981
TOASO.IS : 0.03774497437540471
YKBNK.IS : 0.025908633103651622

Best 5 Return Portfolio:
FROTO.IS : 0.2
KCHOL.IS : 0.2
ALARK.IS : 0.2
EKGYO.IS : 0.2
HEKTS.IS : 0.19999999999999996

Best 10 Return Portfolio:
FROTO.IS : 0.1
KCHOL.IS : 0.1
ALARK.IS : 0.1
EKGYO.IS : 0.1
HEKTS.IS : 0.1
SAHOL.IS : 0.1
TOASO.IS : 0.1
YKBNK.IS : 0.1
ISCTR.IS : 0.1
PETKM.IS : 0.09999999999999998
