Min Volatility Portfolio:
ALARK.IS : 0.13289048080883153
ARCLK.IS : 0.027594545978800337
ENKAI.IS : 0.05663982326905143
FROTO.IS : 0.058663020386795356
GARAN.IS : 0.014786758987428168
GUBRF.IS : 0.07524874995934645
HEKTS.IS : 0.0475557666599164
KOZAA.IS : 0.06104527310357888
KOZAL.IS : 0.041234541032390014
ODAS.IS : 0.09749460128854655
PETKM.IS : 0.0846639735883465
PGSUS.IS : 0.01723610468338023
SISE.IS : 0.027120782537526412
TAVHL.IS : 0.038694199922643946
THYAO.IS : 0.022484645520964828
TOASO.IS : 0.07009027104857903
TUPRS.IS : 0.03863370162307588
YKBNK.IS : 0.08792275960079807

Min Daily Loss Portfolio:
AKBNK.IS : 0.031019404250745966
ALARK.IS : 0.21467296460942928
ISCTR.IS : 0.25143587702397635
PETKM.IS : 0.25143587709569654
YKBNK.IS : 0.2514358770201519

Max Sharpe Ratio Portfolio:
AKBNK.IS : 0.03448275862068966
ALARK.IS : 0.03448275862068966
ARCLK.IS : 0.03448275862068966
ASELS.IS : 0.03448275862068966
BIMAS.IS : 0.03448275862068966
EKGYO.IS : 0.03448275862068966
ENKAI.IS : 0.03448275862068966
EREGL.IS : 0.03448275862068966
FROTO.IS : 0.03448275862068966
GARAN.IS : 0.03448275862068966
GUBRF.IS : 0.03448275862068966
HEKTS.IS : 0.03448275862068966
ISCTR.IS : 0.03448275862068966
KCHOL.IS : 0.03448275862068966
KOZAA.IS : 0.03448275862068966
KOZAL.IS : 0.03448275862068966
KRDMD.IS : 0.03448275862068966
ODAS.IS : 0.03448275862068966
PETKM.IS : 0.03448275862068966
PGSUS.IS : 0.03448275862068966
SAHOL.IS : 0.03448275862068966
SASA.IS : 0.03448275862068966
SISE.IS : 0.03448275862068966
TAVHL.IS : 0.03448275862068966
TCELL.IS : 0.03448275862068966
THYAO.IS : 0.03448275862068966
TOASO.IS : 0.03448275862068966
TUPRS.IS : 0.03448275862068966
YKBNK.IS : 0.03448275862068966

Best 5 Return Portfolio:
ISCTR.IS : 0.2
AKBNK.IS : 0.2
YKBNK.IS : 0.2
ALARK.IS : 0.2
EKGYO.IS : 0.19999999999999996

Best 10 Return Portfolio:
ISCTR.IS : 0.1
AKBNK.IS : 0.1
YKBNK.IS : 0.1
ALARK.IS : 0.1
EKGYO.IS : 0.1
ODAS.IS : 0.1
SAHOL.IS : 0.1
GUBRF.IS : 0.1
THYAO.IS : 0.1
ASELS.IS : 0.09999999999999998
