Min Volatility Portfolio:
AKBNK.IS : 0.056777925561808044
ALARK.IS : 0.039768214608688665
ARCLK.IS : 0.034394596251122095
ASELS.IS : 0.05628830402863077
EKGYO.IS : 0.04970131517476994
GARAN.IS : 0.07807918257912673
GUBRF.IS : 0.016571196678238524
HEKTS.IS : 0.01801499972293714
ISCTR.IS : 0.036975629714864906
KCHOL.IS : 0.051971827370207786
KOZAL.IS : 0.015677276285453814
KRDMD.IS : 0.014824971527737553
ODAS.IS : 0.06367522162959798
PETKM.IS : 0.043093934121875684
PGSUS.IS : 0.04763959214277286
SAHOL.IS : 0.0794430600934245
SASA.IS : 0.041116363830237125
SISE.IS : 0.0902469325539723
TAVHL.IS : 0.01326076076761983
THYAO.IS : 0.08073881212250139
TUPRS.IS : 0.040413552672055014
YKBNK.IS : 0.031326330562357396

Min Daily Loss Portfolio:
EKGYO.IS : 0.17500152905560024
KRDMD.IS : 0.2499999989696677
PETKM.IS : 0.23693968849045285
PGSUS.IS : 0.08805878106173591
THYAO.IS : 0.2500000024225432

Max Sharpe Ratio Portfolio:
AKBNK.IS : 0.031422657723226145
ALARK.IS : 0.012641846401948365
BIMAS.IS : 0.016913740468211553
EKGYO.IS : 0.028896940669734233
GARAN.IS : 0.03154812723669784
GUBRF.IS : 0.021315152814352766
HEKTS.IS : 0.012409354058665733
ISCTR.IS : 0.02736026203399105
KRDMD.IS : 0.2044437279236664
ODAS.IS : 0.013505548185002228
PETKM.IS : 0.17289560068696855
PGSUS.IS : 0.17289560068696855
SASA.IS : 0.009332845578682587
TAVHL.IS : 0.010175154627962717
THYAO.IS : 0.2044437279236664
YKBNK.IS : 0.0297997129802548

Best 5 Return Portfolio:
THYAO.IS : 0.2
KRDMD.IS : 0.2
PGSUS.IS : 0.2
PETKM.IS : 0.2
TUPRS.IS : 0.19999999999999996

Best 10 Return Portfolio:
THYAO.IS : 0.1
KRDMD.IS : 0.1
PGSUS.IS : 0.1
PETKM.IS : 0.1
TUPRS.IS : 0.1
TAVHL.IS : 0.1
BIMAS.IS : 0.1
ASELS.IS : 0.1
KCHOL.IS : 0.1
KOZAA.IS : 0.09999999999999998
