Min Volatility Portfolio:
ALARK.IS : 0.07687829984307916
ARCLK.IS : 0.051161045204371904
ASELS.IS : 0.019106852367342112
BIMAS.IS : 0.04513820451126649
EKGYO.IS : 0.02864684914158614
ENKAI.IS : 0.0416351078826957
EREGL.IS : 0.04125157550871894
FROTO.IS : 0.03391000158642846
GUBRF.IS : 0.06033865237214131
HEKTS.IS : 0.05378754474729274
KCHOL.IS : 0.021186304728386795
KOZAA.IS : 0.029811370694146445
KOZAL.IS : 0.032229214667828625
KRDMD.IS : 0.05053449839443139
ODAS.IS : 0.04188903804166431
PETKM.IS : 0.06424371383295596
SAHOL.IS : 0.03553631565441008
SASA.IS : 0.051088417066929806
SISE.IS : 0.03760976631813355
TAVHL.IS : 0.03642746495630981
TCELL.IS : 0.05680564476818792
THYAO.IS : 0.03270262215688235
TOASO.IS : 0.03152040118978867
TUPRS.IS : 0.026561094365021375

Min Daily Loss Portfolio:
ALARK.IS : 0.1663515371396711
ISCTR.IS : 0.24866915273863835
PETKM.IS : 0.2500000002533454
TCELL.IS : 0.1665624542376111
TUPRS.IS : 0.16841685563073408

Max Sharpe Ratio Portfolio:
AKBNK.IS : 0.03448275862068966
ALARK.IS : 0.03448275862068966
ARCLK.IS : 0.03448275862068966
ASELS.IS : 0.03448275862068966
BIMAS.IS : 0.03448275862068966
EKGYO.IS : 0.03448275862068966
ENKAI.IS : 0.03448275862068966
EREGL.IS : 0.03448275862068966
FROTO.IS : 0.03448275862068966
GARAN.IS : 0.03448275862068966
GUBRF.IS : 0.03448275862068966
HEKTS.IS : 0.03448275862068966
ISCTR.IS : 0.03448275862068966
KCHOL.IS : 0.03448275862068966
KOZAA.IS : 0.03448275862068966
KOZAL.IS : 0.03448275862068966
KRDMD.IS : 0.03448275862068966
ODAS.IS : 0.03448275862068966
PETKM.IS : 0.03448275862068966
PGSUS.IS : 0.03448275862068966
SAHOL.IS : 0.03448275862068966
SASA.IS : 0.03448275862068966
SISE.IS : 0.03448275862068966
TAVHL.IS : 0.03448275862068966
TCELL.IS : 0.03448275862068966
THYAO.IS : 0.03448275862068966
TOASO.IS : 0.03448275862068966
TUPRS.IS : 0.03448275862068966
YKBNK.IS : 0.03448275862068966

Best 5 Return Portfolio:
ISCTR.IS : 0.2
PETKM.IS : 0.2
ALARK.IS : 0.2
GARAN.IS : 0.2
PGSUS.IS : 0.19999999999999996

Best 10 Return Portfolio:
ISCTR.IS : 0.1
PETKM.IS : 0.1
ALARK.IS : 0.1
GARAN.IS : 0.1
PGSUS.IS : 0.1
ODAS.IS : 0.1
KCHOL.IS : 0.1
TCELL.IS : 0.1
HEKTS.IS : 0.1
KRDMD.IS : 0.09999999999999998
