Min Volatility Portfolio:
AKBNK.IS : 0.035197714405343215
ARCLK.IS : 0.08919364811935775
ASELS.IS : 0.04533468554468602
BIMAS.IS : 0.05808617789283563
EKGYO.IS : 0.07567273131044623
FROTO.IS : 0.04729737640865302
GARAN.IS : 0.02348762742209961
GUBRF.IS : 0.08818892980166425
KCHOL.IS : 0.048133146547339724
KOZAA.IS : 0.02345648784857611
KRDMD.IS : 0.03695573729399571
PETKM.IS : 0.04481236882333552
PGSUS.IS : 0.03430374989665441
SAHOL.IS : 0.04927654241561802
SISE.IS : 0.028250195018850614
TAVHL.IS : 0.04674153711212572
TCELL.IS : 0.06379662983822683
THYAO.IS : 0.031082808385623915
TOASO.IS : 0.07189871597620973
YKBNK.IS : 0.05883318993835813

Min Daily Loss Portfolio:
EKGYO.IS : 0.2435406135789479
GUBRF.IS : 0.25000000055481686
PETKM.IS : 0.2500000006349595
TCELL.IS : 0.045697033830142945
TOASO.IS : 0.21076235140113295

Max Sharpe Ratio Portfolio:
AKBNK.IS : 0.03448275862068966
ALARK.IS : 0.03448275862068966
ARCLK.IS : 0.03448275862068966
ASELS.IS : 0.03448275862068966
BIMAS.IS : 0.03448275862068966
EKGYO.IS : 0.03448275862068966
ENKAI.IS : 0.03448275862068966
EREGL.IS : 0.03448275862068966
FROTO.IS : 0.03448275862068966
GARAN.IS : 0.03448275862068966
GUBRF.IS : 0.03448275862068966
HEKTS.IS : 0.03448275862068966
ISCTR.IS : 0.03448275862068966
KCHOL.IS : 0.03448275862068966
KOZAA.IS : 0.03448275862068966
KOZAL.IS : 0.03448275862068966
KRDMD.IS : 0.03448275862068966
ODAS.IS : 0.03448275862068966
PETKM.IS : 0.03448275862068966
PGSUS.IS : 0.03448275862068966
SAHOL.IS : 0.03448275862068966
SASA.IS : 0.03448275862068966
SISE.IS : 0.03448275862068966
TAVHL.IS : 0.03448275862068966
TCELL.IS : 0.03448275862068966
THYAO.IS : 0.03448275862068966
TOASO.IS : 0.03448275862068966
TUPRS.IS : 0.03448275862068966
YKBNK.IS : 0.03448275862068966

Best 5 Return Portfolio:
KOZAL.IS : 0.2
EKGYO.IS : 0.2
PETKM.IS : 0.2
GUBRF.IS : 0.2
KOZAA.IS : 0.19999999999999996

Best 10 Return Portfolio:
KOZAL.IS : 0.1
EKGYO.IS : 0.1
PETKM.IS : 0.1
GUBRF.IS : 0.1
KOZAA.IS : 0.1
ASELS.IS : 0.1
SISE.IS : 0.1
KRDMD.IS : 0.1
EREGL.IS : 0.1
KCHOL.IS : 0.09999999999999998
