Min Volatility Portfolio:
ALARK.IS : 0.013628597391983707
ARCLK.IS : 0.10859349860956477
ASELS.IS : 0.011582892345169443
ENKAI.IS : 0.07630954048616771
EREGL.IS : 0.04688810230432364
FROTO.IS : 0.014014549362461777
GUBRF.IS : 0.054517900938593156
HEKTS.IS : 0.09664401974792558
KOZAL.IS : 0.05365232963322763
KRDMD.IS : 0.03946123992218159
ODAS.IS : 0.05733938636577552
PETKM.IS : 0.18161660251868966
SASA.IS : 0.1291546876352553
TCELL.IS : 0.07059615704515104
TOASO.IS : 0.046000495693529486

Min Daily Loss Portfolio:
HEKTS.IS : 0.17149087199943341
ODAS.IS : 0.2500000000321973
SASA.IS : 0.1755045263453332
TCELL.IS : 0.21945151377631678
YKBNK.IS : 0.1835530878467193

Max Sharpe Ratio Portfolio:
AKBNK.IS : 0.03448275862068966
ALARK.IS : 0.03448275862068966
ARCLK.IS : 0.03448275862068966
ASELS.IS : 0.03448275862068966
BIMAS.IS : 0.03448275862068966
EKGYO.IS : 0.03448275862068966
ENKAI.IS : 0.03448275862068966
EREGL.IS : 0.03448275862068966
FROTO.IS : 0.03448275862068966
GARAN.IS : 0.03448275862068966
GUBRF.IS : 0.03448275862068966
HEKTS.IS : 0.03448275862068966
ISCTR.IS : 0.03448275862068966
KCHOL.IS : 0.03448275862068966
KOZAA.IS : 0.03448275862068966
KOZAL.IS : 0.03448275862068966
KRDMD.IS : 0.03448275862068966
ODAS.IS : 0.03448275862068966
PETKM.IS : 0.03448275862068966
PGSUS.IS : 0.03448275862068966
SAHOL.IS : 0.03448275862068966
SASA.IS : 0.03448275862068966
SISE.IS : 0.03448275862068966
TAVHL.IS : 0.03448275862068966
TCELL.IS : 0.03448275862068966
THYAO.IS : 0.03448275862068966
TOASO.IS : 0.03448275862068966
TUPRS.IS : 0.03448275862068966
YKBNK.IS : 0.03448275862068966

Best 5 Return Portfolio:
HEKTS.IS : 0.2
ODAS.IS : 0.2
YKBNK.IS : 0.2
THYAO.IS : 0.2
PGSUS.IS : 0.19999999999999996

Best 10 Return Portfolio:
HEKTS.IS : 0.1
ODAS.IS : 0.1
YKBNK.IS : 0.1
THYAO.IS : 0.1
PGSUS.IS : 0.1
AKBNK.IS : 0.1
KOZAA.IS : 0.1
GARAN.IS : 0.1
TAVHL.IS : 0.1
ISCTR.IS : 0.09999999999999998
