Min Volatility Portfolio:
ALARK.IS : 0.14235007600676797
ARCLK.IS : 0.06352652382991518
BIMAS.IS : 0.16011571899154617
ENKAI.IS : 0.045629576084577295
EREGL.IS : 0.027067325978374492
FROTO.IS : 0.023018034887935197
KOZAA.IS : 0.030293448391036794
KOZAL.IS : 0.017088357351514795
ODAS.IS : 0.07969613014965309
PGSUS.IS : 0.023286541110697695
SASA.IS : 0.054112578791919684
TAVHL.IS : 0.09114125437873029
THYAO.IS : 0.12552244338045368
TOASO.IS : 0.08523272831898429
TUPRS.IS : 0.03191926234789339

Min Daily Loss Portfolio:
ALARK.IS : 0.2499999979053898
BIMAS.IS : 0.25000000257595845
GARAN.IS : 0.14481657752187924
PETKM.IS : 0.0541548428751037
TCELL.IS : 0.05102857679681575
THYAO.IS : 0.2500000023248531

Max Sharpe Ratio Portfolio:
ALARK.IS : 0.19375981252883198
BIMAS.IS : 0.14827617240178828
GUBRF.IS : 0.013339074886622719
THYAO.IS : 0.1787755576947285
TOASO.IS : 0.1288933143406573
TUPRS.IS : 0.08699248577254329
YKBNK.IS : 0.249963582374828

Best 5 Return Portfolio:
YKBNK.IS : 0.2
GARAN.IS : 0.2
TCELL.IS : 0.2
PETKM.IS : 0.2
ISCTR.IS : 0.19999999999999996

Best 10 Return Portfolio:
YKBNK.IS : 0.1
GARAN.IS : 0.1
TCELL.IS : 0.1
PETKM.IS : 0.1
ISCTR.IS : 0.1
AKBNK.IS : 0.1
GUBRF.IS : 0.1
TUPRS.IS : 0.1
EKGYO.IS : 0.1
BIMAS.IS : 0.09999999999999998
