Min Volatility Portfolio:
AKBNK.IS : 0.03598198238247506
ALARK.IS : 0.06399507094138422
ARCLK.IS : 0.02862427950325716
ASELS.IS : 0.04768484234582156
BIMAS.IS : 0.02372445607193577
EKGYO.IS : 0.011259395345188012
ENKAI.IS : 0.03604052343380854
EREGL.IS : 0.052037570227472636
FROTO.IS : 0.011347903033303046
GARAN.IS : 0.03853555607995245
GUBRF.IS : 0.03327615744205602
ISCTR.IS : 0.021470080746660253
KOZAA.IS : 0.023116722507889147
KOZAL.IS : 0.0464395526161539
KRDMD.IS : 0.07798896274764443
ODAS.IS : 0.024209604978849338
PETKM.IS : 0.03575916215845309
PGSUS.IS : 0.05032811241924991
SAHOL.IS : 0.029301103241591738
SISE.IS : 0.04285919232060857
TAVHL.IS : 0.03270601313595988
TCELL.IS : 0.07202652351318248
THYAO.IS : 0.04655255617335587
TOASO.IS : 0.017895307908256473
TUPRS.IS : 0.07296748422433681
YKBNK.IS : 0.02387188450115362

Min Daily Loss Portfolio:
ALARK.IS : 0.25000000207860945
ENKAI.IS : 0.1356295632762776
ODAS.IS : 0.1127282414375216
SISE.IS : 0.24999997573329819
TAVHL.IS : 0.05205123666743675
TUPRS.IS : 0.19959098080685636

Max Sharpe Ratio Portfolio:
ALARK.IS : 0.2534371512664677
ENKAI.IS : 0.06531030085892522
EREGL.IS : 0.020913640202291674
KCHOL.IS : 0.014861295354578825
KOZAL.IS : 0.01716794277042013
KRDMD.IS : 0.07773737784420119
ODAS.IS : 0.19011521921068586
SISE.IS : 0.16744334072128716
TAVHL.IS : 0.10767989204922247
TCELL.IS : 0.0232599769148888
TUPRS.IS : 0.06207386280703092

Best 5 Return Portfolio:
SISE.IS : 0.2
ENKAI.IS : 0.2
ALARK.IS : 0.2
TAVHL.IS : 0.2
KCHOL.IS : 0.19999999999999996

Best 10 Return Portfolio:
SISE.IS : 0.1
ENKAI.IS : 0.1
ALARK.IS : 0.1
TAVHL.IS : 0.1
KCHOL.IS : 0.1
KRDMD.IS : 0.1
SASA.IS : 0.1
KOZAA.IS : 0.1
HEKTS.IS : 0.1
FROTO.IS : 0.09999999999999998
