Min Volatility Portfolio:
AKBNK.IS : 0.022483396704025667
ALARK.IS : 0.07019077367730328
ARCLK.IS : 0.03379200286627608
ASELS.IS : 0.010761413827930931
EKGYO.IS : 0.044075446840372345
ENKAI.IS : 0.02189538906021951
EREGL.IS : 0.051947425154906475
GARAN.IS : 0.018853268643727945
GUBRF.IS : 0.031861858125688654
HEKTS.IS : 0.12893873942055886
ISCTR.IS : 0.045025728784043796
KCHOL.IS : 0.05392006833259157
KOZAA.IS : 0.02279491643849465
KOZAL.IS : 0.08652714259954422
KRDMD.IS : 0.04388650711605172
ODAS.IS : 0.07593420448740001
PETKM.IS : 0.02819663137250578
PGSUS.IS : 0.016989006682138038
SASA.IS : 0.019260668428668137
SISE.IS : 0.034836250118768786
TAVHL.IS : 0.020851624294796558
TCELL.IS : 0.028033212688124875
THYAO.IS : 0.015022879950077471
TUPRS.IS : 0.05669849432832743
YKBNK.IS : 0.017222950057457286

Min Daily Loss Portfolio:
GUBRF.IS : 0.25000001964561497
HEKTS.IS : 0.18564250246738262
KRDMD.IS : 0.13373558666450278
ODAS.IS : 0.2500000187809063
THYAO.IS : 0.1628721151727891
TOASO.IS : 0.01774975726880437

Max Sharpe Ratio Portfolio:
ALARK.IS : 0.06274357980547288
ARCLK.IS : 0.02132720460510632
EKGYO.IS : 0.019520524604983557
ENKAI.IS : 0.020881434697916236
EREGL.IS : 0.054447312844190285
GARAN.IS : 0.016200233759918723
GUBRF.IS : 0.2602494268953962
HEKTS.IS : 0.13879030922999755
ISCTR.IS : 0.03242934221174115
KCHOL.IS : 0.04430327900746574
KOZAL.IS : 0.07583754954193207
KRDMD.IS : 0.04356243234625755
ODAS.IS : 0.09202385070615521
PGSUS.IS : 0.01307147370014216
SISE.IS : 0.026559156479254015
TCELL.IS : 0.02831093998737673
THYAO.IS : 0.01677908006277617
TUPRS.IS : 0.032962869513917484

Best 5 Return Portfolio:
GUBRF.IS : 0.2
TCELL.IS : 0.2
ENKAI.IS : 0.2
TOASO.IS : 0.2
BIMAS.IS : 0.19999999999999996

Best 10 Return Portfolio:
GUBRF.IS : 0.1
TCELL.IS : 0.1
ENKAI.IS : 0.1
TOASO.IS : 0.1
BIMAS.IS : 0.1
HEKTS.IS : 0.1
FROTO.IS : 0.1
SISE.IS : 0.1
EKGYO.IS : 0.1
THYAO.IS : 0.09999999999999998
