Min Volatility Portfolio:
AKBNK.IS : 0.03508840800051002
ALARK.IS : 0.05419518123505392
ARCLK.IS : 0.030617659793122712
ASELS.IS : 0.02829380505979621
BIMAS.IS : 0.03690953032189771
EKGYO.IS : 0.023909196663250906
ENKAI.IS : 0.04000729606717191
EREGL.IS : 0.04429883012472841
FROTO.IS : 0.03484237709463811
GARAN.IS : 0.033421672646073416
GUBRF.IS : 0.037830732518027314
HEKTS.IS : 0.03272593522098481
ISCTR.IS : 0.02891378781409201
KCHOL.IS : 0.03554110876055271
KOZAA.IS : 0.039696137282014016
KOZAL.IS : 0.046920993656373915
KRDMD.IS : 0.03939982182110181
ODAS.IS : 0.022637894362277606
PETKM.IS : 0.03033225793044461
PGSUS.IS : 0.02742524107762071
SAHOL.IS : 0.032227152606844216
SASA.IS : 0.03305863866684142
SISE.IS : 0.02708034760652851
TAVHL.IS : 0.027403387362179312
TCELL.IS : 0.040911711074527714
THYAO.IS : 0.03327890386431322
TOASO.IS : 0.03405538425050052
TUPRS.IS : 0.04086782769574701
YKBNK.IS : 0.02810877942278521

Min Daily Loss Portfolio:
ALARK.IS : 0.24999999988713453
EKGYO.IS : 0.030716322268492805
KOZAA.IS : 0.20355575535157128
ODAS.IS : 0.16305035569480575
TOASO.IS : 0.10267758143694998
YKBNK.IS : 0.2499999853610455

Max Sharpe Ratio Portfolio:
AKBNK.IS : 0.056605992041406164
ALARK.IS : 0.09445943692492087
ARCLK.IS : 0.023786341363874173
EKGYO.IS : 0.05795196621117856
ENKAI.IS : 0.03174071050807638
FROTO.IS : 0.026340741239144917
ISCTR.IS : 0.04815949518223622
KCHOL.IS : 0.04469966600281843
KOZAA.IS : 0.25454701883406144
ODAS.IS : 0.017992229802965855
PGSUS.IS : 0.03566129340728753
SAHOL.IS : 0.07872904744921899
TAVHL.IS : 0.04044970580326364
THYAO.IS : 0.048204866483991596
TOASO.IS : 0.06761846258662513
TUPRS.IS : 0.024489594781251473
YKBNK.IS : 0.048563431377678636

Best 5 Return Portfolio:
KOZAA.IS : 0.2
YKBNK.IS : 0.2
KOZAL.IS : 0.2
PGSUS.IS : 0.2
AKBNK.IS : 0.19999999999999996

Best 10 Return Portfolio:
KOZAA.IS : 0.1
YKBNK.IS : 0.1
KOZAL.IS : 0.1
PGSUS.IS : 0.1
AKBNK.IS : 0.1
EKGYO.IS : 0.1
SAHOL.IS : 0.1
ISCTR.IS : 0.1
GARAN.IS : 0.1
TOASO.IS : 0.09999999999999998
