Min Volatility Portfolio:
AKBNK.IS : 0.04036398591617967
ALARK.IS : 0.019076856284859715
ARCLK.IS : 0.03164082939870502
ASELS.IS : 0.03666241140126348
BIMAS.IS : 0.03207210099624067
EKGYO.IS : 0.038607608580106895
ENKAI.IS : 0.03206971543535993
EREGL.IS : 0.02409080903937282
FROTO.IS : 0.032095227862310276
GARAN.IS : 0.04002559352571888
GUBRF.IS : 0.03231596129792634
HEKTS.IS : 0.02181297247224125
ISCTR.IS : 0.037796021422681125
KCHOL.IS : 0.020468125563900895
KOZAA.IS : 0.04894955253330764
KOZAL.IS : 0.05431024352307016
ODAS.IS : 0.02293827427527301
PETKM.IS : 0.04907517407297861
PGSUS.IS : 0.033652613195200985
SAHOL.IS : 0.027729042693777118
SASA.IS : 0.028178661916847484
SISE.IS : 0.058114596560109276
TAVHL.IS : 0.03999219990864859
TCELL.IS : 0.010184243318323093
THYAO.IS : 0.03790751050654036
TOASO.IS : 0.033668275670420016
TUPRS.IS : 0.0778161146807996
YKBNK.IS : 0.038385277947837165

Min Daily Loss Portfolio:
ALARK.IS : 0.24402585688435094
ISCTR.IS : 0.2519913809877184
KOZAA.IS : 0.25199138106171776
KOZAL.IS : 0.251991381066213

Max Sharpe Ratio Portfolio:
ALARK.IS : 0.2510224791374551
ISCTR.IS : 0.12775765551980253
KOZAA.IS : 0.24769235011680624
KOZAL.IS : 0.24826856161716407
KRDMD.IS : 0.06637613747229554
TUPRS.IS : 0.05888281613647642

Best 5 Return Portfolio:
KOZAA.IS : 0.2
KOZAL.IS : 0.2
KRDMD.IS : 0.2
SISE.IS : 0.2
PETKM.IS : 0.19999999999999996

Best 10 Return Portfolio:
KOZAA.IS : 0.1
KOZAL.IS : 0.1
KRDMD.IS : 0.1
SISE.IS : 0.1
PETKM.IS : 0.1
ALARK.IS : 0.1
SASA.IS : 0.1
TUPRS.IS : 0.1
ENKAI.IS : 0.1
ARCLK.IS : 0.09999999999999998
