Min Volatility Portfolio:
AKBNK.IS : 0.05907864864768026
ALARK.IS : 0.0794650906215384
ARCLK.IS : 0.03944280863774264
BIMAS.IS : 0.05830505079602479
EKGYO.IS : 0.06053519468492764
ENKAI.IS : 0.05159445308365587
EREGL.IS : 0.039303996508576355
FROTO.IS : 0.05970828597992734
HEKTS.IS : 0.019354683135702985
ISCTR.IS : 0.10478059706560802
KOZAA.IS : 0.03055044385485707
KOZAL.IS : 0.04399162211834427
KRDMD.IS : 0.015089240502968867
PETKM.IS : 0.03938849719872295
PGSUS.IS : 0.056234453135615536
SASA.IS : 0.054087203286915575
TAVHL.IS : 0.06257847349651306
TCELL.IS : 0.034562456034575605
THYAO.IS : 0.03152460462974462
TUPRS.IS : 0.06042419658035818

Min Daily Loss Portfolio:
AKBNK.IS : 0.08458366522084923
EKGYO.IS : 0.25000000008918766
ISCTR.IS : 0.25000000042920967
KOZAL.IS : 0.09759696436392153
PGSUS.IS : 0.2500000004560797
TCELL.IS : 0.027852001191217446
YKBNK.IS : 0.03996736824953496

Max Sharpe Ratio Portfolio:
AKBNK.IS : 0.03448275862068966
ALARK.IS : 0.03448275862068966
ARCLK.IS : 0.03448275862068966
ASELS.IS : 0.03448275862068966
BIMAS.IS : 0.03448275862068966
EKGYO.IS : 0.03448275862068966
ENKAI.IS : 0.03448275862068966
EREGL.IS : 0.03448275862068966
FROTO.IS : 0.03448275862068966
GARAN.IS : 0.03448275862068966
GUBRF.IS : 0.03448275862068966
HEKTS.IS : 0.03448275862068966
ISCTR.IS : 0.03448275862068966
KCHOL.IS : 0.03448275862068966
KOZAA.IS : 0.03448275862068966
KOZAL.IS : 0.03448275862068966
KRDMD.IS : 0.03448275862068966
ODAS.IS : 0.03448275862068966
PETKM.IS : 0.03448275862068966
PGSUS.IS : 0.03448275862068966
SAHOL.IS : 0.03448275862068966
SASA.IS : 0.03448275862068966
SISE.IS : 0.03448275862068966
TAVHL.IS : 0.03448275862068966
TCELL.IS : 0.03448275862068966
THYAO.IS : 0.03448275862068966
TOASO.IS : 0.03448275862068966
TUPRS.IS : 0.03448275862068966
YKBNK.IS : 0.03448275862068966

Best 5 Return Portfolio:
ISCTR.IS : 0.2
AKBNK.IS : 0.2
EKGYO.IS : 0.2
KRDMD.IS : 0.2
YKBNK.IS : 0.19999999999999996

Best 10 Return Portfolio:
ISCTR.IS : 0.1
AKBNK.IS : 0.1
EKGYO.IS : 0.1
KRDMD.IS : 0.1
YKBNK.IS : 0.1
KOZAL.IS : 0.1
PGSUS.IS : 0.1
EREGL.IS : 0.1
ASELS.IS : 0.1
GARAN.IS : 0.09999999999999998
