Min Volatility Portfolio:
AKBNK.IS : 0.03937465476541705
ARCLK.IS : 0.0536240931098348
ASELS.IS : 0.031169469676205
BIMAS.IS : 0.04749278570344572
EKGYO.IS : 0.11644762727135555
GARAN.IS : 0.05547974211110011
HEKTS.IS : 0.04259928945965116
ISCTR.IS : 0.04271338274713691
KRDMD.IS : 0.039614196283718706
ODAS.IS : 0.09622013496282283
PETKM.IS : 0.050559236722418965
PGSUS.IS : 0.019621281812069142
SASA.IS : 0.040575121086200566
SISE.IS : 0.06515210419985776
TAVHL.IS : 0.014569795518952995
TCELL.IS : 0.03045601251646606
THYAO.IS : 0.10437142996520633
TUPRS.IS : 0.026837565930435514
YKBNK.IS : 0.08312207615770484

Min Daily Loss Portfolio:
KOZAA.IS : 0.2535017198308082
KRDMD.IS : 0.253501720039542
ODAS.IS : 0.23949484044383623
THYAO.IS : 0.2535017196858134

Max Sharpe Ratio Portfolio:
EKGYO.IS : 0.21430675239771851
KOZAA.IS : 0.26189774920076053
KRDMD.IS : 0.26189774920076053
ODAS.IS : 0.26189774920076053

Best 5 Return Portfolio:
KRDMD.IS : 0.2
ASELS.IS : 0.2
KOZAA.IS : 0.2
KOZAL.IS : 0.2
EREGL.IS : 0.19999999999999996

Best 10 Return Portfolio:
KRDMD.IS : 0.1
ASELS.IS : 0.1
KOZAA.IS : 0.1
KOZAL.IS : 0.1
EREGL.IS : 0.1
TUPRS.IS : 0.1
GUBRF.IS : 0.1
SASA.IS : 0.1
PETKM.IS : 0.1
TCELL.IS : 0.09999999999999998
