Min Volatility Portfolio:
ALARK.IS : 0.18567416501507716
ASELS.IS : 0.12721154570691642
BIMAS.IS : 0.05601445695757666
GARAN.IS : 0.0978633950595373
KCHOL.IS : 0.06744809252459301
KOZAL.IS : 0.1349455975704328
ODAS.IS : 0.09245177169803656
SAHOL.IS : 0.023293056565781897
TAVHL.IS : 0.03816108341984628
TCELL.IS : 0.06462937331975163
TUPRS.IS : 0.024068214902215678
YKBNK.IS : 0.08823924726023456

Min Daily Loss Portfolio:
ALARK.IS : 0.25000000647015364
ASELS.IS : 0.2500000014956559
KOZAL.IS : 0.14874122179259516
TAVHL.IS : 0.24999999707166187
TCELL.IS : 0.08325755473586548
TUPRS.IS : 0.018001218434067927

Max Sharpe Ratio Portfolio:
ALARK.IS : 0.25000000668651573
ASELS.IS : 0.13830136604887214
GARAN.IS : 0.02977932380027666
KOZAL.IS : 0.13808665682890028
SAHOL.IS : 0.03503523929330588
TAVHL.IS : 0.015134790151514426
TCELL.IS : 0.07327991813837365
TUPRS.IS : 0.24999999229519523
YKBNK.IS : 0.07038270675704611

Best 5 Return Portfolio:
TUPRS.IS : 0.2
TAVHL.IS : 0.2
THYAO.IS : 0.2
KCHOL.IS : 0.2
BIMAS.IS : 0.19999999999999996

Best 10 Return Portfolio:
TUPRS.IS : 0.1
TAVHL.IS : 0.1
THYAO.IS : 0.1
KCHOL.IS : 0.1
BIMAS.IS : 0.1
ASELS.IS : 0.1
EREGL.IS : 0.1
ISCTR.IS : 0.1
GUBRF.IS : 0.1
KRDMD.IS : 0.09999999999999998
