Min Volatility Portfolio:
ARCLK.IS : 0.012744826737059916
ASELS.IS : 0.07395450494514925
EKGYO.IS : 0.053971452548489285
ENKAI.IS : 0.02764811086868823
EREGL.IS : 0.020811893347934884
FROTO.IS : 0.055574575814160865
GARAN.IS : 0.050400720554988745
GUBRF.IS : 0.12633227687042525
HEKTS.IS : 0.025367415791793416
ISCTR.IS : 0.06490712125866005
KOZAA.IS : 0.01170348221906875
KOZAL.IS : 0.0415596100310007
KRDMD.IS : 0.06523787868762253
PETKM.IS : 0.02093136523654362
PGSUS.IS : 0.023025960728309623
SAHOL.IS : 0.01559593350889405
SASA.IS : 0.03845616781368929
SISE.IS : 0.027222651723694296
TAVHL.IS : 0.0976030683932814
THYAO.IS : 0.02316973685916578
TUPRS.IS : 0.059483366167084384
YKBNK.IS : 0.06429787989429589

Min Daily Loss Portfolio:
ASELS.IS : 0.16947966886939272
GARAN.IS : 0.25000000029147895
GUBRF.IS : 0.1448676261645811
KOZAL.IS : 0.14124024017529663
KRDMD.IS : 0.04441246452921535
TUPRS.IS : 0.24999999997003527

Max Sharpe Ratio Portfolio:
ALARK.IS : 0.014274249190059325
ASELS.IS : 0.09705780695432294
EKGYO.IS : 0.053006448989092896
FROTO.IS : 0.03335375897794571
GARAN.IS : 0.22622909180660866
GUBRF.IS : 0.12190945704938627
ISCTR.IS : 0.03267925062726341
KOZAL.IS : 0.0539794912827464
KRDMD.IS : 0.060273430210245255
ODAS.IS : 0.0161503685101288
PGSUS.IS : 0.04805715569701072
SASA.IS : 0.05633484807261167
TAVHL.IS : 0.0728589660730422
TOASO.IS : 0.02350107543610693
TUPRS.IS : 0.0702720777645373
YKBNK.IS : 0.02006252335889172

Best 5 Return Portfolio:
GARAN.IS : 0.2
KRDMD.IS : 0.2
AKBNK.IS : 0.2
ODAS.IS : 0.2
KCHOL.IS : 0.19999999999999996

Best 10 Return Portfolio:
GARAN.IS : 0.1
KRDMD.IS : 0.1
AKBNK.IS : 0.1
ODAS.IS : 0.1
KCHOL.IS : 0.1
TUPRS.IS : 0.1
PGSUS.IS : 0.1
TOASO.IS : 0.1
EREGL.IS : 0.1
PETKM.IS : 0.09999999999999998
