Min Volatility Portfolio:
ALARK.IS : 0.04921282833358571
ASELS.IS : 0.045763987281513076
ENKAI.IS : 0.04767386416266587
FROTO.IS : 0.043174014496330855
GUBRF.IS : 0.09942768418846401
HEKTS.IS : 0.09619045676850795
KCHOL.IS : 0.01295982181418081
KOZAA.IS : 0.0788602963816016
KOZAL.IS : 0.10356223524964336
ODAS.IS : 0.03367357956452082
PGSUS.IS : 0.06843211733401766
SASA.IS : 0.06982778140098926
SISE.IS : 0.07633373370473583
TAVHL.IS : 0.03491295420449948
TCELL.IS : 0.030032099924833133
THYAO.IS : 0.019244342091908884
TOASO.IS : 0.06971359098792153
TUPRS.IS : 0.02100461211008026

Min Daily Loss Portfolio:
ASELS.IS : 0.21154668226396378
ENKAI.IS : 0.020955038639576314
HEKTS.IS : 0.10021360182626565
KOZAL.IS : 0.25000000239719744
SISE.IS : 0.25000000179028964
TOASO.IS : 0.1672846730827072

Max Sharpe Ratio Portfolio:
ASELS.IS : 0.21246952336404204
ENKAI.IS : 0.024253310744931516
EREGL.IS : 0.06908042842839475
HEKTS.IS : 0.07986222560783561
KOZAL.IS : 0.2394691141397402
KRDMD.IS : 0.017683462617406817
SASA.IS : 0.023407184326635015
SISE.IS : 0.15343534903888456
TOASO.IS : 0.1803394017321295

Best 5 Return Portfolio:
KOZAL.IS : 0.2
ASELS.IS : 0.2
ISCTR.IS : 0.2
SISE.IS : 0.2
KOZAA.IS : 0.19999999999999996

Best 10 Return Portfolio:
KOZAL.IS : 0.1
ASELS.IS : 0.1
ISCTR.IS : 0.1
SISE.IS : 0.1
KOZAA.IS : 0.1
EREGL.IS : 0.1
TOASO.IS : 0.1
GUBRF.IS : 0.1
AKBNK.IS : 0.1
BIMAS.IS : 0.09999999999999998
