Min Volatility Portfolio:
ALARK.IS : 0.08778376123798924
ARCLK.IS : 0.03362664392618837
ASELS.IS : 0.07257139350266725
BIMAS.IS : 0.05950514194337559
EKGYO.IS : 0.07463525649690887
ENKAI.IS : 0.03401076362321572
EREGL.IS : 0.02255267091722465
FROTO.IS : 0.050845773545049794
GARAN.IS : 0.017135357328751974
GUBRF.IS : 0.11438485715382093
HEKTS.IS : 0.07293674237962741
ISCTR.IS : 0.012817683933326617
KOZAL.IS : 0.016142932167963524
ODAS.IS : 0.05015078645981967
PETKM.IS : 0.06903546700889703
PGSUS.IS : 0.037376291955112835
SAHOL.IS : 0.012953704031432775
SASA.IS : 0.05163646209300815
TAVHL.IS : 0.011694381097107654
TCELL.IS : 0.017247160643177824
TOASO.IS : 0.04729398656509497
YKBNK.IS : 0.033662781990239185

Min Daily Loss Portfolio:
ALARK.IS : 0.25121097921364555
ASELS.IS : 0.118701038031629
GUBRF.IS : 0.21282117740188866
ISCTR.IS : 0.2512107949712553
PETKM.IS : 0.13971770234673772
THYAO.IS : 0.02633830803484379

Max Sharpe Ratio Portfolio:
ALARK.IS : 0.1414360152682444
ASELS.IS : 0.08496714113217681
BIMAS.IS : 0.0633017673172806
EKGYO.IS : 0.049223563413237324
FROTO.IS : 0.03248363250773127
GUBRF.IS : 0.13488020437385614
HEKTS.IS : 0.0894590125326924
ODAS.IS : 0.022491237161335664
PETKM.IS : 0.03942419733362143
SASA.IS : 0.08783369219720687
THYAO.IS : 0.2544995367626172

Best 5 Return Portfolio:
ALARK.IS : 0.2
THYAO.IS : 0.2
TOASO.IS : 0.2
GARAN.IS : 0.2
PETKM.IS : 0.19999999999999996

Best 10 Return Portfolio:
ALARK.IS : 0.1
THYAO.IS : 0.1
TOASO.IS : 0.1
GARAN.IS : 0.1
PETKM.IS : 0.1
PGSUS.IS : 0.1
ISCTR.IS : 0.1
EKGYO.IS : 0.1
EREGL.IS : 0.1
SISE.IS : 0.09999999999999998
