Min Volatility Portfolio:
AKBNK.IS : 0.019508197138426903
ALARK.IS : 0.05076430964006001
ARCLK.IS : 0.056639573941851616
ASELS.IS : 0.03485339573951691
BIMAS.IS : 0.027229967596230708
EKGYO.IS : 0.03707299543767421
ENKAI.IS : 0.03962665597597081
EREGL.IS : 0.030042989989131005
FROTO.IS : 0.02908850004236581
GARAN.IS : 0.022333764794434805
GUBRF.IS : 0.07740046874847312
HEKTS.IS : 0.046843531043132304
ISCTR.IS : 0.035294557337268904
KCHOL.IS : 0.040568328222084706
KOZAA.IS : 0.028327725049533205
KOZAL.IS : 0.027863257289421708
KRDMD.IS : 0.025697942987420508
ODAS.IS : 0.05834229029583662
PETKM.IS : 0.03974336464296781
PGSUS.IS : 0.030382292141082106
SAHOL.IS : 0.030363956558481307
SASA.IS : 0.04490508419819401
SISE.IS : 0.026997300789491505
TAVHL.IS : 0.025139693094866706
TCELL.IS : 0.015822333252492403
THYAO.IS : 0.022103776512262304
TOASO.IS : 0.040497033415995906
TUPRS.IS : 0.022582838336361204
YKBNK.IS : 0.013963875788971004

Min Daily Loss Portfolio:
FROTO.IS : 0.25000000004113293
GUBRF.IS : 0.13314401106950113
ISCTR.IS : 0.2500000000051421
KOZAA.IS : 0.24976421673706511
TOASO.IS : 0.11709177214715878

Max Sharpe Ratio Portfolio:
AKBNK.IS : 0.03448275862068966
ALARK.IS : 0.03448275862068966
ARCLK.IS : 0.03448275862068966
ASELS.IS : 0.03448275862068966
BIMAS.IS : 0.03448275862068966
EKGYO.IS : 0.03448275862068966
ENKAI.IS : 0.03448275862068966
EREGL.IS : 0.03448275862068966
FROTO.IS : 0.03448275862068966
GARAN.IS : 0.03448275862068966
GUBRF.IS : 0.03448275862068966
HEKTS.IS : 0.03448275862068966
ISCTR.IS : 0.03448275862068966
KCHOL.IS : 0.03448275862068966
KOZAA.IS : 0.03448275862068966
KOZAL.IS : 0.03448275862068966
KRDMD.IS : 0.03448275862068966
ODAS.IS : 0.03448275862068966
PETKM.IS : 0.03448275862068966
PGSUS.IS : 0.03448275862068966
SAHOL.IS : 0.03448275862068966
SASA.IS : 0.03448275862068966
SISE.IS : 0.03448275862068966
TAVHL.IS : 0.03448275862068966
TCELL.IS : 0.03448275862068966
THYAO.IS : 0.03448275862068966
TOASO.IS : 0.03448275862068966
TUPRS.IS : 0.03448275862068966
YKBNK.IS : 0.03448275862068966

Best 5 Return Portfolio:
KOZAA.IS : 0.2
ISCTR.IS : 0.2
KOZAL.IS : 0.2
GUBRF.IS : 0.2
TUPRS.IS : 0.19999999999999996

Best 10 Return Portfolio:
KOZAA.IS : 0.1
ISCTR.IS : 0.1
KOZAL.IS : 0.1
GUBRF.IS : 0.1
TUPRS.IS : 0.1
ENKAI.IS : 0.1
THYAO.IS : 0.1
PGSUS.IS : 0.1
KCHOL.IS : 0.1
ALARK.IS : 0.09999999999999998
