Min Volatility Portfolio:
AKBNK.IS : 0.025176526154099953
ALARK.IS : 0.05120958782492949
ASELS.IS : 0.14004008904333454
BIMAS.IS : 0.08954887885307074
ENKAI.IS : 0.07721118300552163
FROTO.IS : 0.11256328112124345
GARAN.IS : 0.0311636716081651
HEKTS.IS : 0.03142285689536628
KCHOL.IS : 0.10682333429793163
KOZAL.IS : 0.07086729764105884
PGSUS.IS : 0.04486370089741898
SISE.IS : 0.08791543087745203
TCELL.IS : 0.06590675010948416
TUPRS.IS : 0.06528741167092315

Min Daily Loss Portfolio:
BIMAS.IS : 0.25000000947375445
FROTO.IS : 0.25000001027240937
KOZAA.IS : 0.09456487670624333
KOZAL.IS : 0.2367163179200669
SISE.IS : 0.11446684511884583
TUPRS.IS : 0.05425194050868016

Max Sharpe Ratio Portfolio:
ARCLK.IS : 0.1756325510824901
ASELS.IS : 0.08859561623500344
BIMAS.IS : 0.2500000000003632
FROTO.IS : 0.19522856743793693
KOZAA.IS : 0.2500000000001137
KOZAL.IS : 0.023181149588000396
YKBNK.IS : 0.01736211565609226

Best 5 Return Portfolio:
BIMAS.IS : 0.2
ASELS.IS : 0.2
KOZAA.IS : 0.2
YKBNK.IS : 0.2
GUBRF.IS : 0.19999999999999996

Best 10 Return Portfolio:
BIMAS.IS : 0.1
ASELS.IS : 0.1
KOZAA.IS : 0.1
YKBNK.IS : 0.1
GUBRF.IS : 0.1
PETKM.IS : 0.1
ARCLK.IS : 0.1
SISE.IS : 0.1
FROTO.IS : 0.1
ODAS.IS : 0.09999999999999998
