Min Volatility Portfolio:
AKBNK.IS : 0.06963924684223899
ALARK.IS : 0.07092342319355764
ARCLK.IS : 0.037338511922008565
ASELS.IS : 0.036290589974880424
BIMAS.IS : 0.07082906271058202
EKGYO.IS : 0.019096320009712616
ENKAI.IS : 0.026867535857461284
EREGL.IS : 0.02245401005127735
FROTO.IS : 0.04022965098399989
GARAN.IS : 0.06827482033506167
GUBRF.IS : 0.037684149368257536
ISCTR.IS : 0.07338643580656763
KCHOL.IS : 0.05806765191604416
KRDMD.IS : 0.029435178967977024
ODAS.IS : 0.016954101290114352
PETKM.IS : 0.03165431292457078
PGSUS.IS : 0.02173849933397293
SAHOL.IS : 0.04695174041947582
SISE.IS : 0.02758550347413074
TAVHL.IS : 0.02369778096585818
TCELL.IS : 0.020667484171866233
THYAO.IS : 0.024645863965553686
TOASO.IS : 0.019393173017322546
TUPRS.IS : 0.02935185788920632
YKBNK.IS : 0.0768430946083016

Min Daily Loss Portfolio:
ALARK.IS : 0.25000000728027344
FROTO.IS : 0.25000000424079316
KRDMD.IS : 0.24999998272091747
TOASO.IS : 0.250000005758016

Max Sharpe Ratio Portfolio:
AKBNK.IS : 0.03448275862068966
ALARK.IS : 0.03448275862068966
ARCLK.IS : 0.03448275862068966
ASELS.IS : 0.03448275862068966
BIMAS.IS : 0.03448275862068966
EKGYO.IS : 0.03448275862068966
ENKAI.IS : 0.03448275862068966
EREGL.IS : 0.03448275862068966
FROTO.IS : 0.03448275862068966
GARAN.IS : 0.03448275862068966
GUBRF.IS : 0.03448275862068966
HEKTS.IS : 0.03448275862068966
ISCTR.IS : 0.03448275862068966
KCHOL.IS : 0.03448275862068966
KOZAA.IS : 0.03448275862068966
KOZAL.IS : 0.03448275862068966
KRDMD.IS : 0.03448275862068966
ODAS.IS : 0.03448275862068966
PETKM.IS : 0.03448275862068966
PGSUS.IS : 0.03448275862068966
SAHOL.IS : 0.03448275862068966
SASA.IS : 0.03448275862068966
SISE.IS : 0.03448275862068966
TAVHL.IS : 0.03448275862068966
TCELL.IS : 0.03448275862068966
THYAO.IS : 0.03448275862068966
TOASO.IS : 0.03448275862068966
TUPRS.IS : 0.03448275862068966
YKBNK.IS : 0.03448275862068966

Best 5 Return Portfolio:
SASA.IS : 0.2
KOZAA.IS : 0.2
KOZAL.IS : 0.2
EKGYO.IS : 0.2
KRDMD.IS : 0.19999999999999996

Best 10 Return Portfolio:
SASA.IS : 0.1
KOZAA.IS : 0.1
KOZAL.IS : 0.1
EKGYO.IS : 0.1
KRDMD.IS : 0.1
ALARK.IS : 0.1
GUBRF.IS : 0.1
HEKTS.IS : 0.1
ODAS.IS : 0.1
THYAO.IS : 0.09999999999999998
