Min Volatility Portfolio:
ALARK.IS : 0.048508893482146945
ARCLK.IS : 0.022398722798942085
BIMAS.IS : 0.06557451988239175
EREGL.IS : 0.03977648555554124
GARAN.IS : 0.12178422898895594
ISCTR.IS : 0.252536612990907
KCHOL.IS : 0.012548615846845544
KRDMD.IS : 0.01852865400650272
PETKM.IS : 0.049574154503941446
SAHOL.IS : 0.02102719770843542
SASA.IS : 0.04526671993906438
SISE.IS : 0.07629487014396613
TAVHL.IS : 0.14177204055015713
TUPRS.IS : 0.014807016355237382
YKBNK.IS : 0.06960126724696496

Min Daily Loss Portfolio:
ISCTR.IS : 0.2500000011526129
KRDMD.IS : 0.249999999860233
PETKM.IS : 0.11653887361976496
TAVHL.IS : 0.2500000011189473
TUPRS.IS : 0.05150404827411836
YKBNK.IS : 0.08195707597432356

Max Sharpe Ratio Portfolio:
ISCTR.IS : 0.24991001983634026
KRDMD.IS : 0.2501220839509659
TAVHL.IS : 0.25011843449818894
TUPRS.IS : 0.13228200603546583
YKBNK.IS : 0.11756745567903906

Best 5 Return Portfolio:
TUPRS.IS : 0.2
KRDMD.IS : 0.2
ISCTR.IS : 0.2
AKBNK.IS : 0.2
TAVHL.IS : 0.19999999999999996

Best 10 Return Portfolio:
TUPRS.IS : 0.1
KRDMD.IS : 0.1
ISCTR.IS : 0.1
AKBNK.IS : 0.1
TAVHL.IS : 0.1
YKBNK.IS : 0.1
EREGL.IS : 0.1
PETKM.IS : 0.1
GUBRF.IS : 0.1
KCHOL.IS : 0.09999999999999998
