Min Volatility Portfolio:
ALARK.IS : 0.04197101991413852
ARCLK.IS : 0.03060140913382215
BIMAS.IS : 0.10457203254316776
ENKAI.IS : 0.0589932977441328
EREGL.IS : 0.07154321735867578
GARAN.IS : 0.09479251485001902
GUBRF.IS : 0.11676482428951014
KOZAA.IS : 0.01452067107250163
KRDMD.IS : 0.055188119970517376
PGSUS.IS : 0.24793547051760711
THYAO.IS : 0.14179436108367202
YKBNK.IS : 0.021323061522235686

Min Daily Loss Portfolio:
BIMAS.IS : 0.25000000018207247
GARAN.IS : 0.25000000019074586
ODAS.IS : 0.1745731348074095
PGSUS.IS : 0.08866272669518782
TAVHL.IS : 0.23676413812458436

Max Sharpe Ratio Portfolio:
BIMAS.IS : 0.24769997928022058
ENKAI.IS : 0.04726067341703056
EREGL.IS : 0.02732027970669965
GARAN.IS : 0.247804265276955
GUBRF.IS : 0.05359090207771937
KOZAA.IS : 0.04504069460217559
KOZAL.IS : 0.04048273624931291
KRDMD.IS : 0.045861732238942826
PGSUS.IS : 0.1413621376943085
TAVHL.IS : 0.028046897221278146
THYAO.IS : 0.07552970223535703

Best 5 Return Portfolio:
GARAN.IS : 0.2
BIMAS.IS : 0.2
TAVHL.IS : 0.2
PGSUS.IS : 0.2
TUPRS.IS : 0.19999999999999996

Best 10 Return Portfolio:
GARAN.IS : 0.1
BIMAS.IS : 0.1
TAVHL.IS : 0.1
PGSUS.IS : 0.1
TUPRS.IS : 0.1
YKBNK.IS : 0.1
ALARK.IS : 0.1
SAHOL.IS : 0.1
AKBNK.IS : 0.1
ISCTR.IS : 0.09999999999999998
