Min Volatility Portfolio:
ARCLK.IS : 0.03649928312735732
BIMAS.IS : 0.06694275689555958
EKGYO.IS : 0.018214456796884566
EREGL.IS : 0.043053789786001495
FROTO.IS : 0.09612858817384205
HEKTS.IS : 0.012021487516305232
KCHOL.IS : 0.052174818836370596
KOZAL.IS : 0.0200425389398156
KRDMD.IS : 0.09271395162152506
ODAS.IS : 0.06139281298816034
PETKM.IS : 0.02270061169419147
PGSUS.IS : 0.09935687013246768
SAHOL.IS : 0.06199630090135866
SASA.IS : 0.027810674992000812
TAVHL.IS : 0.09410219472763869
TCELL.IS : 0.08327266307208561
THYAO.IS : 0.09477078185286902
YKBNK.IS : 0.016805417945566246

Min Daily Loss Portfolio:
GARAN.IS : 0.21456371242327305
PGSUS.IS : 0.03543628336624704
TCELL.IS : 0.25000000179999415
THYAO.IS : 0.25000000021714774
TOASO.IS : 0.25000000219333796

Max Sharpe Ratio Portfolio:
BIMAS.IS : 0.06483795600869008
ENKAI.IS : 0.022256112041566054
FROTO.IS : 0.10269360437711701
KCHOL.IS : 0.025032243572427747
KRDMD.IS : 0.1027769851172167
ODAS.IS : 0.016967635776456214
PGSUS.IS : 0.0994835694107353
SAHOL.IS : 0.041649465727986036
TAVHL.IS : 0.09253020257131239
TCELL.IS : 0.0729918778751769
THYAO.IS : 0.10581687948534321
TOASO.IS : 0.2529634680359724

Best 5 Return Portfolio:
TOASO.IS : 0.2
HEKTS.IS : 0.2
GARAN.IS : 0.2
TCELL.IS : 0.2
THYAO.IS : 0.19999999999999996

Best 10 Return Portfolio:
TOASO.IS : 0.1
HEKTS.IS : 0.1
GARAN.IS : 0.1
TCELL.IS : 0.1
THYAO.IS : 0.1
AKBNK.IS : 0.1
ENKAI.IS : 0.1
KCHOL.IS : 0.1
YKBNK.IS : 0.1
KOZAL.IS : 0.09999999999999998
