Min Volatility Portfolio:
AKBNK.IS : 0.07327807261402791
ARCLK.IS : 0.12995663271738617
BIMAS.IS : 0.06639307561047054
EKGYO.IS : 0.07751841232536331
ENKAI.IS : 0.023912725752560256
EREGL.IS : 0.04963300165897126
FROTO.IS : 0.03153787182541394
GARAN.IS : 0.1286354681369352
HEKTS.IS : 0.012190222744117565
ISCTR.IS : 0.010851281598157831
KCHOL.IS : 0.016375090737746
KOZAA.IS : 0.040602742678817236
KOZAL.IS : 0.0158171462740463
KRDMD.IS : 0.027915826760972713
PETKM.IS : 0.0263486431663744
PGSUS.IS : 0.03743913809006244
SAHOL.IS : 0.05970152538449925
TAVHL.IS : 0.036676599525966656
TCELL.IS : 0.010460693191749247
THYAO.IS : 0.018871433651844995
TOASO.IS : 0.02998565080590635
TUPRS.IS : 0.07589874474861057

Min Daily Loss Portfolio:
AKBNK.IS : 0.2500000006980569
ARCLK.IS : 0.1882477378768083
ASELS.IS : 0.2078461202756118
GARAN.IS : 0.10390614086112593
SAHOL.IS : 0.25000000028839714

Max Sharpe Ratio Portfolio:
AKBNK.IS : 0.03448275862068966
ALARK.IS : 0.03448275862068966
ARCLK.IS : 0.03448275862068966
ASELS.IS : 0.03448275862068966
BIMAS.IS : 0.03448275862068966
EKGYO.IS : 0.03448275862068966
ENKAI.IS : 0.03448275862068966
EREGL.IS : 0.03448275862068966
FROTO.IS : 0.03448275862068966
GARAN.IS : 0.03448275862068966
GUBRF.IS : 0.03448275862068966
HEKTS.IS : 0.03448275862068966
ISCTR.IS : 0.03448275862068966
KCHOL.IS : 0.03448275862068966
KOZAA.IS : 0.03448275862068966
KOZAL.IS : 0.03448275862068966
KRDMD.IS : 0.03448275862068966
ODAS.IS : 0.03448275862068966
PETKM.IS : 0.03448275862068966
PGSUS.IS : 0.03448275862068966
SAHOL.IS : 0.03448275862068966
SASA.IS : 0.03448275862068966
SISE.IS : 0.03448275862068966
TAVHL.IS : 0.03448275862068966
TCELL.IS : 0.03448275862068966
THYAO.IS : 0.03448275862068966
TOASO.IS : 0.03448275862068966
TUPRS.IS : 0.03448275862068966
YKBNK.IS : 0.03448275862068966

Best 5 Return Portfolio:
ASELS.IS : 0.2
AKBNK.IS : 0.2
GARAN.IS : 0.2
SAHOL.IS : 0.2
TCELL.IS : 0.19999999999999996

Best 10 Return Portfolio:
ASELS.IS : 0.1
AKBNK.IS : 0.1
GARAN.IS : 0.1
SAHOL.IS : 0.1
TCELL.IS : 0.1
SISE.IS : 0.1
SASA.IS : 0.1
KOZAA.IS : 0.1
BIMAS.IS : 0.1
KOZAL.IS : 0.09999999999999998
