Min Volatility Portfolio:
ALARK.IS : 0.10556368449879802
BIMAS.IS : 0.06114702818608461
ENKAI.IS : 0.03669864647264302
EREGL.IS : 0.025679370767791584
FROTO.IS : 0.05250976365395277
GARAN.IS : 0.011604490992746415
GUBRF.IS : 0.050564954693832716
HEKTS.IS : 0.04807913885054167
ISCTR.IS : 0.020489622992419836
KCHOL.IS : 0.02042062260043526
KOZAA.IS : 0.07314200461512398
KOZAL.IS : 0.06038045432893968
KRDMD.IS : 0.04853971669042889
PGSUS.IS : 0.05253887656281987
SAHOL.IS : 0.07152797734493992
SASA.IS : 0.07635448049620575
SISE.IS : 0.018391507131623294
TAVHL.IS : 0.03427909171038339
TCELL.IS : 0.01956666475522015
THYAO.IS : 0.03970935081226282
TOASO.IS : 0.013119157986087527
TUPRS.IS : 0.012964832566266746
YKBNK.IS : 0.04672856129045206

Min Daily Loss Portfolio:
BIMAS.IS : 0.09005449746461643
KOZAA.IS : 0.16569796638951528
KOZAL.IS : 0.24999999848890153
SAHOL.IS : 0.2499999999098934
THYAO.IS : 0.24424753774707342

Max Sharpe Ratio Portfolio:
AKBNK.IS : 0.021680831072344312
ALARK.IS : 0.0913139603196119
ASELS.IS : 0.06576645497898059
BIMAS.IS : 0.04403789437405398
KOZAA.IS : 0.06120634795923689
KOZAL.IS : 0.08894609385698653
PETKM.IS : 0.15838613178386451
PGSUS.IS : 0.011081196193037159
SAHOL.IS : 0.2528002732690427
SASA.IS : 0.041979675632323556
THYAO.IS : 0.1474700901575744
YKBNK.IS : 0.015331050402943478

Best 5 Return Portfolio:
THYAO.IS : 0.2
EKGYO.IS : 0.2
SAHOL.IS : 0.2
ASELS.IS : 0.2
PETKM.IS : 0.19999999999999996

Best 10 Return Portfolio:
THYAO.IS : 0.1
EKGYO.IS : 0.1
SAHOL.IS : 0.1
ASELS.IS : 0.1
PETKM.IS : 0.1
AKBNK.IS : 0.1
KOZAL.IS : 0.1
TCELL.IS : 0.1
ISCTR.IS : 0.1
BIMAS.IS : 0.09999999999999998
