Min Volatility Portfolio:
AKBNK.IS : 0.0436301699619423
ASELS.IS : 0.06472113957933126
EKGYO.IS : 0.13034104983327183
ENKAI.IS : 0.02734013215718769
EREGL.IS : 0.010571834200879433
FROTO.IS : 0.05091561270658705
GARAN.IS : 0.03210837637746934
GUBRF.IS : 0.04302807455282464
HEKTS.IS : 0.022147158614716247
ISCTR.IS : 0.12181952190476457
KCHOL.IS : 0.054237447801268664
KOZAL.IS : 0.020783081899516227
SAHOL.IS : 0.029746443857506775
SASA.IS : 0.07206438436183103
SISE.IS : 0.07043480891073195
TAVHL.IS : 0.01794470262533167
THYAO.IS : 0.1336683176105862
TUPRS.IS : 0.05449774304425317

Min Daily Loss Portfolio:
EKGYO.IS : 0.25000000014921187
ENKAI.IS : 0.24999999427474137
GUBRF.IS : 0.13642453703505944
PETKM.IS : 0.11357546837624372
THYAO.IS : 0.2500000001647436

Max Sharpe Ratio Portfolio:
EKGYO.IS : 0.20671965875788667
ENKAI.IS : 0.2524825692561023
ISCTR.IS : 0.01885224145509877
PETKM.IS : 0.03433324430884024
TCELL.IS : 0.2524825692561023
THYAO.IS : 0.23512971696596982

Best 5 Return Portfolio:
TCELL.IS : 0.2
ENKAI.IS : 0.2
EKGYO.IS : 0.2
PETKM.IS : 0.2
GUBRF.IS : 0.19999999999999996

Best 10 Return Portfolio:
TCELL.IS : 0.1
ENKAI.IS : 0.1
EKGYO.IS : 0.1
PETKM.IS : 0.1
GUBRF.IS : 0.1
THYAO.IS : 0.1
ALARK.IS : 0.1
TAVHL.IS : 0.1
KOZAA.IS : 0.1
SAHOL.IS : 0.09999999999999998
