Min Volatility Portfolio:
AKBNK.IS : 0.02143761170886254
ALARK.IS : 0.0632265517806928
ASELS.IS : 0.034303197795454925
BIMAS.IS : 0.05833994638501729
EKGYO.IS : 0.013538624234455442
ENKAI.IS : 0.04377843640854295
EREGL.IS : 0.02725200576124841
FROTO.IS : 0.050416667507956016
GARAN.IS : 0.04449480942088309
GUBRF.IS : 0.11558236407463235
ISCTR.IS : 0.026978845328894982
KCHOL.IS : 0.032918553879484294
KOZAA.IS : 0.04798039499344665
KOZAL.IS : 0.07942297809199786
KRDMD.IS : 0.01120910495889596
ODAS.IS : 0.034646533526137425
PETKM.IS : 0.020663119753242302
PGSUS.IS : 0.049885678310593096
SAHOL.IS : 0.02536430150621606
TAVHL.IS : 0.02705697853098951
TCELL.IS : 0.03816795856811587
THYAO.IS : 0.03665267623706698
TUPRS.IS : 0.05354904083565791
YKBNK.IS : 0.04313362040151531

Min Daily Loss Portfolio:
ASELS.IS : 0.038954001112720335
GUBRF.IS : 0.25000000778323056
KCHOL.IS : 0.07445462982480894
KOZAA.IS : 0.25000000768230396
TCELL.IS : 0.20979617986051774
TOASO.IS : 0.10903885917897974
TUPRS.IS : 0.0677563145574388

Max Sharpe Ratio Portfolio:
AKBNK.IS : 0.021355390405735867
EKGYO.IS : 0.02135625364375135
EREGL.IS : 0.025949849493031547
GARAN.IS : 0.02703848991854077
GUBRF.IS : 0.22878344298056252
HEKTS.IS : 0.021355383708011696
ISCTR.IS : 0.02703848991854077
KCHOL.IS : 0.02703848991854077
KOZAA.IS : 0.21311234544916943
KOZAL.IS : 0.21311234544916943
KRDMD.IS : 0.01178046133734011
ODAS.IS : 0.02703848991854077
PETKM.IS : 0.021355390405735867
SAHOL.IS : 0.02703848991854077
SASA.IS : 0.021355383708011696
TCELL.IS : 0.01689625023413482
TOASO.IS : 0.021356563674101225
YKBNK.IS : 0.02703848991854077

Best 5 Return Portfolio:
GUBRF.IS : 0.2
KOZAA.IS : 0.2
ARCLK.IS : 0.2
TUPRS.IS : 0.2
TCELL.IS : 0.19999999999999996

Best 10 Return Portfolio:
GUBRF.IS : 0.1
KOZAA.IS : 0.1
ARCLK.IS : 0.1
TUPRS.IS : 0.1
TCELL.IS : 0.1
TOASO.IS : 0.1
KCHOL.IS : 0.1
ISCTR.IS : 0.1
KOZAL.IS : 0.1
GARAN.IS : 0.09999999999999998
