Min Volatility Portfolio:
ARCLK.IS : 0.06564875173962856
ASELS.IS : 0.06713373471979274
BIMAS.IS : 0.0675900815208705
ENKAI.IS : 0.08838033054384109
EREGL.IS : 0.04216700318556646
FROTO.IS : 0.021904549097223117
GUBRF.IS : 0.04917933709436337
HEKTS.IS : 0.020087959235841252
KOZAL.IS : 0.02224678518817925
KRDMD.IS : 0.020489995226321195
ODAS.IS : 0.12066739170275698
PGSUS.IS : 0.026163392727131043
SAHOL.IS : 0.02896231949442545
TCELL.IS : 0.03910982110362969
TOASO.IS : 0.22149546908194487
TUPRS.IS : 0.09877307833848466

Min Daily Loss Portfolio:
ARCLK.IS : 0.19375622310382556
ENKAI.IS : 0.23162995442825657
FROTO.IS : 0.1728834265774175
ODAS.IS : 0.15173039576627143
TOASO.IS : 0.2500000001242289

Max Sharpe Ratio Portfolio:
ARCLK.IS : 0.10309236180862766
ASELS.IS : 0.04467999565358836
BIMAS.IS : 0.04391013851097523
ENKAI.IS : 0.07846529547346767
EREGL.IS : 0.03491410694237831
FROTO.IS : 0.03937617987354774
GUBRF.IS : 0.036047767167919124
HEKTS.IS : 0.018125441499205253
KOZAL.IS : 0.028338269127573024
KRDMD.IS : 0.02735046248538517
ODAS.IS : 0.157438751902984
PGSUS.IS : 0.022473692160938124
SAHOL.IS : 0.02318169160750548
TCELL.IS : 0.02303088790837568
TOASO.IS : 0.2540236120476497
TUPRS.IS : 0.06555134582987938

Best 5 Return Portfolio:
TOASO.IS : 0.2
ISCTR.IS : 0.2
YKBNK.IS : 0.2
AKBNK.IS : 0.2
GARAN.IS : 0.19999999999999996

Best 10 Return Portfolio:
TOASO.IS : 0.1
ISCTR.IS : 0.1
YKBNK.IS : 0.1
AKBNK.IS : 0.1
GARAN.IS : 0.1
FROTO.IS : 0.1
ARCLK.IS : 0.1
SAHOL.IS : 0.1
SISE.IS : 0.1
KCHOL.IS : 0.09999999999999998
