Min Volatility Portfolio:
ARCLK.IS : 0.042826093155256456
BIMAS.IS : 0.11298834697333898
ENKAI.IS : 0.021693185987031613
FROTO.IS : 0.04938291503191704
GUBRF.IS : 0.25171850653077554
HEKTS.IS : 0.025410713522832504
KOZAL.IS : 0.04162041910306677
PETKM.IS : 0.018684182463176574
PGSUS.IS : 0.14802039711268633
SASA.IS : 0.11897995054192266
SISE.IS : 0.012316575582126158
TAVHL.IS : 0.11406798933696487
TUPRS.IS : 0.042290724658904516

Min Daily Loss Portfolio:
BIMAS.IS : 0.2500293729722454
GUBRF.IS : 0.25002937359566796
ISCTR.IS : 0.06250905710061067
KCHOL.IS : 0.18740282273829773
PGSUS.IS : 0.2500293735931782

Max Sharpe Ratio Portfolio:
BIMAS.IS : 0.10794391489775829
GUBRF.IS : 0.2499995240084873
ISCTR.IS : 0.14001571154837505
KCHOL.IS : 0.2499995240084873
PGSUS.IS : 0.134637648327315
SASA.IS : 0.10306811028717229
TAVHL.IS : 0.01433556692240484

Best 5 Return Portfolio:
GUBRF.IS : 0.2
ISCTR.IS : 0.2
KCHOL.IS : 0.2
YKBNK.IS : 0.2
SISE.IS : 0.19999999999999996

Best 10 Return Portfolio:
GUBRF.IS : 0.1
ISCTR.IS : 0.1
KCHOL.IS : 0.1
YKBNK.IS : 0.1
SISE.IS : 0.1
THYAO.IS : 0.1
BIMAS.IS : 0.1
AKBNK.IS : 0.1
SAHOL.IS : 0.1
GARAN.IS : 0.09999999999999998
