Min Volatility Portfolio:
AKBNK.IS : 0.041061063688829266
ALARK.IS : 0.04804486609955382
BIMAS.IS : 0.08288206959098407
ENKAI.IS : 0.044172962919518825
EREGL.IS : 0.03267410314262356
GARAN.IS : 0.06019196904075943
GUBRF.IS : 0.13821042376145393
ISCTR.IS : 0.10767382023510567
KCHOL.IS : 0.03762289353833351
KOZAA.IS : 0.0368460074581694
ODAS.IS : 0.07556537426823126
PETKM.IS : 0.05150680517533292
SAHOL.IS : 0.010240041559631234
TCELL.IS : 0.012443702202513332
THYAO.IS : 0.025547393109491192
TOASO.IS : 0.059921751233729136
TUPRS.IS : 0.03385309740000944
YKBNK.IS : 0.10154165557573007

Min Daily Loss Portfolio:
ALARK.IS : 0.2500000001441969
ENKAI.IS : 0.25000000003705425
GUBRF.IS : 0.25000000008711387
ODAS.IS : 0.18781424161237958
YKBNK.IS : 0.06218575811925545

Max Sharpe Ratio Portfolio:
AKBNK.IS : 0.029426158740479904
ALARK.IS : 0.0543346099360645
BIMAS.IS : 0.0750249502576746
EKGYO.IS : 0.030507576536274103
ENKAI.IS : 0.018623203764177018
EREGL.IS : 0.0183473668214725
GARAN.IS : 0.047238757476867885
GUBRF.IS : 0.11723266983609854
ISCTR.IS : 0.09232429636834617
KCHOL.IS : 0.023740048033843397
KOZAA.IS : 0.04407739051849827
ODAS.IS : 0.25330013221882536
PETKM.IS : 0.039944668489474436
TCELL.IS : 0.011352378295900939
THYAO.IS : 0.023556189341694476
TOASO.IS : 0.030084443206514457
YKBNK.IS : 0.0908851601577934

Best 5 Return Portfolio:
SASA.IS : 0.2
ODAS.IS : 0.2
EKGYO.IS : 0.2
KOZAL.IS : 0.2
ASELS.IS : 0.19999999999999996

Best 10 Return Portfolio:
SASA.IS : 0.1
ODAS.IS : 0.1
EKGYO.IS : 0.1
KOZAL.IS : 0.1
ASELS.IS : 0.1
KOZAA.IS : 0.1
TAVHL.IS : 0.1
HEKTS.IS : 0.1
THYAO.IS : 0.1
ALARK.IS : 0.09999999999999998
