Min Volatility Portfolio:
AKBNK.IS : 0.053438438187273424
BIMAS.IS : 0.11268875220104708
FROTO.IS : 0.07668563986294902
GARAN.IS : 0.040810620046263076
GUBRF.IS : 0.15781176684942824
KCHOL.IS : 0.06532777274978012
KOZAA.IS : 0.01987346480481092
ODAS.IS : 0.03165902956587099
PGSUS.IS : 0.11963496002513244
SAHOL.IS : 0.01302120290126927
SASA.IS : 0.14049218726517435
THYAO.IS : 0.031232794832106066
TOASO.IS : 0.05178261448179411
TUPRS.IS : 0.04680878139787826
YKBNK.IS : 0.03873197482922267

Min Daily Loss Portfolio:
ENKAI.IS : 0.2500000008080025
GUBRF.IS : 0.2500000017702247
PGSUS.IS : 0.2500000007281949
SASA.IS : 0.11127845039300514
THYAO.IS : 0.13872154630057282

Max Sharpe Ratio Portfolio:
ENKAI.IS : 0.20018822937441796
FROTO.IS : 0.06853345962589076
GUBRF.IS : 0.25118087270017514
KRDMD.IS : 0.12294226946619555
ODAS.IS : 0.012464979446512007
PGSUS.IS : 0.129188253771123
SASA.IS : 0.1625415280410778
TOASO.IS : 0.01143088954513559
TUPRS.IS : 0.04152951802947223

Best 5 Return Portfolio:
GUBRF.IS : 0.2
KOZAL.IS : 0.2
KRDMD.IS : 0.2
ENKAI.IS : 0.2
EKGYO.IS : 0.19999999999999996

Best 10 Return Portfolio:
GUBRF.IS : 0.1
KOZAL.IS : 0.1
KRDMD.IS : 0.1
ENKAI.IS : 0.1
EKGYO.IS : 0.1
THYAO.IS : 0.1
PGSUS.IS : 0.1
SISE.IS : 0.1
TCELL.IS : 0.1
EREGL.IS : 0.09999999999999998
