Min Volatility Portfolio:
AKBNK.IS : 0.08657070044507796
BIMAS.IS : 0.047834837832313064
EREGL.IS : 0.05935549085585073
FROTO.IS : 0.03149532351509035
GUBRF.IS : 0.0809504629960222
KOZAL.IS : 0.05687401303212079
ODAS.IS : 0.19798132436128035
PETKM.IS : 0.0647665879468263
PGSUS.IS : 0.039444212634633984
SASA.IS : 0.06980354865004205
THYAO.IS : 0.08189232918424688
TOASO.IS : 0.12860099075489567
YKBNK.IS : 0.05443017779159956

Min Daily Loss Portfolio:
EREGL.IS : 0.2507563486356045
FROTO.IS : 0.13845755245266989
PGSUS.IS : 0.10927339518224258
THYAO.IS : 0.25075635193743934
TOASO.IS : 0.2507563517920438

Max Sharpe Ratio Portfolio:
FROTO.IS : 0.12953847066455362
KRDMD.IS : 0.1867026719452731
ODAS.IS : 0.05684672488711768
PGSUS.IS : 0.2499986583288208
SASA.IS : 0.04005956275330736
THYAO.IS : 0.2450580691682682
TOASO.IS : 0.09179584225265916

Best 5 Return Portfolio:
PGSUS.IS : 0.2
THYAO.IS : 0.2
KCHOL.IS : 0.2
KRDMD.IS : 0.2
TAVHL.IS : 0.19999999999999996

Best 10 Return Portfolio:
PGSUS.IS : 0.1
THYAO.IS : 0.1
KCHOL.IS : 0.1
KRDMD.IS : 0.1
TAVHL.IS : 0.1
FROTO.IS : 0.1
BIMAS.IS : 0.1
ALARK.IS : 0.1
EREGL.IS : 0.1
TUPRS.IS : 0.09999999999999998
