Min Volatility Portfolio:
AKBNK.IS : 0.04263267472830525
ALARK.IS : 0.01847610479944204
ASELS.IS : 0.04619221632980873
BIMAS.IS : 0.052069643704521405
ENKAI.IS : 0.044362746753946726
EREGL.IS : 0.015321908370448601
FROTO.IS : 0.039835810568441404
GARAN.IS : 0.038938890263077376
HEKTS.IS : 0.018375469705569972
ISCTR.IS : 0.04063666811362383
KCHOL.IS : 0.03748976480044339
KOZAA.IS : 0.05795802023043765
KOZAL.IS : 0.07189728678647923
KRDMD.IS : 0.03771925069070789
ODAS.IS : 0.02050549714748946
PGSUS.IS : 0.025976407353745425
SAHOL.IS : 0.03413839751206541
SASA.IS : 0.06770853041020235
SISE.IS : 0.021061190674217665
TAVHL.IS : 0.022311791682885135
TCELL.IS : 0.03408810889813477
THYAO.IS : 0.04895912466730774
TOASO.IS : 0.06659185497360681
TUPRS.IS : 0.053269551525513166
YKBNK.IS : 0.0434830893095785

Min Daily Loss Portfolio:
HEKTS.IS : 0.18373722840222254
KOZAL.IS : 0.17973554961929233
KRDMD.IS : 0.25000000032709085
ODAS.IS : 0.13652722156414315
SASA.IS : 0.25000000008725115

Max Sharpe Ratio Portfolio:
AKBNK.IS : 0.03448275862068966
ALARK.IS : 0.03448275862068966
ARCLK.IS : 0.03448275862068966
ASELS.IS : 0.03448275862068966
BIMAS.IS : 0.03448275862068966
EKGYO.IS : 0.03448275862068966
ENKAI.IS : 0.03448275862068966
EREGL.IS : 0.03448275862068966
FROTO.IS : 0.03448275862068966
GARAN.IS : 0.03448275862068966
GUBRF.IS : 0.03448275862068966
HEKTS.IS : 0.03448275862068966
ISCTR.IS : 0.03448275862068966
KCHOL.IS : 0.03448275862068966
KOZAA.IS : 0.03448275862068966
KOZAL.IS : 0.03448275862068966
KRDMD.IS : 0.03448275862068966
ODAS.IS : 0.03448275862068966
PETKM.IS : 0.03448275862068966
PGSUS.IS : 0.03448275862068966
SAHOL.IS : 0.03448275862068966
SASA.IS : 0.03448275862068966
SISE.IS : 0.03448275862068966
TAVHL.IS : 0.03448275862068966
TCELL.IS : 0.03448275862068966
THYAO.IS : 0.03448275862068966
TOASO.IS : 0.03448275862068966
TUPRS.IS : 0.03448275862068966
YKBNK.IS : 0.03448275862068966

Best 5 Return Portfolio:
KRDMD.IS : 0.2
HEKTS.IS : 0.2
EREGL.IS : 0.2
SASA.IS : 0.2
EKGYO.IS : 0.19999999999999996

Best 10 Return Portfolio:
KRDMD.IS : 0.1
HEKTS.IS : 0.1
EREGL.IS : 0.1
SASA.IS : 0.1
EKGYO.IS : 0.1
ODAS.IS : 0.1
SISE.IS : 0.1
PETKM.IS : 0.1
TUPRS.IS : 0.1
GUBRF.IS : 0.09999999999999998
