Min Volatility Portfolio:
FROTO.IS : 0.04468906498182119
HEKTS.IS : 0.05964861671227602
ISCTR.IS : 0.26278920810333517
ODAS.IS : 0.2628693775609824
SASA.IS : 0.10867917171947247
TOASO.IS : 0.2613245609221128

Min Daily Loss Portfolio:
ODAS.IS : 0.2500000078050279
PETKM.IS : 0.2499999882670514
THYAO.IS : 0.24999999635285694
TOASO.IS : 0.2500000075750638

Max Sharpe Ratio Portfolio:
AKBNK.IS : 0.03448275862068966
ALARK.IS : 0.03448275862068966
ARCLK.IS : 0.03448275862068966
ASELS.IS : 0.03448275862068966
BIMAS.IS : 0.03448275862068966
EKGYO.IS : 0.03448275862068966
ENKAI.IS : 0.03448275862068966
EREGL.IS : 0.03448275862068966
FROTO.IS : 0.03448275862068966
GARAN.IS : 0.03448275862068966
GUBRF.IS : 0.03448275862068966
HEKTS.IS : 0.03448275862068966
ISCTR.IS : 0.03448275862068966
KCHOL.IS : 0.03448275862068966
KOZAA.IS : 0.03448275862068966
KOZAL.IS : 0.03448275862068966
KRDMD.IS : 0.03448275862068966
ODAS.IS : 0.03448275862068966
PETKM.IS : 0.03448275862068966
PGSUS.IS : 0.03448275862068966
SAHOL.IS : 0.03448275862068966
SASA.IS : 0.03448275862068966
SISE.IS : 0.03448275862068966
TAVHL.IS : 0.03448275862068966
TCELL.IS : 0.03448275862068966
THYAO.IS : 0.03448275862068966
TOASO.IS : 0.03448275862068966
TUPRS.IS : 0.03448275862068966
YKBNK.IS : 0.03448275862068966

Best 5 Return Portfolio:
ODAS.IS : 0.2
KOZAL.IS : 0.2
THYAO.IS : 0.2
KOZAA.IS : 0.2
PETKM.IS : 0.19999999999999996

Best 10 Return Portfolio:
ODAS.IS : 0.1
KOZAL.IS : 0.1
THYAO.IS : 0.1
KOZAA.IS : 0.1
PETKM.IS : 0.1
ARCLK.IS : 0.1
TOASO.IS : 0.1
TUPRS.IS : 0.1
KRDMD.IS : 0.1
TAVHL.IS : 0.09999999999999998
