Min Volatility Portfolio:
ASELS.IS : 0.02595003298412131
BIMAS.IS : 0.017651893192225602
EKGYO.IS : 0.037561354401712724
ENKAI.IS : 0.037596891270560914
EREGL.IS : 0.04241208250633685
FROTO.IS : 0.018702844250906778
GARAN.IS : 0.015372515535428332
GUBRF.IS : 0.11071459795256107
HEKTS.IS : 0.07081996835433879
ISCTR.IS : 0.05725368955578174
KCHOL.IS : 0.02007299732418964
KRDMD.IS : 0.04583969983836094
ODAS.IS : 0.09677623391827858
PETKM.IS : 0.021537738754002868
PGSUS.IS : 0.06481536526043769
SAHOL.IS : 0.03610934052815847
SASA.IS : 0.0692642094665616
SISE.IS : 0.029129635659077006
TAVHL.IS : 0.038454762479036994
TCELL.IS : 0.010295768724777296
THYAO.IS : 0.054294234210063796
TOASO.IS : 0.04901242535970781
TUPRS.IS : 0.017864512179355828
YKBNK.IS : 0.01249720629401739

Min Daily Loss Portfolio:
ARCLK.IS : 0.2144404154538909
GUBRF.IS : 0.19086584132565937
HEKTS.IS : 0.15065284999327272
ODAS.IS : 0.24999999899772604
THYAO.IS : 0.1452407323728349
YKBNK.IS : 0.04880016185661603

Max Sharpe Ratio Portfolio:
ARCLK.IS : 0.236521074829779
GUBRF.IS : 0.1492383129190537
HEKTS.IS : 0.1447333732718441
ISCTR.IS : 0.02312431810484903
ODAS.IS : 0.2355651474933079
PGSUS.IS : 0.017410853749362534
THYAO.IS : 0.10562947329023673
YKBNK.IS : 0.08777744634156688

Best 5 Return Portfolio:
ODAS.IS : 0.2
ARCLK.IS : 0.2
THYAO.IS : 0.2
AKBNK.IS : 0.2
YKBNK.IS : 0.19999999999999996

Best 10 Return Portfolio:
ODAS.IS : 0.1
ARCLK.IS : 0.1
THYAO.IS : 0.1
AKBNK.IS : 0.1
YKBNK.IS : 0.1
HEKTS.IS : 0.1
KRDMD.IS : 0.1
PGSUS.IS : 0.1
KCHOL.IS : 0.1
SAHOL.IS : 0.09999999999999998
