Min Volatility Portfolio:
ARCLK.IS : 0.05995176745421167
ASELS.IS : 0.016378000001537094
BIMAS.IS : 0.09469195556949817
EKGYO.IS : 0.03350548496731349
ENKAI.IS : 0.03618723645805279
EREGL.IS : 0.020656322958047188
FROTO.IS : 0.08231352006681175
GUBRF.IS : 0.02287850002144969
HEKTS.IS : 0.02052234760155129
ISCTR.IS : 0.05230521148550178
KCHOL.IS : 0.04052070362836278
KOZAA.IS : 0.09709982348653735
KOZAL.IS : 0.02390973599175459
KRDMD.IS : 0.017995412070429692
ODAS.IS : 0.02286268423907019
PETKM.IS : 0.028776006357143086
PGSUS.IS : 0.023096415092377788
SAHOL.IS : 0.013888995952499993
SASA.IS : 0.03952184934395518
SISE.IS : 0.03992865242503788
TAVHL.IS : 0.018254090931761995
TCELL.IS : 0.07466288470936468
THYAO.IS : 0.01978017675391239
TOASO.IS : 0.04155262406901088
TUPRS.IS : 0.042122206036246376
YKBNK.IS : 0.016637392328560194

Min Daily Loss Portfolio:
BIMAS.IS : 0.2500000003767375
GARAN.IS : 0.18338048239475263
KOZAA.IS : 0.2500000004267367
TCELL.IS : 0.165374869397531
TOASO.IS : 0.1512446474042423

Max Sharpe Ratio Portfolio:
ARCLK.IS : 0.052383390290700424
ASELS.IS : 0.031172975935379724
BIMAS.IS : 0.10121381228801266
ENKAI.IS : 0.0584804052865615
EREGL.IS : 0.039401685144004925
FROTO.IS : 0.10114103206684617
GARAN.IS : 0.03093467125633887
ISCTR.IS : 0.04373808036983113
KCHOL.IS : 0.04647510122288337
KOZAA.IS : 0.23827582712104126
KOZAL.IS : 0.01280190534630422
KRDMD.IS : 0.026113736693277226
ODAS.IS : 0.022065771726037336
PGSUS.IS : 0.04995072594241822
SASA.IS : 0.030620024432096025
SISE.IS : 0.04390580640551959
TOASO.IS : 0.0221179853704616
TUPRS.IS : 0.01749635635688764
YKBNK.IS : 0.031710706745398186

Best 5 Return Portfolio:
KOZAA.IS : 0.2
KOZAL.IS : 0.2
HEKTS.IS : 0.2
TCELL.IS : 0.2
GARAN.IS : 0.19999999999999996

Best 10 Return Portfolio:
KOZAA.IS : 0.1
KOZAL.IS : 0.1
HEKTS.IS : 0.1
TCELL.IS : 0.1
GARAN.IS : 0.1
GUBRF.IS : 0.1
THYAO.IS : 0.1
AKBNK.IS : 0.1
TOASO.IS : 0.1
EKGYO.IS : 0.09999999999999998
