Min Volatility Portfolio:
ALARK.IS : 0.03519166965340421
ARCLK.IS : 0.08713840880458903
ASELS.IS : 0.044652051052583644
BIMAS.IS : 0.03007722255229808
EKGYO.IS : 0.033460184880986586
ENKAI.IS : 0.061018015925683004
FROTO.IS : 0.03630870118284942
ISCTR.IS : 0.010832714379720696
KCHOL.IS : 0.045254693526927146
KOZAA.IS : 0.09028509592219863
KOZAL.IS : 0.14062401951586612
KRDMD.IS : 0.03455399870082537
ODAS.IS : 0.042586785136924085
PGSUS.IS : 0.062022444473931966
SAHOL.IS : 0.03231285061596585
TAVHL.IS : 0.01724662688766372
TCELL.IS : 0.08844679857773309
TOASO.IS : 0.025279901365271903
TUPRS.IS : 0.0827078168445773

Min Daily Loss Portfolio:
ARCLK.IS : 0.25000000005186335
EKGYO.IS : 0.05957245061487606
ENKAI.IS : 0.24999999980274243
PGSUS.IS : 0.25000000003305917
TUPRS.IS : 0.190427549497459

Max Sharpe Ratio Portfolio:
ALARK.IS : 0.11670259689961146
ENKAI.IS : 0.06208915916536444
GUBRF.IS : 0.25474078627666946
KOZAA.IS : 0.03710114157840594
KOZAL.IS : 0.1804580917571358
ODAS.IS : 0.09510930578799504
PGSUS.IS : 0.09751972723676904
TUPRS.IS : 0.15627919129804882

Best 5 Return Portfolio:
GUBRF.IS : 0.2
ALARK.IS : 0.2
EKGYO.IS : 0.2
ENKAI.IS : 0.2
ARCLK.IS : 0.19999999999999996

Best 10 Return Portfolio:
GUBRF.IS : 0.1
ALARK.IS : 0.1
EKGYO.IS : 0.1
ENKAI.IS : 0.1
ARCLK.IS : 0.1
PETKM.IS : 0.1
YKBNK.IS : 0.1
ODAS.IS : 0.1
AKBNK.IS : 0.1
SAHOL.IS : 0.09999999999999998
