Min Volatility Portfolio:
AKBNK.IS : 0.0275461103455359
ALARK.IS : 0.079656258964966
BIMAS.IS : 0.1034292636790314
ENKAI.IS : 0.0320944029504215
EREGL.IS : 0.1728383927591556
KOZAA.IS : 0.0119268220401309
ODAS.IS : 0.0887813346909535
PGSUS.IS : 0.0269848620164115
SASA.IS : 0.2274694052215224
TAVHL.IS : 0.0120952195657165
TCELL.IS : 0.0634745271019796
TOASO.IS : 0.1386893682852676
YKBNK.IS : 0.0150140323789075

Min Daily Loss Portfolio:
FROTO.IS : 0.25000000085113183
GUBRF.IS : 0.10932700577303794
KOZAL.IS : 0.041540882039723566
SASA.IS : 0.22699687334607216
TCELL.IS : 0.12213523695343881
TOASO.IS : 0.2500000010365958

Max Sharpe Ratio Portfolio:
BIMAS.IS : 0.022926208682299085
EREGL.IS : 0.10220714203224554
FROTO.IS : 0.2499999990930939
KOZAL.IS : 0.057694550305015524
SASA.IS : 0.21344496743778377
TCELL.IS : 0.10372713335646826
TOASO.IS : 0.2499999990930939

Best 5 Return Portfolio:
TOASO.IS : 0.2
FROTO.IS : 0.2
GARAN.IS : 0.2
KOZAL.IS : 0.2
TCELL.IS : 0.19999999999999996

Best 10 Return Portfolio:
TOASO.IS : 0.1
FROTO.IS : 0.1
GARAN.IS : 0.1
KOZAL.IS : 0.1
TCELL.IS : 0.1
KOZAA.IS : 0.1
AKBNK.IS : 0.1
KRDMD.IS : 0.1
KCHOL.IS : 0.1
THYAO.IS : 0.09999999999999998
