Min Volatility Portfolio:
BIMAS.IS : 0.25000000000000006
EKGYO.IS : 0.18947293491184483
ENKAI.IS : 0.019622632267679702
EREGL.IS : 0.11457388496812311
GUBRF.IS : 0.027838974858912704
PETKM.IS : 0.04425327686489701
PGSUS.IS : 0.030580401772055302
SASA.IS : 0.09177330136668321
TAVHL.IS : 0.12897378812287982
TCELL.IS : 0.10291080486692442

Min Daily Loss Portfolio:
BIMAS.IS : 0.2500000063358249
EKGYO.IS : 0.2500000045204679
ODAS.IS : 0.2500000062132945
TAVHL.IS : 0.13673223114781738
TCELL.IS : 0.11326775178259539

Max Sharpe Ratio Portfolio:
AKBNK.IS : 0.03448275862068966
ALARK.IS : 0.03448275862068966
ARCLK.IS : 0.03448275862068966
ASELS.IS : 0.03448275862068966
BIMAS.IS : 0.03448275862068966
EKGYO.IS : 0.03448275862068966
ENKAI.IS : 0.03448275862068966
EREGL.IS : 0.03448275862068966
FROTO.IS : 0.03448275862068966
GARAN.IS : 0.03448275862068966
GUBRF.IS : 0.03448275862068966
HEKTS.IS : 0.03448275862068966
ISCTR.IS : 0.03448275862068966
KCHOL.IS : 0.03448275862068966
KOZAA.IS : 0.03448275862068966
KOZAL.IS : 0.03448275862068966
KRDMD.IS : 0.03448275862068966
ODAS.IS : 0.03448275862068966
PETKM.IS : 0.03448275862068966
PGSUS.IS : 0.03448275862068966
SAHOL.IS : 0.03448275862068966
SASA.IS : 0.03448275862068966
SISE.IS : 0.03448275862068966
TAVHL.IS : 0.03448275862068966
TCELL.IS : 0.03448275862068966
THYAO.IS : 0.03448275862068966
TOASO.IS : 0.03448275862068966
TUPRS.IS : 0.03448275862068966
YKBNK.IS : 0.03448275862068966

Best 5 Return Portfolio:
ODAS.IS : 0.2
ALARK.IS : 0.2
FROTO.IS : 0.2
BIMAS.IS : 0.2
GUBRF.IS : 0.19999999999999996

Best 10 Return Portfolio:
ODAS.IS : 0.1
ALARK.IS : 0.1
FROTO.IS : 0.1
BIMAS.IS : 0.1
GUBRF.IS : 0.1
TCELL.IS : 0.1
PGSUS.IS : 0.1
KCHOL.IS : 0.1
THYAO.IS : 0.1
TAVHL.IS : 0.09999999999999998
