Min Volatility Portfolio:
ARCLK.IS : 0.04586817918272603
ASELS.IS : 0.07447867078594536
BIMAS.IS : 0.1512680166326261
ENKAI.IS : 0.0711932816847436
FROTO.IS : 0.05330907928699086
GARAN.IS : 0.04300034670512521
HEKTS.IS : 0.03098033092277599
KCHOL.IS : 0.077114075878529
KOZAL.IS : 0.13129853065418587
PGSUS.IS : 0.06055371871722693
TAVHL.IS : 0.024316041781519363
TCELL.IS : 0.05719422887738557
TOASO.IS : 0.11566035253346452
TUPRS.IS : 0.06376514635675576

Min Daily Loss Portfolio:
ASELS.IS : 0.2500000039178841
BIMAS.IS : 0.2500000043512879
GARAN.IS : 0.12882885137330252
KCHOL.IS : 0.04187136082816671
KOZAL.IS : 0.08480844125047991
PGSUS.IS : 0.06256419929203379
TOASO.IS : 0.18192713898684504

Max Sharpe Ratio Portfolio:
ARCLK.IS : 0.04621754489705168
ASELS.IS : 0.2536919770812747
BIMAS.IS : 0.16573379018087733
FROTO.IS : 0.08117810142688107
GUBRF.IS : 0.10942652596136923
KOZAA.IS : 0.027074050634478496
KOZAL.IS : 0.1396453079283291
PGSUS.IS : 0.07931610361526065
TOASO.IS : 0.09771659827447776

Best 5 Return Portfolio:
GUBRF.IS : 0.2
ASELS.IS : 0.2
KOZAA.IS : 0.2
EREGL.IS : 0.2
ODAS.IS : 0.19999999999999996

Best 10 Return Portfolio:
GUBRF.IS : 0.1
ASELS.IS : 0.1
KOZAA.IS : 0.1
EREGL.IS : 0.1
ODAS.IS : 0.1
KRDMD.IS : 0.1
KOZAL.IS : 0.1
BIMAS.IS : 0.1
HEKTS.IS : 0.1
FROTO.IS : 0.09999999999999998
