Min Volatility Portfolio:
ARCLK.IS : 0.09280564302053447
ASELS.IS : 0.07160546610377995
BIMAS.IS : 0.20267268056908097
ENKAI.IS : 0.09960367298824008
FROTO.IS : 0.047083552680118004
KCHOL.IS : 0.0515850879172629
KOZAL.IS : 0.1298424697654674
SAHOL.IS : 0.0322683516666869
SISE.IS : 0.06182700958093527
TAVHL.IS : 0.0395259725029877
TOASO.IS : 0.07897317587045438
TUPRS.IS : 0.03670147768418746
YKBNK.IS : 0.055505439650264554

Min Daily Loss Portfolio:
ARCLK.IS : 0.2500000011088243
ASELS.IS : 0.13407800253935384
BIMAS.IS : 0.2500000022111635
EKGYO.IS : 0.01877033532181916
ISCTR.IS : 0.01045824483313868
KOZAL.IS : 0.05932733954050969
KRDMD.IS : 0.022469872602126524
SAHOL.IS : 0.1382623443654348
TOASO.IS : 0.05555291157601182
YKBNK.IS : 0.06108094590161758

Max Sharpe Ratio Portfolio:
ASELS.IS : 0.24999999999223652
BIMAS.IS : 0.1779876148393319
FROTO.IS : 0.05098464599479568
HEKTS.IS : 0.14477557815841746
KOZAL.IS : 0.11408928124881913
TOASO.IS : 0.012162879770859322
YKBNK.IS : 0.24999999999554

Best 5 Return Portfolio:
HEKTS.IS : 0.2
YKBNK.IS : 0.2
ODAS.IS : 0.2
ASELS.IS : 0.2
KRDMD.IS : 0.19999999999999996

Best 10 Return Portfolio:
HEKTS.IS : 0.1
YKBNK.IS : 0.1
ODAS.IS : 0.1
ASELS.IS : 0.1
KRDMD.IS : 0.1
EKGYO.IS : 0.1
ISCTR.IS : 0.1
FROTO.IS : 0.1
PETKM.IS : 0.1
GARAN.IS : 0.09999999999999998
