Min Volatility Portfolio:
AKBNK.IS : 0.02475903567472491
ALARK.IS : 0.04514362573305105
ARCLK.IS : 0.029298417181578353
ASELS.IS : 0.016490920473553747
BIMAS.IS : 0.04338682939315848
EKGYO.IS : 0.04696694713347401
ENKAI.IS : 0.06930046072795307
GARAN.IS : 0.05230638388783946
GUBRF.IS : 0.06027657303422183
HEKTS.IS : 0.04633352826635309
ISCTR.IS : 0.022991441619479264
KCHOL.IS : 0.03830917161845371
KOZAL.IS : 0.05808031352651512
KRDMD.IS : 0.0485340585469568
ODAS.IS : 0.01993316497922629
PGSUS.IS : 0.10967689847275279
TAVHL.IS : 0.05725606260898395
TCELL.IS : 0.04660211261182395
TOASO.IS : 0.0860439380910033
TUPRS.IS : 0.05043074142046248
YKBNK.IS : 0.027879374998434285

Min Daily Loss Portfolio:
ALARK.IS : 0.20429885677581086
ENKAI.IS : 0.2229054149362576
GARAN.IS : 0.07730910110428436
GUBRF.IS : 0.20060903509193212
KRDMD.IS : 0.14725469536281247
PGSUS.IS : 0.14762289672890258

Max Sharpe Ratio Portfolio:
AKBNK.IS : 0.03718427249672074
ALARK.IS : 0.1326086250808435
ARCLK.IS : 0.02196437576004159
ASELS.IS : 0.02164633164516759
ENKAI.IS : 0.08242118846758392
FROTO.IS : 0.039875313461239514
GARAN.IS : 0.04559561426010452
GUBRF.IS : 0.25125695091568084
KOZAL.IS : 0.032643250175692
KRDMD.IS : 0.04284043283555996
ODAS.IS : 0.022101799454417138
PGSUS.IS : 0.13330668033979362
TAVHL.IS : 0.015203016811423437
TCELL.IS : 0.01692653846969621
TOASO.IS : 0.09362259214689832
TUPRS.IS : 0.010803017679137134

Best 5 Return Portfolio:
GUBRF.IS : 0.2
ODAS.IS : 0.2
ALARK.IS : 0.2
SASA.IS : 0.2
PGSUS.IS : 0.19999999999999996

Best 10 Return Portfolio:
GUBRF.IS : 0.1
ODAS.IS : 0.1
ALARK.IS : 0.1
SASA.IS : 0.1
PGSUS.IS : 0.1
EREGL.IS : 0.1
GARAN.IS : 0.1
ENKAI.IS : 0.1
KRDMD.IS : 0.1
FROTO.IS : 0.09999999999999998
