Min Volatility Portfolio:
ARCLK.IS : 0.06791428374757998
ASELS.IS : 0.06702137660331885
BIMAS.IS : 0.18346799120290397
ENKAI.IS : 0.08865454604561136
EREGL.IS : 0.026986692195602024
FROTO.IS : 0.05053688256778342
KCHOL.IS : 0.0850672694589436
KOZAL.IS : 0.14040360445824887
KRDMD.IS : 0.024318672827956352
SISE.IS : 0.04881732695531075
TAVHL.IS : 0.0601573869693997
TOASO.IS : 0.08568982893691303
TUPRS.IS : 0.029565300579423547
YKBNK.IS : 0.04139883745100461

Min Daily Loss Portfolio:
ARCLK.IS : 0.04030959506995059
ASELS.IS : 0.24868508914240778
BIMAS.IS : 0.2504744143191674
ENKAI.IS : 0.05561210037677371
KOZAL.IS : 0.0845859792809011
KRDMD.IS : 0.0677954576731256
TOASO.IS : 0.1189830860378601
YKBNK.IS : 0.13355427809981363

Max Sharpe Ratio Portfolio:
ARCLK.IS : 0.028029250012618002
ASELS.IS : 0.21493194537197677
BIMAS.IS : 0.21483823153695142
ENKAI.IS : 0.046399055422924086
GUBRF.IS : 0.043470108952711854
HEKTS.IS : 0.2511221811174889
KOZAL.IS : 0.1114401893149168
KRDMD.IS : 0.023775633514349408
TOASO.IS : 0.0659934047560627

Best 5 Return Portfolio:
HEKTS.IS : 0.2
ODAS.IS : 0.2
KRDMD.IS : 0.2
ASELS.IS : 0.2
YKBNK.IS : 0.19999999999999996

Best 10 Return Portfolio:
HEKTS.IS : 0.1
ODAS.IS : 0.1
KRDMD.IS : 0.1
ASELS.IS : 0.1
YKBNK.IS : 0.1
GUBRF.IS : 0.1
PETKM.IS : 0.1
KOZAA.IS : 0.1
GARAN.IS : 0.1
EREGL.IS : 0.09999999999999998
