Min Volatility Portfolio:
AKBNK.IS : 0.025073130705957607
ALARK.IS : 0.02624835699235401
ARCLK.IS : 0.035133298839627104
ASELS.IS : 0.07658089382193241
BIMAS.IS : 0.12432040342156843
EKGYO.IS : 0.04607429473628551
ENKAI.IS : 0.05790009590078491
EREGL.IS : 0.04743660140447211
FROTO.IS : 0.03451921232096271
GARAN.IS : 0.030350967334344305
HEKTS.IS : 0.019732442834709603
ISCTR.IS : 0.029783026095275306
KCHOL.IS : 0.041067435554606006
KOZAA.IS : 0.05200470656492091
KOZAL.IS : 0.07674963814126862
KRDMD.IS : 0.041621959097007104
ODAS.IS : 0.04930131658290662
PETKM.IS : 0.02925335634455351
SAHOL.IS : 0.012437669422341204
SASA.IS : 0.03235946181409291
SISE.IS : 0.020274498597666803
TCELL.IS : 0.04076150950956841
TUPRS.IS : 0.03146908248234271
YKBNK.IS : 0.019546641480451203

Min Daily Loss Portfolio:
BIMAS.IS : 0.25221168711402936
EREGL.IS : 0.09253528274397847
FROTO.IS : 0.1417055195056138
HEKTS.IS : 0.09110681351546503
KOZAL.IS : 0.2197783066305295
ODAS.IS : 0.12450164684481045
PGSUS.IS : 0.037816338283042344
SASA.IS : 0.015124630838037913
TCELL.IS : 0.025219774524493175

Max Sharpe Ratio Portfolio:
ALARK.IS : 0.029520374518735067
BIMAS.IS : 0.08121997350437996
EKGYO.IS : 0.023721653393195104
EREGL.IS : 0.12130792269414908
FROTO.IS : 0.0536601202963532
GUBRF.IS : 0.10687903594260084
HEKTS.IS : 0.25165823434625473
KOZAA.IS : 0.050106446545337996
KOZAL.IS : 0.10353867815404899
ODAS.IS : 0.049468071143824226
PETKM.IS : 0.011885136810093459
PGSUS.IS : 0.03870640307006553
SASA.IS : 0.04733361682679527
TUPRS.IS : 0.030994332754166486

Best 5 Return Portfolio:
HEKTS.IS : 0.2
GUBRF.IS : 0.2
ALARK.IS : 0.2
KOZAL.IS : 0.2
EREGL.IS : 0.19999999999999996

Best 10 Return Portfolio:
HEKTS.IS : 0.1
GUBRF.IS : 0.1
ALARK.IS : 0.1
KOZAL.IS : 0.1
EREGL.IS : 0.1
KOZAA.IS : 0.1
PETKM.IS : 0.1
PGSUS.IS : 0.1
SASA.IS : 0.1
TUPRS.IS : 0.09999999999999998
