Min Volatility Portfolio:
ARCLK.IS : 0.06551447482106376
BIMAS.IS : 0.25090887880735946
ENKAI.IS : 0.026873007108404217
EREGL.IS : 0.06925511832262787
FROTO.IS : 0.060355801633165874
HEKTS.IS : 0.03374568720758949
PETKM.IS : 0.03603816291229488
PGSUS.IS : 0.022428097837729317
SAHOL.IS : 0.028641703772545477
SASA.IS : 0.07868718959500094
SISE.IS : 0.09862628422172874
TCELL.IS : 0.1929681008398928
TUPRS.IS : 0.03595749292059715

Min Daily Loss Portfolio:
BIMAS.IS : 0.25000000020528124
EREGL.IS : 0.03986035683755202
FROTO.IS : 0.24999999910252044
HEKTS.IS : 0.18556155233477628
PETKM.IS : 0.019148944650159164
PGSUS.IS : 0.08849041780906593
SASA.IS : 0.16693872906064486

Max Sharpe Ratio Portfolio:
BIMAS.IS : 0.2490961998187766
EREGL.IS : 0.12168053458888098
FROTO.IS : 0.060784815726656435
HEKTS.IS : 0.09633014919533169
PGSUS.IS : 0.2507841919855664
SASA.IS : 0.03628139378308562
TCELL.IS : 0.1850427149017022

Best 5 Return Portfolio:
PGSUS.IS : 0.2
SASA.IS : 0.2
KOZAA.IS : 0.2
TAVHL.IS : 0.2
HEKTS.IS : 0.19999999999999996

Best 10 Return Portfolio:
PGSUS.IS : 0.1
SASA.IS : 0.1
KOZAA.IS : 0.1
TAVHL.IS : 0.1
HEKTS.IS : 0.1
FROTO.IS : 0.1
TOASO.IS : 0.1
THYAO.IS : 0.1
KOZAL.IS : 0.1
ODAS.IS : 0.09999999999999998
