Min Volatility Portfolio:
ALARK.IS : 0.08869297538201235
ARCLK.IS : 0.026873940788306676
ASELS.IS : 0.08029978069641147
BIMAS.IS : 0.20317163275826247
EKGYO.IS : 0.09170268345465107
ENKAI.IS : 0.09539387897525571
EREGL.IS : 0.02899569224427879
GUBRF.IS : 0.013311661752855157
ISCTR.IS : 0.031200035005080628
KOZAA.IS : 0.03664121311024344
KOZAL.IS : 0.0953851138869637
KRDMD.IS : 0.018022312327762142
ODAS.IS : 0.04495972535998103
PETKM.IS : 0.06400400724571327
SAHOL.IS : 0.019619154681744348
TOASO.IS : 0.037179703665707026
TUPRS.IS : 0.024546488664770674

Min Daily Loss Portfolio:
ALARK.IS : 0.2499999954131911
BIMAS.IS : 0.2500000008006075
EKGYO.IS : 0.20116035303963778
HEKTS.IS : 0.07534667485543299
ODAS.IS : 0.1294586283037103
PETKM.IS : 0.0688019937961597
TUPRS.IS : 0.02523235379126055

Max Sharpe Ratio Portfolio:
BIMAS.IS : 0.14872002400323767
EKGYO.IS : 0.034095387015905115
EREGL.IS : 0.14556410409743348
HEKTS.IS : 0.0175952216427259
ODAS.IS : 0.17585293052343756
PETKM.IS : 0.2229724711052718
PGSUS.IS : 0.1348746778205742
TUPRS.IS : 0.1203251837914144

Best 5 Return Portfolio:
PGSUS.IS : 0.2
EREGL.IS : 0.2
PETKM.IS : 0.2
TUPRS.IS : 0.2
ODAS.IS : 0.19999999999999996

Best 10 Return Portfolio:
PGSUS.IS : 0.1
EREGL.IS : 0.1
PETKM.IS : 0.1
TUPRS.IS : 0.1
ODAS.IS : 0.1
HEKTS.IS : 0.1
SASA.IS : 0.1
TAVHL.IS : 0.1
EKGYO.IS : 0.1
KRDMD.IS : 0.09999999999999998
