Min Volatility Portfolio:
AKBNK.IS : 0.022663407363340795
ALARK.IS : 0.1272269988561473
ASELS.IS : 0.019393338128952792
BIMAS.IS : 0.014045536076995265
ENKAI.IS : 0.1714649577988161
EREGL.IS : 0.07519358893223191
GUBRF.IS : 0.10841684047147575
HEKTS.IS : 0.10782486128689575
PGSUS.IS : 0.047381197293299704
SAHOL.IS : 0.03563664466581122
SASA.IS : 0.08094642472842437
TAVHL.IS : 0.04665021044458035
THYAO.IS : 0.05205765587057257
TOASO.IS : 0.05384278331656293
YKBNK.IS : 0.03725555476589322

Min Daily Loss Portfolio:
ALARK.IS : 0.22196206607718644
ENKAI.IS : 0.09245907378408745
EREGL.IS : 0.10969140781052872
ODAS.IS : 0.10204610195030125
SASA.IS : 0.1717993699101399
SISE.IS : 0.05037757179017037
TOASO.IS : 0.2516644086775859

Max Sharpe Ratio Portfolio:
ALARK.IS : 0.14045025858013135
ENKAI.IS : 0.07724503272172456
EREGL.IS : 0.0262030972778716
GUBRF.IS : 0.03043105442457635
HEKTS.IS : 0.1178604233325356
KRDMD.IS : 0.08889891074514819
ODAS.IS : 0.07197703323556055
SASA.IS : 0.2499999999905382
TOASO.IS : 0.1969341896919135

Best 5 Return Portfolio:
SASA.IS : 0.2
PETKM.IS : 0.2
KRDMD.IS : 0.2
ODAS.IS : 0.2
TOASO.IS : 0.19999999999999996

Best 10 Return Portfolio:
SASA.IS : 0.1
PETKM.IS : 0.1
KRDMD.IS : 0.1
ODAS.IS : 0.1
TOASO.IS : 0.1
SISE.IS : 0.1
EREGL.IS : 0.1
BIMAS.IS : 0.1
ARCLK.IS : 0.1
ALARK.IS : 0.09999999999999998
