Min Volatility Portfolio:
AKBNK.IS : 0.03397032361780516
ALARK.IS : 0.05739527138806389
ASELS.IS : 0.027416307046946833
BIMAS.IS : 0.054701745698571724
ENKAI.IS : 0.08752326299739606
EREGL.IS : 0.07231668389169192
GARAN.IS : 0.022690864530467793
GUBRF.IS : 0.04467797691308502
HEKTS.IS : 0.027906398052162946
ISCTR.IS : 0.054637219908386
KCHOL.IS : 0.013818038809360684
KOZAL.IS : 0.06028359034052763
PETKM.IS : 0.10503153093542246
SAHOL.IS : 0.0806748149642868
SASA.IS : 0.07309005769298298
SISE.IS : 0.06443104240501372
TCELL.IS : 0.058561933432258795
TUPRS.IS : 0.03305708505709087
YKBNK.IS : 0.027815852318478697

Min Daily Loss Portfolio:
ASELS.IS : 0.05977173143505825
BIMAS.IS : 0.1541422553210624
EKGYO.IS : 0.044863763966638937
GUBRF.IS : 0.13212885478456332
PETKM.IS : 0.2500000049624144
SAHOL.IS : 0.021144243553806744
SASA.IS : 0.15018162697573587
TCELL.IS : 0.1877675190007201

Max Sharpe Ratio Portfolio:
BIMAS.IS : 0.0357725366812664
ENKAI.IS : 0.10281499903052689
EREGL.IS : 0.05374614207527102
GUBRF.IS : 0.25421514089466507
HEKTS.IS : 0.09058912375340385
KOZAL.IS : 0.06853126244617166
PETKM.IS : 0.11026201143533428
SAHOL.IS : 0.10351633934916128
SASA.IS : 0.08721303150722216
SISE.IS : 0.06120824039518051
TCELL.IS : 0.01754158395791221
THYAO.IS : 0.014589588473884835

Best 5 Return Portfolio:
GUBRF.IS : 0.2
EKGYO.IS : 0.2
THYAO.IS : 0.2
KRDMD.IS : 0.2
SASA.IS : 0.19999999999999996

Best 10 Return Portfolio:
GUBRF.IS : 0.1
EKGYO.IS : 0.1
THYAO.IS : 0.1
KRDMD.IS : 0.1
SASA.IS : 0.1
ASELS.IS : 0.1
BIMAS.IS : 0.1
PGSUS.IS : 0.1
YKBNK.IS : 0.1
ALARK.IS : 0.09999999999999998
