Min Volatility Portfolio:
AKBNK.IS : 0.030627319630737844
ALARK.IS : 0.03355163378050054
ARCLK.IS : 0.025774976026222127
ASELS.IS : 0.03814978815917138
BIMAS.IS : 0.0934489918169012
ENKAI.IS : 0.07078199245793025
EREGL.IS : 0.08935385259601901
GARAN.IS : 0.010580278311082172
GUBRF.IS : 0.0861253140548188
ISCTR.IS : 0.02373489092276189
KOZAA.IS : 0.04160674748929869
KOZAL.IS : 0.01397386473090985
PGSUS.IS : 0.03363796125166154
SAHOL.IS : 0.018351063148375927
SASA.IS : 0.08278919044319812
SISE.IS : 0.1037544115555827
TAVHL.IS : 0.03285901541858781
TCELL.IS : 0.09845510456332278
THYAO.IS : 0.043256570914235834
TUPRS.IS : 0.029187032728681502

Min Daily Loss Portfolio:
ALARK.IS : 0.23737648898900365
BIMAS.IS : 0.010931997618239216
EREGL.IS : 0.16359911054985604
SASA.IS : 0.24999999994082558
SISE.IS : 0.25000000023028207
TCELL.IS : 0.08809240267179344

Max Sharpe Ratio Portfolio:
AKBNK.IS : 0.021939541540673433
ALARK.IS : 0.14841672329987685
ARCLK.IS : 0.06982208551648042
BIMAS.IS : 0.06659615085105199
ENKAI.IS : 0.03809488265159956
EREGL.IS : 0.07180089768336276
GUBRF.IS : 0.017259113565730427
KRDMD.IS : 0.028965703997618962
PETKM.IS : 0.015591032011693049
PGSUS.IS : 0.027669106470504006
SASA.IS : 0.12006043786473476
SISE.IS : 0.25778566868244024
TAVHL.IS : 0.021830231885950263
TCELL.IS : 0.07348626861301813
THYAO.IS : 0.020682155365265128

Best 5 Return Portfolio:
SISE.IS : 0.2
ALARK.IS : 0.2
TOASO.IS : 0.2
ODAS.IS : 0.2
SASA.IS : 0.19999999999999996

Best 10 Return Portfolio:
SISE.IS : 0.1
ALARK.IS : 0.1
TOASO.IS : 0.1
ODAS.IS : 0.1
SASA.IS : 0.1
ARCLK.IS : 0.1
ENKAI.IS : 0.1
KRDMD.IS : 0.1
ASELS.IS : 0.1
EREGL.IS : 0.09999999999999998
