Min Volatility Portfolio:
AKBNK.IS : 0.0133713653839062
ASELS.IS : 0.040347680620733
BIMAS.IS : 0.014394926078149
FROTO.IS : 0.0279201069623709
GARAN.IS : 0.0334867200188035
GUBRF.IS : 0.0214667034417712
HEKTS.IS : 0.04394203412688
ISCTR.IS : 0.0676183736306627
KOZAL.IS : 0.1023815573223365
PGSUS.IS : 0.1046016647601286
SAHOL.IS : 0.1572725657487168
SISE.IS : 0.0192654327388974
TCELL.IS : 0.1156619615003701
THYAO.IS : 0.1489450748930319
TUPRS.IS : 0.0893238327732422

Min Daily Loss Portfolio:
ARCLK.IS : 0.11019213709963407
BIMAS.IS : 0.058567423675813794
HEKTS.IS : 0.2500000001388432
ODAS.IS : 0.026787041533866122
PGSUS.IS : 0.25000000065915096
SISE.IS : 0.11977577710849638
TCELL.IS : 0.021553663130572432
THYAO.IS : 0.058427573378852724
YKBNK.IS : 0.1046963832747703

Max Sharpe Ratio Portfolio:
ARCLK.IS : 0.22309407498326045
ASELS.IS : 0.20571716236915846
EKGYO.IS : 0.1182581355132591
GUBRF.IS : 0.02323019905733637
SASA.IS : 0.25165895299411556
SISE.IS : 0.09515347376171412
THYAO.IS : 0.082888001321156

Best 5 Return Portfolio:
SASA.IS : 0.2
EKGYO.IS : 0.2
ARCLK.IS : 0.2
ASELS.IS : 0.2
GUBRF.IS : 0.19999999999999996

Best 10 Return Portfolio:
SASA.IS : 0.1
EKGYO.IS : 0.1
ARCLK.IS : 0.1
ASELS.IS : 0.1
GUBRF.IS : 0.1
SISE.IS : 0.1
KOZAA.IS : 0.1
KOZAL.IS : 0.1
ODAS.IS : 0.1
FROTO.IS : 0.09999999999999998
