Min Volatility Portfolio:
ALARK.IS : 0.07728030982639257
ARCLK.IS : 0.049431751391969
ASELS.IS : 0.05532673291878283
BIMAS.IS : 0.05674637362750452
EKGYO.IS : 0.028906384462525737
ENKAI.IS : 0.010721851749966614
FROTO.IS : 0.03036200785692963
HEKTS.IS : 0.013628221926464502
ISCTR.IS : 0.01707991935079583
KCHOL.IS : 0.028571336390262846
KOZAA.IS : 0.041899913317189195
KOZAL.IS : 0.034775572191520755
KRDMD.IS : 0.02662774858659256
ODAS.IS : 0.04676449326202872
PETKM.IS : 0.04701139398987569
PGSUS.IS : 0.04195771407506596
SAHOL.IS : 0.02617771740134064
SASA.IS : 0.039954378199472965
SISE.IS : 0.06927736944527677
TAVHL.IS : 0.029644164954986743
TCELL.IS : 0.07954016423809217
THYAO.IS : 0.08415022591165171
TUPRS.IS : 0.05295166079414367
YKBNK.IS : 0.01121259413116837

Min Daily Loss Portfolio:
ALARK.IS : 0.2329787209697649
EKGYO.IS : 0.04036588146350849
FROTO.IS : 0.17588431168465102
GUBRF.IS : 0.04175167950445623
HEKTS.IS : 0.013028520874873072
KOZAL.IS : 0.06504451930364985
KRDMD.IS : 0.04036514992401232
SASA.IS : 0.014935150836386548
SISE.IS : 0.250000055790407
THYAO.IS : 0.12564600964829054

Max Sharpe Ratio Portfolio:
ALARK.IS : 0.10789103041419289
BIMAS.IS : 0.029017988046593165
ENKAI.IS : 0.032685557458623546
FROTO.IS : 0.04510219968559271
HEKTS.IS : 0.25484093676323205
KOZAA.IS : 0.021837260824473726
KOZAL.IS : 0.05410518558290793
KRDMD.IS : 0.027558876223423102
ODAS.IS : 0.052808136253969906
PETKM.IS : 0.014044606891801295
SAHOL.IS : 0.01259668841332926
SASA.IS : 0.032030905130079335
SISE.IS : 0.08900843520420243
TAVHL.IS : 0.017816950453053666
TCELL.IS : 0.07399578070013962
THYAO.IS : 0.09470411229907551
TUPRS.IS : 0.0399553496553099

Best 5 Return Portfolio:
HEKTS.IS : 0.2
ALARK.IS : 0.2
KOZAL.IS : 0.2
GUBRF.IS : 0.2
KRDMD.IS : 0.19999999999999996

Best 10 Return Portfolio:
HEKTS.IS : 0.1
ALARK.IS : 0.1
KOZAL.IS : 0.1
GUBRF.IS : 0.1
KRDMD.IS : 0.1
FROTO.IS : 0.1
SASA.IS : 0.1
TOASO.IS : 0.1
KOZAA.IS : 0.1
ARCLK.IS : 0.09999999999999998
