Min Volatility Portfolio:
AKBNK.IS : 0.04478097557603742
ALARK.IS : 0.0336585316094023
ARCLK.IS : 0.06802327659310119
ASELS.IS : 0.08233343503141126
BIMAS.IS : 0.17448247166384231
ENKAI.IS : 0.1814372892912522
EREGL.IS : 0.04045184900461171
FROTO.IS : 0.09663477094291936
GARAN.IS : 0.012085432556023276
KOZAA.IS : 0.012357313736096252
KOZAL.IS : 0.11567372127142674
SASA.IS : 0.028642941361464874
TOASO.IS : 0.10943799136241114

Min Daily Loss Portfolio:
ASELS.IS : 0.1251273590860833
BIMAS.IS : 0.12487264062951953
ENKAI.IS : 0.25000000006189144
FROTO.IS : 0.2500000001406729
KOZAL.IS : 0.2500000000818328

Max Sharpe Ratio Portfolio:
AKBNK.IS : 0.03223616106235011
ARCLK.IS : 0.05913023264046685
ASELS.IS : 0.02427058222723479
BIMAS.IS : 0.15569903093735893
ENKAI.IS : 0.18035894957457005
EREGL.IS : 0.052362206684737074
FROTO.IS : 0.2552244428243958
GUBRF.IS : 0.04173357143622777
KOZAL.IS : 0.07767144520253098
SASA.IS : 0.015149567932040529
TOASO.IS : 0.07232435855971694
YKBNK.IS : 0.033839450918370206

Best 5 Return Portfolio:
FROTO.IS : 0.2
YKBNK.IS : 0.2
EREGL.IS : 0.2
ARCLK.IS : 0.2
ODAS.IS : 0.19999999999999996

Best 10 Return Portfolio:
FROTO.IS : 0.1
YKBNK.IS : 0.1
EREGL.IS : 0.1
ARCLK.IS : 0.1
ODAS.IS : 0.1
SAHOL.IS : 0.1
KCHOL.IS : 0.1
ALARK.IS : 0.1
ISCTR.IS : 0.1
TOASO.IS : 0.09999999999999998
