Min Volatility Portfolio:
ALARK.IS : 0.05865073322107619
ASELS.IS : 0.0618396880478237
BIMAS.IS : 0.0749817024844788
ENKAI.IS : 0.01863334415429647
FROTO.IS : 0.04234274816353978
HEKTS.IS : 0.1515250150444693
KOZAA.IS : 0.07486927610154907
KOZAL.IS : 0.08625956207983082
ODAS.IS : 0.03877119039222428
PETKM.IS : 0.056993050810840995
SAHOL.IS : 0.024343318681065387
SASA.IS : 0.11566733088211864
TAVHL.IS : 0.013169116148464341
TCELL.IS : 0.030775817400115972
THYAO.IS : 0.05528199361205855
TOASO.IS : 0.062364696717099655
TUPRS.IS : 0.033531416058948146

Min Daily Loss Portfolio:
ALARK.IS : 0.04434147554365349
BIMAS.IS : 0.10965689721033799
HEKTS.IS : 0.2045032191335869
KOZAA.IS : 0.16765074730674637
KOZAL.IS : 0.09087646272003305
ODAS.IS : 0.25169777534812493
PETKM.IS : 0.11771631019423195
SASA.IS : 0.013557112543285276

Max Sharpe Ratio Portfolio:
ALARK.IS : 0.027329483856963613
BIMAS.IS : 0.020088246860831646
EKGYO.IS : 0.016548577141437232
ENKAI.IS : 0.02600536080008897
FROTO.IS : 0.05186880220470162
GUBRF.IS : 0.043972272170504964
HEKTS.IS : 0.041887060477953056
KOZAA.IS : 0.07556362992022946
KOZAL.IS : 0.12686253743448314
KRDMD.IS : 0.07032963450761931
ODAS.IS : 0.25230764597983196
PETKM.IS : 0.02564393724804817
SASA.IS : 0.13276064534968463
TCELL.IS : 0.04078925022798149
TOASO.IS : 0.048042915819640826

Best 5 Return Portfolio:
ODAS.IS : 0.2
EKGYO.IS : 0.2
KRDMD.IS : 0.2
SISE.IS : 0.2
ARCLK.IS : 0.19999999999999996

Best 10 Return Portfolio:
ODAS.IS : 0.1
EKGYO.IS : 0.1
KRDMD.IS : 0.1
SISE.IS : 0.1
ARCLK.IS : 0.1
ENKAI.IS : 0.1
KOZAL.IS : 0.1
KOZAA.IS : 0.1
PETKM.IS : 0.1
SASA.IS : 0.09999999999999998
