Min Volatility Portfolio:
ALARK.IS : 0.06914949005619174
ARCLK.IS : 0.05881400839491249
ASELS.IS : 0.018192716991150878
BIMAS.IS : 0.07119243725305958
EKGYO.IS : 0.0405208755214529
EREGL.IS : 0.054784183280436285
FROTO.IS : 0.052363039944357585
GARAN.IS : 0.011892314837915011
HEKTS.IS : 0.050075314112659176
KCHOL.IS : 0.040047551873346486
KOZAA.IS : 0.06189219848660025
KOZAL.IS : 0.050060619646793834
KRDMD.IS : 0.030763913992056247
ODAS.IS : 0.04245647179718877
PETKM.IS : 0.08936490707820982
PGSUS.IS : 0.013711556997715734
SASA.IS : 0.09964281159700215
TCELL.IS : 0.03158970727498911
THYAO.IS : 0.07285452497669219
TUPRS.IS : 0.04063135588726967

Min Daily Loss Portfolio:
ALARK.IS : 0.06985399028929233
EKGYO.IS : 0.06657176476196011
ENKAI.IS : 0.1909178803805323
FROTO.IS : 0.020609445853757232
GUBRF.IS : 0.057955843056056056
KRDMD.IS : 0.10507530568854372
ODAS.IS : 0.2445075607076197
PETKM.IS : 0.08541399223426974
TCELL.IS : 0.15909421702796891

Max Sharpe Ratio Portfolio:
ALARK.IS : 0.03235357299570704
ARCLK.IS : 0.11960326024118188
BIMAS.IS : 0.04076884113654044
EKGYO.IS : 0.1311173297205223
ENKAI.IS : 0.027720704086647365
FROTO.IS : 0.054832112544998264
GUBRF.IS : 0.013843576048651966
KOZAA.IS : 0.07553134150000838
KOZAL.IS : 0.024172674757575157
KRDMD.IS : 0.06846834670729736
ODAS.IS : 0.1996844843258227
PETKM.IS : 0.10753515106416817
TCELL.IS : 0.10436860487087908

Best 5 Return Portfolio:
EKGYO.IS : 0.2
ODAS.IS : 0.2
KRDMD.IS : 0.2
GUBRF.IS : 0.2
TCELL.IS : 0.19999999999999996

Best 10 Return Portfolio:
EKGYO.IS : 0.1
ODAS.IS : 0.1
KRDMD.IS : 0.1
GUBRF.IS : 0.1
TCELL.IS : 0.1
PETKM.IS : 0.1
ARCLK.IS : 0.1
FROTO.IS : 0.1
TOASO.IS : 0.1
ISCTR.IS : 0.09999999999999998
