Min Volatility Portfolio:
AKBNK.IS : 0.019759574590920148
ALARK.IS : 0.02774953432117492
ARCLK.IS : 0.04962911575878075
ASELS.IS : 0.08716556063267143
BIMAS.IS : 0.09784244812433883
ENKAI.IS : 0.06278365144888863
EREGL.IS : 0.01887935703233273
FROTO.IS : 0.05932271431734325
GARAN.IS : 0.0484174832435614
ISCTR.IS : 0.03692431792020959
KCHOL.IS : 0.037658320537189816
KOZAA.IS : 0.03768737502468424
KOZAL.IS : 0.05674087563959599
KRDMD.IS : 0.02537011946111284
ODAS.IS : 0.046236390433172035
PGSUS.IS : 0.030884812896999736
SAHOL.IS : 0.022572319319228637
SASA.IS : 0.04336522129902465
SISE.IS : 0.059550727366995085
TAVHL.IS : 0.019739407172919613
TCELL.IS : 0.04468379452509644
TUPRS.IS : 0.03446346554003092
YKBNK.IS : 0.0325734133937283

Min Daily Loss Portfolio:
ALARK.IS : 0.026522899260664222
BIMAS.IS : 0.24999999922655855
EREGL.IS : 0.046599813005835586
GARAN.IS : 0.24999999923490393
GUBRF.IS : 0.031100871852530382
HEKTS.IS : 0.01179614697485297
KCHOL.IS : 0.04012979786662926
KOZAL.IS : 0.25000000054760246
ODAS.IS : 0.055313614134491464
SAHOL.IS : 0.038536857895931156

Max Sharpe Ratio Portfolio:
BIMAS.IS : 0.03271784170666957
EKGYO.IS : 0.12814147846886262
ENKAI.IS : 0.02550482004655982
EREGL.IS : 0.026316367504430886
FROTO.IS : 0.012110386344422889
GUBRF.IS : 0.25254875352778117
HEKTS.IS : 0.2525487529744118
KOZAA.IS : 0.031102044297168042
KOZAL.IS : 0.15748102481855383
ODAS.IS : 0.034341915673602966
TUPRS.IS : 0.03297814735785733
YKBNK.IS : 0.014208467279679048

Best 5 Return Portfolio:
GUBRF.IS : 0.2
HEKTS.IS : 0.2
KOZAL.IS : 0.2
EREGL.IS : 0.2
KOZAA.IS : 0.19999999999999996

Best 10 Return Portfolio:
GUBRF.IS : 0.1
HEKTS.IS : 0.1
KOZAL.IS : 0.1
EREGL.IS : 0.1
KOZAA.IS : 0.1
ALARK.IS : 0.1
KRDMD.IS : 0.1
TOASO.IS : 0.1
TUPRS.IS : 0.1
SAHOL.IS : 0.09999999999999998
