Min Volatility Portfolio:
ASELS.IS : 0.021776599463217795
BIMAS.IS : 0.052489810795791826
EKGYO.IS : 0.09418959378479826
ENKAI.IS : 0.098827730774413
EREGL.IS : 0.05200813205545049
FROTO.IS : 0.023332682966888188
HEKTS.IS : 0.09862741163222158
ISCTR.IS : 0.010286363602909698
KCHOL.IS : 0.019628804841823406
KOZAL.IS : 0.06578812793777186
PGSUS.IS : 0.04397021286402965
SASA.IS : 0.08431746315312384
SISE.IS : 0.053062462328334024
TAVHL.IS : 0.06820188760281294
THYAO.IS : 0.065952025791347
TOASO.IS : 0.07702732635750993
TUPRS.IS : 0.07051336404755668

Min Daily Loss Portfolio:
ASELS.IS : 0.048673420283959525
BIMAS.IS : 0.016657572009111776
EKGYO.IS : 0.2503053750289371
HEKTS.IS : 0.08336736898427738
ODAS.IS : 0.010782103990023481
TAVHL.IS : 0.25030537380257234
TOASO.IS : 0.2503053750644665
TUPRS.IS : 0.08960341083665199

Max Sharpe Ratio Portfolio:
AKBNK.IS : 0.024625623877233962
EKGYO.IS : 0.04557739356163649
ENKAI.IS : 0.06630059254471594
HEKTS.IS : 0.12273952164901152
ISCTR.IS : 0.08973036228687432
KCHOL.IS : 0.029099034359680333
KOZAL.IS : 0.07882152390956818
ODAS.IS : 0.2582424294552398
SAHOL.IS : 0.04174718692604536
SISE.IS : 0.029486264840786026
TAVHL.IS : 0.019882591698672344
TOASO.IS : 0.109525303615441
TUPRS.IS : 0.08422217127509475

Best 5 Return Portfolio:
ODAS.IS : 0.2
GUBRF.IS : 0.2
TCELL.IS : 0.2
TOASO.IS : 0.2
ISCTR.IS : 0.19999999999999996

Best 10 Return Portfolio:
ODAS.IS : 0.1
GUBRF.IS : 0.1
TCELL.IS : 0.1
TOASO.IS : 0.1
ISCTR.IS : 0.1
ARCLK.IS : 0.1
YKBNK.IS : 0.1
KRDMD.IS : 0.1
SAHOL.IS : 0.1
GARAN.IS : 0.09999999999999998
