Min Volatility Portfolio:
ALARK.IS : 0.04335723959830545
ARCLK.IS : 0.053933683558348135
ASELS.IS : 0.08668311970172471
BIMAS.IS : 0.08056009168234869
ENKAI.IS : 0.06536835157250938
FROTO.IS : 0.056526676922083886
GARAN.IS : 0.03081799453420362
HEKTS.IS : 0.011152649130220516
ISCTR.IS : 0.020725865797179072
KCHOL.IS : 0.04569569937226334
KOZAA.IS : 0.05339029192987563
KOZAL.IS : 0.029228096311505067
KRDMD.IS : 0.012890696287345139
ODAS.IS : 0.10531911104763955
PETKM.IS : 0.03326030440735907
PGSUS.IS : 0.030644121071637557
SAHOL.IS : 0.03188739635995084
SASA.IS : 0.012958226946847175
SISE.IS : 0.05050020934645447
TAVHL.IS : 0.014030439903757502
TCELL.IS : 0.04982334298678215
THYAO.IS : 0.019777021180233327
TUPRS.IS : 0.0454879040798623
YKBNK.IS : 0.01598146627156355

Min Daily Loss Portfolio:
ALARK.IS : 0.1922670914225363
BIMAS.IS : 0.15319046322827407
FROTO.IS : 0.03246566158917584
HEKTS.IS : 0.010306816472547872
KCHOL.IS : 0.11291046005446492
KOZAL.IS : 0.19648252958937718
ODAS.IS : 0.24403659608127382
TAVHL.IS : 0.05834038156234999

Max Sharpe Ratio Portfolio:
AKBNK.IS : 0.018685633895137343
ALARK.IS : 0.03683183841138924
ASELS.IS : 0.03834609998752361
BIMAS.IS : 0.07002098659550599
EKGYO.IS : 0.01757001446639032
ENKAI.IS : 0.07398834527787657
FROTO.IS : 0.050542160053347135
HEKTS.IS : 0.2530279671391548
KOZAA.IS : 0.01853419258892782
KOZAL.IS : 0.07468644285763491
ODAS.IS : 0.09770590877672104
PETKM.IS : 0.011985015600163098
PGSUS.IS : 0.03603975748312421
SAHOL.IS : 0.012732766781803483
SISE.IS : 0.02040423927047192
TAVHL.IS : 0.011691467165202574
TCELL.IS : 0.031557106855069336
THYAO.IS : 0.03167062984729185
TUPRS.IS : 0.09397942694726479

Best 5 Return Portfolio:
HEKTS.IS : 0.2
KOZAL.IS : 0.2
GUBRF.IS : 0.2
ALARK.IS : 0.2
KOZAA.IS : 0.19999999999999996

Best 10 Return Portfolio:
HEKTS.IS : 0.1
KOZAL.IS : 0.1
GUBRF.IS : 0.1
ALARK.IS : 0.1
KOZAA.IS : 0.1
EKGYO.IS : 0.1
TOASO.IS : 0.1
FROTO.IS : 0.1
KRDMD.IS : 0.1
SASA.IS : 0.09999999999999998
