Min Volatility Portfolio:
AKBNK.IS : 0.032706432065189105
ALARK.IS : 0.058502689956997
ARCLK.IS : 0.04037801026304979
ASELS.IS : 0.041109622933003055
BIMAS.IS : 0.07031439277112227
EKGYO.IS : 0.03405644872417639
ENKAI.IS : 0.03809535377534678
FROTO.IS : 0.061226157447234524
GARAN.IS : 0.014673711203587384
GUBRF.IS : 0.09074868844994254
HEKTS.IS : 0.057341109492367225
ISCTR.IS : 0.0377226509053817
KOZAA.IS : 0.028263290321058194
KOZAL.IS : 0.05855096223770843
PETKM.IS : 0.020427136831998136
SAHOL.IS : 0.026636777751569817
SASA.IS : 0.029832467247349725
SISE.IS : 0.03353380406611866
TCELL.IS : 0.012979777164980283
THYAO.IS : 0.02135477928700282
TOASO.IS : 0.045493336560925385
TUPRS.IS : 0.0764064886731115
YKBNK.IS : 0.06964591187077937

Min Daily Loss Portfolio:
ASELS.IS : 0.25007333811742627
EKGYO.IS : 0.15796619250813104
GUBRF.IS : 0.25075280983508413
SASA.IS : 0.1391984231013418
TOASO.IS : 0.17288416975222082
YKBNK.IS : 0.029125066685795925

Max Sharpe Ratio Portfolio:
AKBNK.IS : 0.04531820093891013
ALARK.IS : 0.019156787850859898
ASELS.IS : 0.04997703602244292
EKGYO.IS : 0.06001760231602997
ENKAI.IS : 0.023701662078778094
GUBRF.IS : 0.25078561155890344
HEKTS.IS : 0.062406071356627894
ISCTR.IS : 0.07831765987802444
KOZAL.IS : 0.033507479257210884
ODAS.IS : 0.1083344531937349
PETKM.IS : 0.012121762230722585
SAHOL.IS : 0.016481108107461936
SASA.IS : 0.03076638681397543
SISE.IS : 0.019564896852248412
TOASO.IS : 0.017590876202334058
TUPRS.IS : 0.018609350324556632
YKBNK.IS : 0.15334305501717832

Best 5 Return Portfolio:
GUBRF.IS : 0.2
ODAS.IS : 0.2
SASA.IS : 0.2
HEKTS.IS : 0.2
YKBNK.IS : 0.19999999999999996

Best 10 Return Portfolio:
GUBRF.IS : 0.1
ODAS.IS : 0.1
SASA.IS : 0.1
HEKTS.IS : 0.1
YKBNK.IS : 0.1
ISCTR.IS : 0.1
EKGYO.IS : 0.1
ASELS.IS : 0.1
KOZAA.IS : 0.1
ENKAI.IS : 0.09999999999999998
