Min Volatility Portfolio:
AKBNK.IS : 0.013404700379756359
BIMAS.IS : 0.07903343307029467
EKGYO.IS : 0.02264613912149337
ENKAI.IS : 0.11284425635207351
EREGL.IS : 0.08315017293093077
FROTO.IS : 0.03231842511425585
HEKTS.IS : 0.012970090343646415
KOZAL.IS : 0.022495487879929832
PGSUS.IS : 0.05892138632309386
SASA.IS : 0.11530964475636736
SISE.IS : 0.08199714522514931
TAVHL.IS : 0.06209375994779055
TCELL.IS : 0.09592151363689236
THYAO.IS : 0.0720257416676138
TOASO.IS : 0.017817960959173065
TUPRS.IS : 0.09710445834599384
YKBNK.IS : 0.01994568394554502

Min Daily Loss Portfolio:
BIMAS.IS : 0.09623366364790231
ENKAI.IS : 0.0968891926048794
EREGL.IS : 0.15404038592000155
ODAS.IS : 0.025574444165394384
SASA.IS : 0.250000000322063
SISE.IS : 0.06974429683857704
TCELL.IS : 0.2500000003750712
TUPRS.IS : 0.05751801612611102

Max Sharpe Ratio Portfolio:
ALARK.IS : 0.10139608218416535
ENKAI.IS : 0.05558683661514972
EREGL.IS : 0.038105463328910405
GUBRF.IS : 0.06009731378346753
ODAS.IS : 0.2513668942943285
SASA.IS : 0.12960699633481118
SISE.IS : 0.07971849986512407
TCELL.IS : 0.15833462159921574
TOASO.IS : 0.020600388162759973
TUPRS.IS : 0.10518690383206739

Best 5 Return Portfolio:
ODAS.IS : 0.2
GUBRF.IS : 0.2
ALARK.IS : 0.2
KRDMD.IS : 0.2
TCELL.IS : 0.19999999999999996

Best 10 Return Portfolio:
ODAS.IS : 0.1
GUBRF.IS : 0.1
ALARK.IS : 0.1
KRDMD.IS : 0.1
TCELL.IS : 0.1
TOASO.IS : 0.1
ARCLK.IS : 0.1
SISE.IS : 0.1
PETKM.IS : 0.1
SAHOL.IS : 0.09999999999999998
