Min Volatility Portfolio:
AKBNK.IS : 0.036601981113250595
ALARK.IS : 0.0806670270605159
ARCLK.IS : 0.05651159582216411
BIMAS.IS : 0.06393308392379221
EKGYO.IS : 0.029305031704933017
ENKAI.IS : 0.02022956673405244
EREGL.IS : 0.05784837361157112
FROTO.IS : 0.01682076150954576
GARAN.IS : 0.045129456057037116
HEKTS.IS : 0.054107697584939766
ISCTR.IS : 0.016342415859994273
KOZAA.IS : 0.05809626812681355
KOZAL.IS : 0.063484168320534
KRDMD.IS : 0.016642692743422397
ODAS.IS : 0.03429092853754517
PETKM.IS : 0.07128775336735728
PGSUS.IS : 0.03408417903224062
SAHOL.IS : 0.03465046975564112
SASA.IS : 0.08479752126863341
SISE.IS : 0.018586436192751257
TCELL.IS : 0.03417934473390232
THYAO.IS : 0.05057651074581792
TUPRS.IS : 0.02182673619354457

Min Daily Loss Portfolio:
ALARK.IS : 0.016847991139984177
BIMAS.IS : 0.03144486459145369
EKGYO.IS : 0.07843818366259292
ENKAI.IS : 0.06624928080451484
GUBRF.IS : 0.09301801731672808
KOZAA.IS : 0.048458067519343444
KRDMD.IS : 0.19631673512983008
ODAS.IS : 0.1739580043294701
PETKM.IS : 0.07438741897861037
TCELL.IS : 0.2208814365274723

Max Sharpe Ratio Portfolio:
ALARK.IS : 0.1133786134559165
ARCLK.IS : 0.059713170563782246
BIMAS.IS : 0.019285531346731395
EKGYO.IS : 0.058250247720350035
EREGL.IS : 0.04377590948798079
GUBRF.IS : 0.2545074351714376
HEKTS.IS : 0.01699979436747086
KOZAA.IS : 0.06773300246251891
ODAS.IS : 0.07337247085239718
PETKM.IS : 0.04992077618902171
SAHOL.IS : 0.0235231729096572
SASA.IS : 0.11585450554355381
TCELL.IS : 0.10368536992918168

Best 5 Return Portfolio:
GUBRF.IS : 0.2
EKGYO.IS : 0.2
PETKM.IS : 0.2
ENKAI.IS : 0.2
FROTO.IS : 0.19999999999999996

Best 10 Return Portfolio:
GUBRF.IS : 0.1
EKGYO.IS : 0.1
PETKM.IS : 0.1
ENKAI.IS : 0.1
FROTO.IS : 0.1
KRDMD.IS : 0.1
TCELL.IS : 0.1
KCHOL.IS : 0.1
ISCTR.IS : 0.1
ODAS.IS : 0.09999999999999998
