Min Volatility Portfolio:
ASELS.IS : 0.1250843509236453
BIMAS.IS : 0.1123778077414371
EREGL.IS : 0.0246059456637961
FROTO.IS : 0.0735324434404695
HEKTS.IS : 0.1287351581750786
KOZAL.IS : 0.0885821366326859
PGSUS.IS : 0.1179266305573648
SAHOL.IS : 0.1022122048940678
TCELL.IS : 0.0191105564683384
THYAO.IS : 0.1520204208869215
TUPRS.IS : 0.055812344616195

Min Daily Loss Portfolio:
ARCLK.IS : 0.24999999995480943
BIMAS.IS : 0.024532927750735824
EREGL.IS : 0.09832349531139056
HEKTS.IS : 0.032547695338153444
ODAS.IS : 0.24999999995431352
PGSUS.IS : 0.051997876472375866
SAHOL.IS : 0.24999999991522923
SISE.IS : 0.04259800530299211

Max Sharpe Ratio Portfolio:
ARCLK.IS : 0.12991829704725238
GUBRF.IS : 0.07841540494510092
KOZAL.IS : 0.08606437734367119
ODAS.IS : 0.2532029765696788
PGSUS.IS : 0.05617180735410223
SAHOL.IS : 0.05509545874237827
SISE.IS : 0.14090448246578408
TCELL.IS : 0.06278311753201302
THYAO.IS : 0.12498206898723282
TOASO.IS : 0.012462009012786334

Best 5 Return Portfolio:
ODAS.IS : 0.2
SISE.IS : 0.2
ARCLK.IS : 0.2
EKGYO.IS : 0.2
TOASO.IS : 0.19999999999999996

Best 10 Return Portfolio:
ODAS.IS : 0.1
SISE.IS : 0.1
ARCLK.IS : 0.1
EKGYO.IS : 0.1
TOASO.IS : 0.1
KRDMD.IS : 0.1
TCELL.IS : 0.1
SASA.IS : 0.1
BIMAS.IS : 0.1
PETKM.IS : 0.09999999999999998
