Min Volatility Portfolio:
ALARK.IS : 0.0879823164495061
ARCLK.IS : 0.042500881372302825
ASELS.IS : 0.028643497825560683
BIMAS.IS : 0.25446125363904876
EKGYO.IS : 0.14038901687056266
ENKAI.IS : 0.13133973197363166
EREGL.IS : 0.01729295330194509
KOZAL.IS : 0.07699647350967752
ODAS.IS : 0.028965230715794092
PETKM.IS : 0.04770840473426138
SASA.IS : 0.03576645387731807
TCELL.IS : 0.013159538545483542
TOASO.IS : 0.05846135494892608
TUPRS.IS : 0.036332892235981414

Min Daily Loss Portfolio:
ALARK.IS : 0.08585857607691323
BIMAS.IS : 0.2500000000301061
EKGYO.IS : 0.2500000000235621
ENKAI.IS : 0.225830718742964
KRDMD.IS : 0.01263254068939129
ODAS.IS : 0.07179824272676696
PETKM.IS : 0.10387992171029643

Max Sharpe Ratio Portfolio:
ARCLK.IS : 0.022560820477601645
BIMAS.IS : 0.17276697858840245
EKGYO.IS : 0.08862982594657583
EREGL.IS : 0.24999999992699135
GUBRF.IS : 0.15805818183106704
ODAS.IS : 0.09783280342045482
PETKM.IS : 0.16430699558812553
TOASO.IS : 0.04584439422078144

Best 5 Return Portfolio:
GUBRF.IS : 0.2
EREGL.IS : 0.2
KRDMD.IS : 0.2
PETKM.IS : 0.2
TOASO.IS : 0.19999999999999996

Best 10 Return Portfolio:
GUBRF.IS : 0.1
EREGL.IS : 0.1
KRDMD.IS : 0.1
PETKM.IS : 0.1
TOASO.IS : 0.1
TUPRS.IS : 0.1
HEKTS.IS : 0.1
PGSUS.IS : 0.1
TAVHL.IS : 0.1
SASA.IS : 0.09999999999999998
