Min Volatility Portfolio:
AKBNK.IS : 0.022161072792248337
BIMAS.IS : 0.07239542790685846
EKGYO.IS : 0.0346355434224518
ENKAI.IS : 0.08348735679697253
EREGL.IS : 0.08483555553577987
FROTO.IS : 0.07120044905036318
ISCTR.IS : 0.02940608535921244
KCHOL.IS : 0.01214513680956001
KOZAA.IS : 0.030989708567940744
KOZAL.IS : 0.02718901946454402
PGSUS.IS : 0.05024073072486029
SASA.IS : 0.10858470099941053
SISE.IS : 0.08848877663444807
TAVHL.IS : 0.028243790906065967
TCELL.IS : 0.09513290025793324
THYAO.IS : 0.0689765008640909
TOASO.IS : 0.03044528384451212
TUPRS.IS : 0.04563963697526047
YKBNK.IS : 0.015802323087486976

Min Daily Loss Portfolio:
ALARK.IS : 0.14272623714082294
BIMAS.IS : 0.18691518557232523
EREGL.IS : 0.14653754441849667
SASA.IS : 0.25234362278719735
SISE.IS : 0.08100739380850772
TCELL.IS : 0.19047001627265006

Max Sharpe Ratio Portfolio:
ALARK.IS : 0.17818300921972838
EREGL.IS : 0.06300894987863881
GUBRF.IS : 0.10584024560626115
KRDMD.IS : 0.1639464228670952
ODAS.IS : 0.2157387806300883
SASA.IS : 0.16909043075444682
SISE.IS : 0.1041921610437413

Best 5 Return Portfolio:
ODAS.IS : 0.2
GUBRF.IS : 0.2
ALARK.IS : 0.2
KRDMD.IS : 0.2
SISE.IS : 0.19999999999999996

Best 10 Return Portfolio:
ODAS.IS : 0.1
GUBRF.IS : 0.1
ALARK.IS : 0.1
KRDMD.IS : 0.1
SISE.IS : 0.1
SASA.IS : 0.1
TOASO.IS : 0.1
PETKM.IS : 0.1
ASELS.IS : 0.1
EREGL.IS : 0.09999999999999998
