Min Volatility Portfolio:
AKBNK.IS : 0.02639488823442011
ALARK.IS : 0.04885297552474622
ARCLK.IS : 0.037804067101164615
ASELS.IS : 0.029665642359133913
BIMAS.IS : 0.07987717772639794
EKGYO.IS : 0.02411152102715831
ENKAI.IS : 0.06494302276952572
EREGL.IS : 0.04943044074231342
FROTO.IS : 0.03815621824920301
GUBRF.IS : 0.022259997404396912
HEKTS.IS : 0.03260841380458651
ISCTR.IS : 0.06453916202871793
KCHOL.IS : 0.032046003108107214
KOZAA.IS : 0.03949287904317762
KOZAL.IS : 0.029955269250189813
PETKM.IS : 0.03540683328193862
SASA.IS : 0.018421081619254907
SISE.IS : 0.03990646118259012
TCELL.IS : 0.02561728337495511
TOASO.IS : 0.04850260314837912
TUPRS.IS : 0.07475112805843183
YKBNK.IS : 0.13725693096121105

Min Daily Loss Portfolio:
ASELS.IS : 0.07013732162004842
GUBRF.IS : 0.25000000183148363
HEKTS.IS : 0.13464160591695504
ISCTR.IS : 0.19906198633392394
PETKM.IS : 0.02790511184504082
SASA.IS : 0.20209293385520818
YKBNK.IS : 0.11616103859733992

Max Sharpe Ratio Portfolio:
AKBNK.IS : 0.058398349829725055
ARCLK.IS : 0.031757348880958186
ASELS.IS : 0.011556011252933396
BIMAS.IS : 0.0375682400657441
EKGYO.IS : 0.022501366823737465
ENKAI.IS : 0.04158537261184721
EREGL.IS : 0.021008386645521016
GUBRF.IS : 0.25408253879307
HEKTS.IS : 0.04194444586544259
ISCTR.IS : 0.12245376930789141
PETKM.IS : 0.039859782269537986
SAHOL.IS : 0.020849218711596684
SISE.IS : 0.08119340431523665
TOASO.IS : 0.024431631685950587
YKBNK.IS : 0.19081013294080765

Best 5 Return Portfolio:
GUBRF.IS : 0.2
SASA.IS : 0.2
ODAS.IS : 0.2
ASELS.IS : 0.2
KOZAA.IS : 0.19999999999999996

Best 10 Return Portfolio:
GUBRF.IS : 0.1
SASA.IS : 0.1
ODAS.IS : 0.1
ASELS.IS : 0.1
KOZAA.IS : 0.1
HEKTS.IS : 0.1
ALARK.IS : 0.1
FROTO.IS : 0.1
KOZAL.IS : 0.1
PETKM.IS : 0.09999999999999998
