Min Volatility Portfolio:
AKBNK.IS : 0.030931146427490425
ARCLK.IS : 0.05035916435129961
ASELS.IS : 0.05731914043011459
BIMAS.IS : 0.18392118273737948
ENKAI.IS : 0.20625987489442232
EREGL.IS : 0.07202559161402709
FROTO.IS : 0.05486783530080995
KOZAA.IS : 0.03128395890892968
KOZAL.IS : 0.11570164104639864
KRDMD.IS : 0.01306099697871714
SAHOL.IS : 0.027683484921174444
TOASO.IS : 0.07434286556575706
TUPRS.IS : 0.0822431168234795

Min Daily Loss Portfolio:
AKBNK.IS : 0.06913197420643613
ASELS.IS : 0.07108330722551616
BIMAS.IS : 0.05005480281507797
ENKAI.IS : 0.2500000000787636
EREGL.IS : 0.020967542566626987
FROTO.IS : 0.2500000000828108
KOZAL.IS : 0.2500000000476128
KRDMD.IS : 0.03876237297715561

Max Sharpe Ratio Portfolio:
BIMAS.IS : 0.12490547720162813
ENKAI.IS : 0.13524195871766317
EREGL.IS : 0.06996740780952627
FROTO.IS : 0.24999999989157365
GARAN.IS : 0.025506745239084434
GUBRF.IS : 0.02753171169122201
KCHOL.IS : 0.11626116200613618
KOZAL.IS : 0.046534515431780124
PGSUS.IS : 0.032290278031660034
SAHOL.IS : 0.07378267852560473
YKBNK.IS : 0.09797806545412133

Best 5 Return Portfolio:
FROTO.IS : 0.2
YKBNK.IS : 0.2
ISCTR.IS : 0.2
GARAN.IS : 0.2
SAHOL.IS : 0.19999999999999996

Best 10 Return Portfolio:
FROTO.IS : 0.1
YKBNK.IS : 0.1
ISCTR.IS : 0.1
GARAN.IS : 0.1
SAHOL.IS : 0.1
KCHOL.IS : 0.1
PGSUS.IS : 0.1
AKBNK.IS : 0.1
KRDMD.IS : 0.1
TAVHL.IS : 0.09999999999999998
