Min Volatility Portfolio:
ARCLK.IS : 0.043937648535908404
ASELS.IS : 0.015126320116861209
BIMAS.IS : 0.19624769844771783
ENKAI.IS : 0.07093952745278165
EREGL.IS : 0.06698117278583458
FROTO.IS : 0.04131749618205721
GUBRF.IS : 0.026273172983758728
HEKTS.IS : 0.15152222602325519
KCHOL.IS : 0.031561124251641794
PETKM.IS : 0.08183868305840128
SAHOL.IS : 0.024752969483094373
SISE.IS : 0.06117899147412657
TCELL.IS : 0.11299352050457462
THYAO.IS : 0.013872649546981733
TUPRS.IS : 0.06145679915300479

Min Daily Loss Portfolio:
BIMAS.IS : 0.20411944997652343
ENKAI.IS : 0.15540736105725605
EREGL.IS : 0.07359115638198561
FROTO.IS : 0.09842108284181553
HEKTS.IS : 0.2500000000487943
KOZAA.IS : 0.06610232678886627
PETKM.IS : 0.06262594237292998
PGSUS.IS : 0.01286573179951815
THYAO.IS : 0.019106686580876088
TUPRS.IS : 0.057760262151434615

Max Sharpe Ratio Portfolio:
BIMAS.IS : 0.1464094909204084
EREGL.IS : 0.14933188831539332
FROTO.IS : 0.09258692074050096
HEKTS.IS : 0.2501168901997747
PETKM.IS : 0.04612176941732094
PGSUS.IS : 0.25011689000291953
TCELL.IS : 0.06531615040368217

Best 5 Return Portfolio:
PGSUS.IS : 0.2
KOZAA.IS : 0.2
HEKTS.IS : 0.2
ODAS.IS : 0.2
SISE.IS : 0.19999999999999996

Best 10 Return Portfolio:
PGSUS.IS : 0.1
KOZAA.IS : 0.1
HEKTS.IS : 0.1
ODAS.IS : 0.1
SISE.IS : 0.1
EREGL.IS : 0.1
TOASO.IS : 0.1
FROTO.IS : 0.1
SASA.IS : 0.1
ARCLK.IS : 0.09999999999999998
