Min Volatility Portfolio:
ALARK.IS : 0.07241329451863449
ARCLK.IS : 0.10044485799370383
BIMAS.IS : 0.20238970548260576
ENKAI.IS : 0.056866055008452265
EREGL.IS : 0.05158717410093513
KRDMD.IS : 0.02606894559754588
PETKM.IS : 0.020071565900123538
PGSUS.IS : 0.010190573274315176
SAHOL.IS : 0.059687300016198444
SASA.IS : 0.06592660032078061
SISE.IS : 0.10551531549722909
TCELL.IS : 0.21743359015135802
TUPRS.IS : 0.011405022138117709

Min Daily Loss Portfolio:
ALARK.IS : 0.2512452850705165
BIMAS.IS : 0.11900497781241819
KRDMD.IS : 0.04962573317169764
PGSUS.IS : 0.017225782713580565
SASA.IS : 0.2253854445448369
SISE.IS : 0.08626749169480741
TCELL.IS : 0.2512452849921427

Max Sharpe Ratio Portfolio:
BIMAS.IS : 0.2499999996916848
PETKM.IS : 0.04660741681012002
PGSUS.IS : 0.2499999996916848
SASA.IS : 0.20339258411482558
TCELL.IS : 0.2499999996916848

Best 5 Return Portfolio:
PGSUS.IS : 0.2
SASA.IS : 0.2
TAVHL.IS : 0.2
KOZAA.IS : 0.2
HEKTS.IS : 0.19999999999999996

Best 10 Return Portfolio:
PGSUS.IS : 0.1
SASA.IS : 0.1
TAVHL.IS : 0.1
KOZAA.IS : 0.1
HEKTS.IS : 0.1
ENKAI.IS : 0.1
SISE.IS : 0.1
THYAO.IS : 0.1
KOZAL.IS : 0.1
ALARK.IS : 0.09999999999999998
