Min Volatility Portfolio:
BIMAS.IS : 0.08379470299128762
EREGL.IS : 0.030077160565499705
FROTO.IS : 0.14073408410332602
ISCTR.IS : 0.011588577862453302
KCHOL.IS : 0.018954626367574605
KOZAL.IS : 0.21902075202508983
SAHOL.IS : 0.07779250219049952
TAVHL.IS : 0.08671293507821111
TCELL.IS : 0.11299610442766532
THYAO.IS : 0.018872719367766903
TUPRS.IS : 0.06968086647488021
YKBNK.IS : 0.12977496854574583

Min Daily Loss Portfolio:
ARCLK.IS : 0.023459570778559334
BIMAS.IS : 0.17443374002553327
EREGL.IS : 0.25000000101370096
FROTO.IS : 0.25000000083203294
KOZAL.IS : 0.25000000083857643
TAVHL.IS : 0.025538036728062517
TCELL.IS : 0.026568649783534695

Max Sharpe Ratio Portfolio:
ARCLK.IS : 0.043148591913935413
ASELS.IS : 0.2500000000002614
FROTO.IS : 0.2500000000002614
GUBRF.IS : 0.16468743491796248
KOZAL.IS : 0.2500000000002614
SASA.IS : 0.042163973167317854

Best 5 Return Portfolio:
SASA.IS : 0.2
ASELS.IS : 0.2
FROTO.IS : 0.2
ARCLK.IS : 0.2
GUBRF.IS : 0.19999999999999996

Best 10 Return Portfolio:
SASA.IS : 0.1
ASELS.IS : 0.1
FROTO.IS : 0.1
ARCLK.IS : 0.1
GUBRF.IS : 0.1
ENKAI.IS : 0.1
KOZAL.IS : 0.1
KOZAA.IS : 0.1
EREGL.IS : 0.1
HEKTS.IS : 0.09999999999999998
