Min Volatility Portfolio:
BIMAS.IS : 0.14787326534650375
EKGYO.IS : 0.05783962599313055
ENKAI.IS : 0.09159305156742842
EREGL.IS : 0.020263433580568656
GARAN.IS : 0.023902418131438275
GUBRF.IS : 0.026449425125983052
HEKTS.IS : 0.1203632821588542
ISCTR.IS : 0.0558861762736369
KCHOL.IS : 0.018972011335582222
KOZAL.IS : 0.031970068561558776
KRDMD.IS : 0.011094919812619432
PETKM.IS : 0.07051657557488526
PGSUS.IS : 0.02999206510961742
SAHOL.IS : 0.06162601568146703
SASA.IS : 0.028821568491993542
SISE.IS : 0.10752789755694407
TCELL.IS : 0.06445530800302797
TUPRS.IS : 0.030852891694760486

Min Daily Loss Portfolio:
BIMAS.IS : 0.1222909902860625
ENKAI.IS : 0.027838582139532175
HEKTS.IS : 0.2513731040074795
KOZAL.IS : 0.2513731036713544
PETKM.IS : 0.24695634984842094
PGSUS.IS : 0.051782132424546844
SASA.IS : 0.04838573762260373

Max Sharpe Ratio Portfolio:
ENKAI.IS : 0.02326439160062544
EREGL.IS : 0.24457062360636406
HEKTS.IS : 0.24999999999571554
ODAS.IS : 0.23411635956806484
PETKM.IS : 0.04623498449335485
PGSUS.IS : 0.06940012187396837
SASA.IS : 0.015422858809653339
SISE.IS : 0.08953697799323244
TCELL.IS : 0.027453682059021003

Best 5 Return Portfolio:
ODAS.IS : 0.2
HEKTS.IS : 0.2
EREGL.IS : 0.2
KRDMD.IS : 0.2
PETKM.IS : 0.19999999999999996

Best 10 Return Portfolio:
ODAS.IS : 0.1
HEKTS.IS : 0.1
EREGL.IS : 0.1
KRDMD.IS : 0.1
PETKM.IS : 0.1
THYAO.IS : 0.1
KOZAL.IS : 0.1
ASELS.IS : 0.1
SAHOL.IS : 0.1
GUBRF.IS : 0.09999999999999998
