Min Volatility Portfolio:
AKBNK.IS : 0.051046809188618356
ALARK.IS : 0.03938784809420191
ARCLK.IS : 0.031063541382606575
BIMAS.IS : 0.0508725727077535
EKGYO.IS : 0.012698097736422066
ENKAI.IS : 0.0814462282746881
EREGL.IS : 0.06176298327500115
GARAN.IS : 0.05605853897322161
GUBRF.IS : 0.0209434375677153
HEKTS.IS : 0.04039902393267095
ISCTR.IS : 0.04883318269865591
KOZAA.IS : 0.06711027549768038
KOZAL.IS : 0.07095334634125097
KRDMD.IS : 0.03498326544448219
ODAS.IS : 0.042272837433183816
PETKM.IS : 0.06366082079866349
SAHOL.IS : 0.02535860118668618
SASA.IS : 0.06064463773236109
SISE.IS : 0.057089117183776905
TCELL.IS : 0.07273067489729897
YKBNK.IS : 0.01068415965306074

Min Daily Loss Portfolio:
BIMAS.IS : 0.05013292532419542
EKGYO.IS : 0.0883160744456418
ENKAI.IS : 0.11890674521439362
GUBRF.IS : 0.0701172785914411
KRDMD.IS : 0.169391952459925
ODAS.IS : 0.14864889941229106
PETKM.IS : 0.10423372039225084
TCELL.IS : 0.25025240415986105

Max Sharpe Ratio Portfolio:
AKBNK.IS : 0.0330249506124945
ALARK.IS : 0.040215563660883906
BIMAS.IS : 0.08772511261343474
EKGYO.IS : 0.2525628059539998
ENKAI.IS : 0.06156567894379249
EREGL.IS : 0.058618695250044504
GARAN.IS : 0.04137175542929819
ISCTR.IS : 0.01301140331878485
KCHOL.IS : 0.026964518872932407
KOZAA.IS : 0.07301223860000647
KOZAL.IS : 0.010399860451527028
KRDMD.IS : 0.015348340089376397
ODAS.IS : 0.023490840703343476
PETKM.IS : 0.04334963998092231
SASA.IS : 0.050503391472965134
SISE.IS : 0.03342806259298404
TCELL.IS : 0.10767983513637334
TOASO.IS : 0.02772730631683634

Best 5 Return Portfolio:
EKGYO.IS : 0.2
GUBRF.IS : 0.2
THYAO.IS : 0.2
FROTO.IS : 0.2
KCHOL.IS : 0.19999999999999996

Best 10 Return Portfolio:
EKGYO.IS : 0.1
GUBRF.IS : 0.1
THYAO.IS : 0.1
FROTO.IS : 0.1
KCHOL.IS : 0.1
ARCLK.IS : 0.1
BIMAS.IS : 0.1
PETKM.IS : 0.1
TAVHL.IS : 0.1
SAHOL.IS : 0.09999999999999998
