Min Volatility Portfolio:
ALARK.IS : 0.08097849713973525
ASELS.IS : 0.07536873336281516
BIMAS.IS : 0.06519631842770496
ENKAI.IS : 0.1712699519216371
EREGL.IS : 0.11866876095887945
GUBRF.IS : 0.15183182079884547
HEKTS.IS : 0.05910342560289542
KCHOL.IS : 0.016963719827946665
KOZAL.IS : 0.06341391800269575
KRDMD.IS : 0.012052203111108528
SAHOL.IS : 0.04983395832998153
SASA.IS : 0.10908565598137994
TCELL.IS : 0.02623303653437472

Min Daily Loss Portfolio:
ALARK.IS : 0.08714629361247547
ENKAI.IS : 0.21412723383597593
EREGL.IS : 0.11541541152299041
GUBRF.IS : 0.23282905937258824
KOZAL.IS : 0.09122604939062186
ODAS.IS : 0.04809342876869385
SASA.IS : 0.1830189886851717
TUPRS.IS : 0.02814353481148258

Max Sharpe Ratio Portfolio:
ALARK.IS : 0.08103164271774596
BIMAS.IS : 0.0843679320249141
ENKAI.IS : 0.16915897722891088
EREGL.IS : 0.12128478877844114
GUBRF.IS : 0.13471866889130232
KRDMD.IS : 0.09051244047506415
ODAS.IS : 0.06892554988393276
SASA.IS : 0.24999999999968875

Best 5 Return Portfolio:
SASA.IS : 0.2
ODAS.IS : 0.2
KRDMD.IS : 0.2
FROTO.IS : 0.2
PETKM.IS : 0.19999999999999996

Best 10 Return Portfolio:
SASA.IS : 0.1
ODAS.IS : 0.1
KRDMD.IS : 0.1
FROTO.IS : 0.1
PETKM.IS : 0.1
EREGL.IS : 0.1
BIMAS.IS : 0.1
ISCTR.IS : 0.1
GUBRF.IS : 0.1
SISE.IS : 0.09999999999999998
