Min Volatility Portfolio:
AKBNK.IS : 0.051153940329524736
ALARK.IS : 0.07092447597718383
ARCLK.IS : 0.04384312653289442
BIMAS.IS : 0.04548722230216773
ENKAI.IS : 0.06305603712758541
EREGL.IS : 0.07263186148437678
GARAN.IS : 0.05013431210957517
GUBRF.IS : 0.047369144547828035
HEKTS.IS : 0.03691732896589436
ISCTR.IS : 0.05010839565838998
KOZAA.IS : 0.01657251858047218
KOZAL.IS : 0.05698612818914323
KRDMD.IS : 0.07565862601393236
PETKM.IS : 0.06709445102458682
SAHOL.IS : 0.042586487969063586
SASA.IS : 0.06685520729246837
SISE.IS : 0.05434681313206116
TCELL.IS : 0.04764447415502747
TUPRS.IS : 0.022290304617961304
YKBNK.IS : 0.018339143989863173

Min Daily Loss Portfolio:
ALARK.IS : 0.25040930797946115
BIMAS.IS : 0.02427945945711612
EREGL.IS : 0.25040930095191566
GUBRF.IS : 0.15916977279723138
HEKTS.IS : 0.099149810833963
KCHOL.IS : 0.12632274311816788
KRDMD.IS : 0.03134471186355646
TCELL.IS : 0.025287043570170944
TUPRS.IS : 0.0336278494284174

Max Sharpe Ratio Portfolio:
AKBNK.IS : 0.050719109310640234
ALARK.IS : 0.02822831231745026
ARCLK.IS : 0.06792794638904828
BIMAS.IS : 0.05237544871070936
ENKAI.IS : 0.05671229869812148
EREGL.IS : 0.07466498791073124
FROTO.IS : 0.019122620597519843
GARAN.IS : 0.0637676196556891
GUBRF.IS : 0.2548250471579405
HEKTS.IS : 0.08779258098966397
ISCTR.IS : 0.015136713542523099
ODAS.IS : 0.04563679149651208
SAHOL.IS : 0.05041633364706932
SASA.IS : 0.0687362563299875
SISE.IS : 0.030288080325967803
TCELL.IS : 0.033649852920425875

Best 5 Return Portfolio:
GUBRF.IS : 0.2
EKGYO.IS : 0.2
BIMAS.IS : 0.2
FROTO.IS : 0.2
KCHOL.IS : 0.19999999999999996

Best 10 Return Portfolio:
GUBRF.IS : 0.1
EKGYO.IS : 0.1
BIMAS.IS : 0.1
FROTO.IS : 0.1
KCHOL.IS : 0.1
THYAO.IS : 0.1
ASELS.IS : 0.1
TOASO.IS : 0.1
ALARK.IS : 0.1
TAVHL.IS : 0.09999999999999998
