Min Volatility Portfolio:
ALARK.IS : 0.10501872495470638
ARCLK.IS : 0.07340830997272933
ASELS.IS : 0.05818768081335363
BIMAS.IS : 0.050266139668069615
EKGYO.IS : 0.03582500733658587
GARAN.IS : 0.012797761603863263
ISCTR.IS : 0.019488137092675325
KCHOL.IS : 0.029658291684620128
KOZAA.IS : 0.05057576546699716
KOZAL.IS : 0.021130538706145698
ODAS.IS : 0.07695123769996197
PETKM.IS : 0.08014947485096355
PGSUS.IS : 0.016781759740785378
SAHOL.IS : 0.037563351865159314
SASA.IS : 0.0219194251785845
SISE.IS : 0.06319927416956159
TAVHL.IS : 0.02246056370401516
TCELL.IS : 0.07018081487116798
THYAO.IS : 0.07726781376792993
TOASO.IS : 0.020796404136205968
TUPRS.IS : 0.05637352271591832

Min Daily Loss Portfolio:
ALARK.IS : 0.1876346571783759
ARCLK.IS : 0.249999981160097
EKGYO.IS : 0.25000000260953553
HEKTS.IS : 0.032703562818350115
KOZAL.IS : 0.021979910636153878
ODAS.IS : 0.05470620624833439
SAHOL.IS : 0.014651865893141242
SASA.IS : 0.07610162412757364
SISE.IS : 0.1122221893284383

Max Sharpe Ratio Portfolio:
ALARK.IS : 0.12619100658607071
ARCLK.IS : 0.06397551754049603
EKGYO.IS : 0.020206589962841755
FROTO.IS : 0.06439253115668765
HEKTS.IS : 0.25353678412033576
KOZAL.IS : 0.050100629498802195
ODAS.IS : 0.10859169404213724
SAHOL.IS : 0.01797810617368073
SASA.IS : 0.06534364467206938
SISE.IS : 0.07482368865767694
TCELL.IS : 0.0659249457441151
THYAO.IS : 0.0655224686312385
TUPRS.IS : 0.02341239321384785

Best 5 Return Portfolio:
HEKTS.IS : 0.2
ALARK.IS : 0.2
FROTO.IS : 0.2
KRDMD.IS : 0.2
SASA.IS : 0.19999999999999996

Best 10 Return Portfolio:
HEKTS.IS : 0.1
ALARK.IS : 0.1
FROTO.IS : 0.1
KRDMD.IS : 0.1
SASA.IS : 0.1
KOZAL.IS : 0.1
TOASO.IS : 0.1
ARCLK.IS : 0.1
EKGYO.IS : 0.1
ENKAI.IS : 0.09999999999999998
