Min Volatility Portfolio:
AKBNK.IS : 0.03844193817714595
ALARK.IS : 0.050877368484488365
ASELS.IS : 0.040029969017689015
BIMAS.IS : 0.06924758294859273
ENKAI.IS : 0.08319423188768275
EREGL.IS : 0.12366622655481398
GARAN.IS : 0.03506821982379923
GUBRF.IS : 0.07325466737086075
ODAS.IS : 0.048126327040599874
PGSUS.IS : 0.022859299078677883
SAHOL.IS : 0.013074949705054687
SASA.IS : 0.10323894684145739
SISE.IS : 0.10340206651290723
TCELL.IS : 0.10544395568628717
THYAO.IS : 0.049151066146911476
TOASO.IS : 0.013534511461841155
YKBNK.IS : 0.02738867326119026

Min Daily Loss Portfolio:
ALARK.IS : 0.2499999995010163
EREGL.IS : 0.040680921687634715
GUBRF.IS : 0.16074162665826375
ODAS.IS : 0.06417315877688594
SASA.IS : 0.20250394941101366
SISE.IS : 0.24999999782653243
TCELL.IS : 0.031900346138653175

Max Sharpe Ratio Portfolio:
ALARK.IS : 0.25094073225791885
ENKAI.IS : 0.021457138147427248
EREGL.IS : 0.05926843673894019
KRDMD.IS : 0.07659709315288657
ODAS.IS : 0.08985513518698932
SASA.IS : 0.25094073225791885
SISE.IS : 0.25094073225791885

Best 5 Return Portfolio:
SASA.IS : 0.2
ALARK.IS : 0.2
KRDMD.IS : 0.2
SISE.IS : 0.2
ODAS.IS : 0.19999999999999996

Best 10 Return Portfolio:
SASA.IS : 0.1
ALARK.IS : 0.1
KRDMD.IS : 0.1
SISE.IS : 0.1
ODAS.IS : 0.1
ENKAI.IS : 0.1
HEKTS.IS : 0.1
TOASO.IS : 0.1
ARCLK.IS : 0.1
EREGL.IS : 0.09999999999999998
