Min Volatility Portfolio:
ALARK.IS : 0.055468885728550056
ARCLK.IS : 0.0806402816263009
ASELS.IS : 0.09943668597229771
BIMAS.IS : 0.12767132712437618
EKGYO.IS : 0.0134293755179336
ENKAI.IS : 0.08004595026232089
FROTO.IS : 0.05206841984725887
GUBRF.IS : 0.035059136470492434
KCHOL.IS : 0.03922725245788404
KOZAA.IS : 0.055674053850722965
KOZAL.IS : 0.09079408145510995
SAHOL.IS : 0.05018263703243719
SISE.IS : 0.026316062674791037
TAVHL.IS : 0.026169046755759248
THYAO.IS : 0.016479291804723524
TOASO.IS : 0.05592933373760254
TUPRS.IS : 0.04418241517807777
YKBNK.IS : 0.05122576250336111

Min Daily Loss Portfolio:
ASELS.IS : 0.2500000000282732
BIMAS.IS : 0.028337759826310416
EKGYO.IS : 0.13427091616901846
GARAN.IS : 0.04196512672833482
GUBRF.IS : 0.09964889090675073
HEKTS.IS : 0.07941796524475016
ISCTR.IS : 0.07422729552383951
KOZAL.IS : 0.037233412414421324
ODAS.IS : 0.055452809237415954
SAHOL.IS : 0.13919447091849751
YKBNK.IS : 0.06025135300238797

Max Sharpe Ratio Portfolio:
ARCLK.IS : 0.03889238725215083
ASELS.IS : 0.09439236324422161
BIMAS.IS : 0.09866873286422054
ENKAI.IS : 0.08584003800762577
FROTO.IS : 0.015700705508912498
HEKTS.IS : 0.06033097445457087
KCHOL.IS : 0.013002781228822478
KOZAA.IS : 0.05142533288811766
KOZAL.IS : 0.1280508022903969
ODAS.IS : 0.25262905182031903
TUPRS.IS : 0.01241963725840055
YKBNK.IS : 0.14864719318224137

Best 5 Return Portfolio:
ODAS.IS : 0.2
HEKTS.IS : 0.2
YKBNK.IS : 0.2
GUBRF.IS : 0.2
EKGYO.IS : 0.19999999999999996

Best 10 Return Portfolio:
ODAS.IS : 0.1
HEKTS.IS : 0.1
YKBNK.IS : 0.1
GUBRF.IS : 0.1
EKGYO.IS : 0.1
ISCTR.IS : 0.1
FROTO.IS : 0.1
PETKM.IS : 0.1
ENKAI.IS : 0.1
GARAN.IS : 0.09999999999999998
