Min Volatility Portfolio:
AKBNK.IS : 0.05425415923927478
ALARK.IS : 0.033107197976456365
ARCLK.IS : 0.07253437007437515
ASELS.IS : 0.05222881091770015
EKGYO.IS : 0.0705004008763915
ENKAI.IS : 0.037519270046728864
EREGL.IS : 0.01881502529585217
FROTO.IS : 0.04267422835998308
GARAN.IS : 0.05514025458724435
GUBRF.IS : 0.041191059025502214
HEKTS.IS : 0.01602281888242125
ISCTR.IS : 0.052469331055144744
KRDMD.IS : 0.04149970923343091
ODAS.IS : 0.05706226910375679
PGSUS.IS : 0.047378100488026084
SAHOL.IS : 0.032572990981066585
SASA.IS : 0.022197454990052982
SISE.IS : 0.035155400756302004
TAVHL.IS : 0.034024967440211364
TCELL.IS : 0.014105153821329092
TOASO.IS : 0.05763796653807056
TUPRS.IS : 0.08852346859931313
YKBNK.IS : 0.023385591711365766

Min Daily Loss Portfolio:
ARCLK.IS : 0.1784760300015195
EKGYO.IS : 0.24999999799704628
FROTO.IS : 0.04555761413625404
GUBRF.IS : 0.04610615454268643
PGSUS.IS : 0.08099714586537432
THYAO.IS : 0.06839279284918448
TOASO.IS : 0.05792871384509258
TUPRS.IS : 0.09893533548808958
YKBNK.IS : 0.17360621527475262

Max Sharpe Ratio Portfolio:
AKBNK.IS : 0.04923356321374749
ALARK.IS : 0.10193501468466995
ARCLK.IS : 0.05074248445852589
EKGYO.IS : 0.03221707708324863
FROTO.IS : 0.04792543754933629
GARAN.IS : 0.019200271776683236
GUBRF.IS : 0.21831933518863655
ISCTR.IS : 0.017464438934880464
PGSUS.IS : 0.0789708801066632
SAHOL.IS : 0.04682935608045395
TAVHL.IS : 0.0388844445577255
THYAO.IS : 0.08042119069244212
TOASO.IS : 0.015274347383244107
TUPRS.IS : 0.08954890159799302
YKBNK.IS : 0.11303325669174973

Best 5 Return Portfolio:
GUBRF.IS : 0.2
FROTO.IS : 0.2
YKBNK.IS : 0.2
THYAO.IS : 0.2
SAHOL.IS : 0.19999999999999996

Best 10 Return Portfolio:
GUBRF.IS : 0.1
FROTO.IS : 0.1
YKBNK.IS : 0.1
THYAO.IS : 0.1
SAHOL.IS : 0.1
ALARK.IS : 0.1
PGSUS.IS : 0.1
AKBNK.IS : 0.1
ISCTR.IS : 0.1
TUPRS.IS : 0.09999999999999998
