Min Volatility Portfolio:
ALARK.IS : 0.011431004614937927
ARCLK.IS : 0.2513513248611996
ASELS.IS : 0.09983873634467516
BIMAS.IS : 0.11319746939444865
EKGYO.IS : 0.01082661895111296
ENKAI.IS : 0.1297242764672057
FROTO.IS : 0.046080594730293786
HEKTS.IS : 0.03355648260198541
SAHOL.IS : 0.06405646493929408
SISE.IS : 0.14096983396381238
TAVHL.IS : 0.03645599061458165
THYAO.IS : 0.02099691207777846
TUPRS.IS : 0.0415142904386742

Min Daily Loss Portfolio:
ARCLK.IS : 0.2500000014004586
ENKAI.IS : 0.053387039990050504
FROTO.IS : 0.14748261936745477
HEKTS.IS : 0.09401311314063215
PETKM.IS : 0.04263181285425944
SASA.IS : 0.029585060173414123
THYAO.IS : 0.037778117964843656
TOASO.IS : 0.24999999452338237
TUPRS.IS : 0.09512224058550445

Max Sharpe Ratio Portfolio:
ARCLK.IS : 0.25123489939706106
PETKM.IS : 0.018673162944501817
TAVHL.IS : 0.22762213878909665
TOASO.IS : 0.2512348994207743
TUPRS.IS : 0.25123489944856614

Best 5 Return Portfolio:
TOASO.IS : 0.2
TUPRS.IS : 0.2
TAVHL.IS : 0.2
THYAO.IS : 0.2
PGSUS.IS : 0.19999999999999996

Best 10 Return Portfolio:
TOASO.IS : 0.1
TUPRS.IS : 0.1
TAVHL.IS : 0.1
THYAO.IS : 0.1
PGSUS.IS : 0.1
PETKM.IS : 0.1
ARCLK.IS : 0.1
HEKTS.IS : 0.1
SASA.IS : 0.1
ALARK.IS : 0.09999999999999998
