Min Volatility Portfolio:
ARCLK.IS : 0.04805588985032518
EKGYO.IS : 0.11497508394197743
ENKAI.IS : 0.1634230781321531
FROTO.IS : 0.01406743723967002
HEKTS.IS : 0.07546447502177092
KCHOL.IS : 0.07474416059541795
KOZAA.IS : 0.020202728895629248
ODAS.IS : 0.13580701593523456
PETKM.IS : 0.035358012129712346
SAHOL.IS : 0.03274836950373753
SISE.IS : 0.03979695416320523
TCELL.IS : 0.1359645547980211
TOASO.IS : 0.10939223979314544

Min Daily Loss Portfolio:
BIMAS.IS : 0.2271548973003356
ENKAI.IS : 0.2500000000622714
HEKTS.IS : 0.025864850152154194
KCHOL.IS : 0.195201272914097
TCELL.IS : 0.1406621087771513
TOASO.IS : 0.16111687079399042

Max Sharpe Ratio Portfolio:
ENKAI.IS : 0.14259889574265816
HEKTS.IS : 0.04944852891222304
KCHOL.IS : 0.1483975412616411
KOZAA.IS : 0.15159119830271714
ODAS.IS : 0.05735982107389871
SAHOL.IS : 0.015079801468694719
SISE.IS : 0.16765040379541435
TCELL.IS : 0.015252517876835842
TOASO.IS : 0.2526212915659168

Best 5 Return Portfolio:
TOASO.IS : 0.2
SISE.IS : 0.2
KCHOL.IS : 0.2
BIMAS.IS : 0.2
KOZAA.IS : 0.19999999999999996

Best 10 Return Portfolio:
TOASO.IS : 0.1
SISE.IS : 0.1
KCHOL.IS : 0.1
BIMAS.IS : 0.1
KOZAA.IS : 0.1
GARAN.IS : 0.1
SAHOL.IS : 0.1
PETKM.IS : 0.1
YKBNK.IS : 0.1
ENKAI.IS : 0.09999999999999998
