Min Volatility Portfolio:
ALARK.IS : 0.03884279179909183
ASELS.IS : 0.06586811091179894
BIMAS.IS : 0.17979685031299122
EKGYO.IS : 0.04054812533881228
ENKAI.IS : 0.03019540052491773
EREGL.IS : 0.022493001200860722
GUBRF.IS : 0.045589331855350836
ISCTR.IS : 0.021846471705667884
KOZAA.IS : 0.045314540444442025
ODAS.IS : 0.08165543681715695
PETKM.IS : 0.0674584960908837
SAHOL.IS : 0.08951117004945003
SISE.IS : 0.019793164031601813
TCELL.IS : 0.1532353857088055
THYAO.IS : 0.03654985369132684
TUPRS.IS : 0.0613018695168418

Min Daily Loss Portfolio:
BIMAS.IS : 0.25000000309434434
EREGL.IS : 0.12647384719943527
GUBRF.IS : 0.11266339621468421
ODAS.IS : 0.2500000031238194
TCELL.IS : 0.250000003119415
TUPRS.IS : 0.010862747248301677

Max Sharpe Ratio Portfolio:
ALARK.IS : 0.043954918491621406
BIMAS.IS : 0.10353466888625307
ENKAI.IS : 0.03514565517958512
FROTO.IS : 0.014490328150534092
GUBRF.IS : 0.040258231769627235
HEKTS.IS : 0.25308902766262675
ODAS.IS : 0.21341559527854
SASA.IS : 0.08229555062095391
SISE.IS : 0.026653041404773387
TCELL.IS : 0.18716298255548497

Best 5 Return Portfolio:
HEKTS.IS : 0.2
KOZAL.IS : 0.2
SASA.IS : 0.2
FROTO.IS : 0.2
KRDMD.IS : 0.19999999999999996

Best 10 Return Portfolio:
HEKTS.IS : 0.1
KOZAL.IS : 0.1
SASA.IS : 0.1
FROTO.IS : 0.1
KRDMD.IS : 0.1
ALARK.IS : 0.1
EKGYO.IS : 0.1
TOASO.IS : 0.1
ARCLK.IS : 0.1
ODAS.IS : 0.09999999999999998
