Min Volatility Portfolio:
AKBNK.IS : 0.02599174225625715
ARCLK.IS : 0.11095833127530833
BIMAS.IS : 0.10165597547176612
ENKAI.IS : 0.16561085146064303
EREGL.IS : 0.09926217915966302
GARAN.IS : 0.08517174484219472
ISCTR.IS : 0.03557978647722364
KOZAL.IS : 0.06570714102859938
SAHOL.IS : 0.08625241780543677
SISE.IS : 0.11216316298976776
TCELL.IS : 0.11164666723314001

Min Daily Loss Portfolio:
ALARK.IS : 0.015976561385829695
ARCLK.IS : 0.1854449423736869
ENKAI.IS : 0.25000000204460887
EREGL.IS : 0.24999999721673652
ISCTR.IS : 0.04056775472143517
KRDMD.IS : 0.04979687965965437
SAHOL.IS : 0.17028926232570082
SASA.IS : 0.037924600272347564

Max Sharpe Ratio Portfolio:
ALARK.IS : 0.2268190236059241
ARCLK.IS : 0.25000000000062944
ENKAI.IS : 0.24999999999790612
KRDMD.IS : 0.20018924274227962
YKBNK.IS : 0.07299173365326068

Best 5 Return Portfolio:
ARCLK.IS : 0.2
ALARK.IS : 0.2
KCHOL.IS : 0.2
KRDMD.IS : 0.2
YKBNK.IS : 0.19999999999999996

Best 10 Return Portfolio:
ARCLK.IS : 0.1
ALARK.IS : 0.1
KCHOL.IS : 0.1
KRDMD.IS : 0.1
YKBNK.IS : 0.1
TOASO.IS : 0.1
ENKAI.IS : 0.1
GARAN.IS : 0.1
EREGL.IS : 0.1
ISCTR.IS : 0.09999999999999998
