Min Volatility Portfolio:
AKBNK.IS : 0.05033793315273479
ALARK.IS : 0.06133063485722805
ASELS.IS : 0.047112954804432935
BIMAS.IS : 0.05507615933445978
ENKAI.IS : 0.10147515986981591
FROTO.IS : 0.052776831894847574
GARAN.IS : 0.06986303519225726
HEKTS.IS : 0.04019075043683198
ISCTR.IS : 0.03723696694880061
KCHOL.IS : 0.04958876854292035
KOZAA.IS : 0.06121779562771656
KOZAL.IS : 0.05029720576836436
PGSUS.IS : 0.01860912711979352
SAHOL.IS : 0.03715279274709293
SISE.IS : 0.0323241011153715
TAVHL.IS : 0.03141856474363593
TCELL.IS : 0.050130279554865334
THYAO.IS : 0.013050947663675438
TOASO.IS : 0.027289454240633126
TUPRS.IS : 0.060057890978514154
YKBNK.IS : 0.05346264540600787

Min Daily Loss Portfolio:
ARCLK.IS : 0.24999997626001835
ENKAI.IS : 0.25000000831266184
SASA.IS : 0.25000000788215215
TOASO.IS : 0.2500000075451677

Max Sharpe Ratio Portfolio:
BIMAS.IS : 0.20555383412102832
ENKAI.IS : 0.25069177629881895
EREGL.IS : 0.25069177629861683
PETKM.IS : 0.13979405698243458
SASA.IS : 0.15326855629910133

Best 5 Return Portfolio:
ENKAI.IS : 0.2
EREGL.IS : 0.2
SASA.IS : 0.2
FROTO.IS : 0.2
PETKM.IS : 0.19999999999999996

Best 10 Return Portfolio:
ENKAI.IS : 0.1
EREGL.IS : 0.1
SASA.IS : 0.1
FROTO.IS : 0.1
PETKM.IS : 0.1
ARCLK.IS : 0.1
BIMAS.IS : 0.1
HEKTS.IS : 0.1
KRDMD.IS : 0.1
SISE.IS : 0.09999999999999998
