Min Volatility Portfolio:
AKBNK.IS : 0.028844740146827457
ARCLK.IS : 0.13694733118222358
ASELS.IS : 0.015352737688226249
BIMAS.IS : 0.043405259958499774
EKGYO.IS : 0.11630525629196567
ENKAI.IS : 0.016014935915408837
GARAN.IS : 0.060614391542947135
GUBRF.IS : 0.019865577228262692
HEKTS.IS : 0.04898092882270385
ISCTR.IS : 0.09168074702462593
KOZAA.IS : 0.041443030555943554
ODAS.IS : 0.06783591481336856
PGSUS.IS : 0.046658642422880134
SASA.IS : 0.0636454549007138
TAVHL.IS : 0.06577791658260498
TCELL.IS : 0.07979735313902336
THYAO.IS : 0.02846098132395474
TOASO.IS : 0.012391470186432886
TUPRS.IS : 0.015977330273386745

Min Daily Loss Portfolio:
EREGL.IS : 0.059684922702231344
GARAN.IS : 0.01783643079237893
ISCTR.IS : 0.17836922115121454
KOZAA.IS : 0.17078155094938063
SASA.IS : 0.2500000000132502
TOASO.IS : 0.19443002871130097
TUPRS.IS : 0.12889784568024346

Max Sharpe Ratio Portfolio:
ARCLK.IS : 0.06413896766291113
ASELS.IS : 0.07196393147788922
GARAN.IS : 0.0380425106435122
GUBRF.IS : 0.25153218974051067
ISCTR.IS : 0.025243794548910115
KOZAA.IS : 0.02981344308013941
ODAS.IS : 0.026679528463952606
PGSUS.IS : 0.1081023690140011
TOASO.IS : 0.1329510757113825
TUPRS.IS : 0.25153218965679114

Best 5 Return Portfolio:
GUBRF.IS : 0.2
TUPRS.IS : 0.2
KRDMD.IS : 0.2
TOASO.IS : 0.2
FROTO.IS : 0.19999999999999996

Best 10 Return Portfolio:
GUBRF.IS : 0.1
TUPRS.IS : 0.1
KRDMD.IS : 0.1
TOASO.IS : 0.1
FROTO.IS : 0.1
KOZAA.IS : 0.1
EREGL.IS : 0.1
SAHOL.IS : 0.1
ASELS.IS : 0.1
KOZAL.IS : 0.09999999999999998
