Min Volatility Portfolio:
ALARK.IS : 0.05136794120482955
ASELS.IS : 0.015222595673158654
BIMAS.IS : 0.13210190741909383
EKGYO.IS : 0.011883425788673449
FROTO.IS : 0.061380997627514866
GARAN.IS : 0.033997053395194717
GUBRF.IS : 0.10397013055771721
HEKTS.IS : 0.08945493015322871
KOZAA.IS : 0.09506038111466551
KOZAL.IS : 0.04338348151881082
KRDMD.IS : 0.012380774798127558
ODAS.IS : 0.06797749491379146
PETKM.IS : 0.0871091148066052
SISE.IS : 0.05522201540059405
TCELL.IS : 0.04193933220981766
TOASO.IS : 0.041097598844602394
TUPRS.IS : 0.05645082457357448

Min Daily Loss Portfolio:
BIMAS.IS : 0.0747911751152932
ENKAI.IS : 0.0798372893452633
GUBRF.IS : 0.24999999901553005
HEKTS.IS : 0.11317698095704273
KOZAA.IS : 0.206007183618986
KOZAL.IS : 0.09651300088226042
PETKM.IS : 0.07734749638017357
SISE.IS : 0.05149883297508776
TOASO.IS : 0.05082804171036303

Max Sharpe Ratio Portfolio:
AKBNK.IS : 0.02555216927754513
BIMAS.IS : 0.03349367814151191
ENKAI.IS : 0.051583861775078
GUBRF.IS : 0.011087473954894917
HEKTS.IS : 0.14759714331033189
KOZAA.IS : 0.06293638481904039
ODAS.IS : 0.042735884658325334
PETKM.IS : 0.02095283426293658
SASA.IS : 0.1575556678929154
SISE.IS : 0.2500994869060044
TOASO.IS : 0.19640541500141606

Best 5 Return Portfolio:
TOASO.IS : 0.2
SASA.IS : 0.2
SISE.IS : 0.2
HEKTS.IS : 0.2
ENKAI.IS : 0.19999999999999996

Best 10 Return Portfolio:
TOASO.IS : 0.1
SASA.IS : 0.1
SISE.IS : 0.1
HEKTS.IS : 0.1
ENKAI.IS : 0.1
ASELS.IS : 0.1
ARCLK.IS : 0.1
KRDMD.IS : 0.1
KOZAA.IS : 0.1
FROTO.IS : 0.09999999999999998
