Min Volatility Portfolio:
AKBNK.IS : 0.05007430143068566
ALARK.IS : 0.010591640484350752
ARCLK.IS : 0.0771937389977257
ASELS.IS : 0.013738654676161744
BIMAS.IS : 0.07321431140798254
ENKAI.IS : 0.03583717392859037
EREGL.IS : 0.017961036701511425
FROTO.IS : 0.05603864296726244
GUBRF.IS : 0.012733988590181582
HEKTS.IS : 0.03634029973239084
ISCTR.IS : 0.0495351394087633
KCHOL.IS : 0.03058578617998204
KOZAA.IS : 0.028608276159928468
KRDMD.IS : 0.02861341958048523
ODAS.IS : 0.04966300042000046
PGSUS.IS : 0.05449535731189215
SAHOL.IS : 0.051150780912511414
SISE.IS : 0.052164339245852086
TCELL.IS : 0.06249716617382674
THYAO.IS : 0.0367357294370094
TOASO.IS : 0.0626442246816549
TUPRS.IS : 0.044018973320738015
YKBNK.IS : 0.06556401825051252

Min Daily Loss Portfolio:
ARCLK.IS : 0.24999997617819567
BIMAS.IS : 0.25000000778350717
TCELL.IS : 0.25000000793425664
YKBNK.IS : 0.2500000081040404

Max Sharpe Ratio Portfolio:
AKBNK.IS : 0.052402481528163146
EKGYO.IS : 0.15697496980845316
SAHOL.IS : 0.2519473284227503
TAVHL.IS : 0.25194732842317347
TCELL.IS : 0.04866293612256612
THYAO.IS : 0.07566369444165301
TOASO.IS : 0.10516660588952205
YKBNK.IS : 0.05723465536371878

Best 5 Return Portfolio:
EKGYO.IS : 0.2
TAVHL.IS : 0.2
SAHOL.IS : 0.2
THYAO.IS : 0.2
AKBNK.IS : 0.19999999999999996

Best 10 Return Portfolio:
EKGYO.IS : 0.1
TAVHL.IS : 0.1
SAHOL.IS : 0.1
THYAO.IS : 0.1
AKBNK.IS : 0.1
TCELL.IS : 0.1
GARAN.IS : 0.1
SISE.IS : 0.1
YKBNK.IS : 0.1
ASELS.IS : 0.09999999999999998
