Min Volatility Portfolio:
ARCLK.IS : 0.057323567792325586
ASELS.IS : 0.11108063469396125
BIMAS.IS : 0.09358610780155924
ENKAI.IS : 0.021552363164535775
EREGL.IS : 0.06702985701507977
GUBRF.IS : 0.04693760160490584
ISCTR.IS : 0.04614470741437581
KCHOL.IS : 0.011075938475060465
KOZAL.IS : 0.02961541249754637
ODAS.IS : 0.07107966559410007
PETKM.IS : 0.05247035108396826
PGSUS.IS : 0.08556835875857297
SAHOL.IS : 0.07255017388259113
SASA.IS : 0.058085289742804073
SISE.IS : 0.020377703267752754
TAVHL.IS : 0.04105904995509227
TCELL.IS : 0.04031523728431648
THYAO.IS : 0.047866863012074636
TUPRS.IS : 0.026281116959377206

Min Daily Loss Portfolio:
ALARK.IS : 0.041786141687422444
ASELS.IS : 0.07564678995366114
HEKTS.IS : 0.05593227663334144
KOZAL.IS : 0.05889713838015614
ODAS.IS : 0.0817725123110061
PETKM.IS : 0.07889418811449167
PGSUS.IS : 0.03551872624669751
SASA.IS : 0.07642502643376432
TAVHL.IS : 0.24410860203711662
THYAO.IS : 0.2510185982023427

Max Sharpe Ratio Portfolio:
ARCLK.IS : 0.016590737123098588
ASELS.IS : 0.02056594317423067
FROTO.IS : 0.041911176499750694
GUBRF.IS : 0.06599806273189994
PETKM.IS : 0.20878069315343106
PGSUS.IS : 0.09729796219898365
SAHOL.IS : 0.028722234332192766
SASA.IS : 0.2517535743694553
TAVHL.IS : 0.0888786306369309
THYAO.IS : 0.17950098578002643

Best 5 Return Portfolio:
SASA.IS : 0.2
PETKM.IS : 0.2
THYAO.IS : 0.2
PGSUS.IS : 0.2
ALARK.IS : 0.19999999999999996

Best 10 Return Portfolio:
SASA.IS : 0.1
PETKM.IS : 0.1
THYAO.IS : 0.1
PGSUS.IS : 0.1
ALARK.IS : 0.1
TAVHL.IS : 0.1
GUBRF.IS : 0.1
FROTO.IS : 0.1
HEKTS.IS : 0.1
EREGL.IS : 0.09999999999999998
