Min Volatility Portfolio:
ASELS.IS : 0.03615346723310673
BIMAS.IS : 0.16907526534514297
ENKAI.IS : 0.07074331679093039
EREGL.IS : 0.07971068315213845
GUBRF.IS : 0.08290144939825454
ISCTR.IS : 0.06054066502620962
KCHOL.IS : 0.03490023104179309
KOZAA.IS : 0.019555470539878113
KRDMD.IS : 0.010837636573766848
ODAS.IS : 0.10093319550342936
PETKM.IS : 0.027960357706784376
SAHOL.IS : 0.06158169699103827
SISE.IS : 0.061200727922951954
TCELL.IS : 0.09809953211550411
THYAO.IS : 0.017469629019209426
TOASO.IS : 0.06833667563986176

Min Daily Loss Portfolio:
BIMAS.IS : 0.25000000084513946
EREGL.IS : 0.1382344240846866
GUBRF.IS : 0.1117655735352118
ODAS.IS : 0.2500000008362168
TCELL.IS : 0.25000000069874534

Max Sharpe Ratio Portfolio:
ARCLK.IS : 0.01968731456806023
BIMAS.IS : 0.10381758507798075
ENKAI.IS : 0.05738424403076827
EREGL.IS : 0.04199979245367745
FROTO.IS : 0.040478713522088594
GUBRF.IS : 0.030042171278773396
ISCTR.IS : 0.0539804850598906
KCHOL.IS : 0.013689077607775412
ODAS.IS : 0.10221048660290924
SAHOL.IS : 0.09821856331242881
SASA.IS : 0.25196464414277453
SISE.IS : 0.061466443926830455
TCELL.IS : 0.09468859866316359
TOASO.IS : 0.030371879752878514

Best 5 Return Portfolio:
SASA.IS : 0.2
FROTO.IS : 0.2
KOZAL.IS : 0.2
KOZAA.IS : 0.2
GUBRF.IS : 0.19999999999999996

Best 10 Return Portfolio:
SASA.IS : 0.1
FROTO.IS : 0.1
KOZAL.IS : 0.1
KOZAA.IS : 0.1
GUBRF.IS : 0.1
HEKTS.IS : 0.1
ALARK.IS : 0.1
ODAS.IS : 0.1
KCHOL.IS : 0.1
TOASO.IS : 0.09999999999999998
