Min Volatility Portfolio:
ARCLK.IS : 0.012737325117515238
ASELS.IS : 0.06929846115714745
BIMAS.IS : 0.21238132086779715
EKGYO.IS : 0.014588225218001846
ENKAI.IS : 0.08390210421067382
EREGL.IS : 0.07526642432823726
GUBRF.IS : 0.0398450164636006
ISCTR.IS : 0.06952243647644211
ODAS.IS : 0.07882595782470898
PETKM.IS : 0.0337581089453418
SAHOL.IS : 0.05318516517581047
SISE.IS : 0.035541231576582226
TCELL.IS : 0.13164943906256105
TOASO.IS : 0.07033603623839792
TUPRS.IS : 0.019162747337182054

Min Daily Loss Portfolio:
BIMAS.IS : 0.2500000001074081
EREGL.IS : 0.13823442584051956
GUBRF.IS : 0.11176557381951578
ODAS.IS : 0.25000000011687085
TCELL.IS : 0.25000000011568574

Max Sharpe Ratio Portfolio:
ARCLK.IS : 0.02154661810607615
ASELS.IS : 0.03824977152658878
BIMAS.IS : 0.21488039345657775
ENKAI.IS : 0.05911739868672499
EREGL.IS : 0.03350165511391973
ODAS.IS : 0.1176011252798588
PETKM.IS : 0.026906097365844133
SAHOL.IS : 0.015583495179697553
SASA.IS : 0.24999999600934808
SISE.IS : 0.03245980810264602
TCELL.IS : 0.11787822099715785
TOASO.IS : 0.07227542017556009

Best 5 Return Portfolio:
SASA.IS : 0.2
KOZAL.IS : 0.2
KOZAA.IS : 0.2
ALARK.IS : 0.2
GUBRF.IS : 0.19999999999999996

Best 10 Return Portfolio:
SASA.IS : 0.1
KOZAL.IS : 0.1
KOZAA.IS : 0.1
ALARK.IS : 0.1
GUBRF.IS : 0.1
ODAS.IS : 0.1
FROTO.IS : 0.1
KRDMD.IS : 0.1
KCHOL.IS : 0.1
EKGYO.IS : 0.09999999999999998
