Min Volatility Portfolio:
AKBNK.IS : 0.03813718525705763
ARCLK.IS : 0.08347607622012412
BIMAS.IS : 0.14804843150489475
ENKAI.IS : 0.1747421748178101
GARAN.IS : 0.029018475088701482
KOZAL.IS : 0.05363827964263485
KRDMD.IS : 0.01963788428114034
PETKM.IS : 0.0514948137960897
SAHOL.IS : 0.0658647060834993
SISE.IS : 0.10589926365577775
TCELL.IS : 0.14646223212263051
THYAO.IS : 0.024678651930664985
TUPRS.IS : 0.05890182559897441

Min Daily Loss Portfolio:
AKBNK.IS : 0.05036526586789643
ARCLK.IS : 0.16839854325105477
BIMAS.IS : 0.018951345163021934
ENKAI.IS : 0.1862766672019713
GARAN.IS : 0.04173960315048187
SAHOL.IS : 0.250327872477257
TCELL.IS : 0.250327874129584
THYAO.IS : 0.033612828758732616

Max Sharpe Ratio Portfolio:
AKBNK.IS : 0.07394185110778277
ARCLK.IS : 0.25000000000018224
BIMAS.IS : 0.1561164235202531
ENKAI.IS : 0.2067292335841665
GARAN.IS : 0.24999999999996722
KCHOL.IS : 0.037904750783992046
TOASO.IS : 0.02530774100365616

Best 5 Return Portfolio:
GARAN.IS : 0.2
ARCLK.IS : 0.2
KCHOL.IS : 0.2
TOASO.IS : 0.2
AKBNK.IS : 0.19999999999999996

Best 10 Return Portfolio:
GARAN.IS : 0.1
ARCLK.IS : 0.1
KCHOL.IS : 0.1
TOASO.IS : 0.1
AKBNK.IS : 0.1
SAHOL.IS : 0.1
ISCTR.IS : 0.1
YKBNK.IS : 0.1
BIMAS.IS : 0.1
THYAO.IS : 0.09999999999999998
