Min Volatility Portfolio:
AKBNK.IS : 0.023502423027111224
ALARK.IS : 0.04003124684100208
ARCLK.IS : 0.03009287190848684
BIMAS.IS : 0.08910801601302103
EKGYO.IS : 0.06153161380445957
ENKAI.IS : 0.015859340693811144
FROTO.IS : 0.04694823478690342
GARAN.IS : 0.09565037678014697
GUBRF.IS : 0.1358692061285935
HEKTS.IS : 0.06645544106008291
KOZAA.IS : 0.09947908768673092
KOZAL.IS : 0.04852569630013842
KRDMD.IS : 0.02559835355095531
ODAS.IS : 0.0534132342643626
PETKM.IS : 0.05747330511480746
SISE.IS : 0.05356215635917009
TOASO.IS : 0.05689939568021658

Min Daily Loss Portfolio:
ARCLK.IS : 0.10480390748883511
GUBRF.IS : 0.16896089968916408
HEKTS.IS : 0.24046042385181843
KOZAA.IS : 0.219801664126398
PETKM.IS : 0.016192302032397455
SISE.IS : 0.2497808028113869

Max Sharpe Ratio Portfolio:
ARCLK.IS : 0.021412135357151273
BIMAS.IS : 0.026725294347513126
GARAN.IS : 0.03396156669631772
GUBRF.IS : 0.11101003224691083
HEKTS.IS : 0.25584302219047667
KOZAA.IS : 0.0833033231076723
KRDMD.IS : 0.037050198248654014
ODAS.IS : 0.08076042127438256
PETKM.IS : 0.0385113140828669
SISE.IS : 0.2558430225855544
TOASO.IS : 0.05557966986250022

Best 5 Return Portfolio:
HEKTS.IS : 0.2
SISE.IS : 0.2
KRDMD.IS : 0.2
ASELS.IS : 0.2
SASA.IS : 0.19999999999999996

Best 10 Return Portfolio:
HEKTS.IS : 0.1
SISE.IS : 0.1
KRDMD.IS : 0.1
ASELS.IS : 0.1
SASA.IS : 0.1
TOASO.IS : 0.1
EREGL.IS : 0.1
ARCLK.IS : 0.1
TAVHL.IS : 0.1
ENKAI.IS : 0.09999999999999998
