Min Volatility Portfolio:
ARCLK.IS : 0.05148699758919369
ASELS.IS : 0.11734073793975036
BIMAS.IS : 0.08738420924799607
EREGL.IS : 0.037657860369537915
GUBRF.IS : 0.039444398529546974
ISCTR.IS : 0.04371628811713119
KOZAA.IS : 0.06281812521384382
KOZAL.IS : 0.025512965477695854
ODAS.IS : 0.07360879696491303
PETKM.IS : 0.06733851204946585
PGSUS.IS : 0.08950551516024469
SAHOL.IS : 0.057803064104386015
SASA.IS : 0.040497170320756504
TAVHL.IS : 0.03402257349114113
TCELL.IS : 0.05833092009578021
THYAO.IS : 0.05132227194979664
TUPRS.IS : 0.06220959337881993

Min Daily Loss Portfolio:
BIMAS.IS : 0.17114744144912783
EREGL.IS : 0.062020692134237304
FROTO.IS : 0.06721350159158102
HEKTS.IS : 0.014806734990056277
PETKM.IS : 0.09095705838348296
SASA.IS : 0.09924860529282702
TAVHL.IS : 0.12450232410502401
THYAO.IS : 0.2502697655699464
TUPRS.IS : 0.11983387648371721

Max Sharpe Ratio Portfolio:
ASELS.IS : 0.03353491655302159
BIMAS.IS : 0.012296926674316427
EREGL.IS : 0.05117953770482002
FROTO.IS : 0.11276666547799499
GUBRF.IS : 0.026356069572382457
PETKM.IS : 0.25126465122413416
PGSUS.IS : 0.08563603521739191
SASA.IS : 0.1407599398202152
TAVHL.IS : 0.0585771376314476
THYAO.IS : 0.22762812012427563

Best 5 Return Portfolio:
SASA.IS : 0.2
PETKM.IS : 0.2
THYAO.IS : 0.2
PGSUS.IS : 0.2
FROTO.IS : 0.19999999999999996

Best 10 Return Portfolio:
SASA.IS : 0.1
PETKM.IS : 0.1
THYAO.IS : 0.1
PGSUS.IS : 0.1
FROTO.IS : 0.1
HEKTS.IS : 0.1
TAVHL.IS : 0.1
GUBRF.IS : 0.1
EREGL.IS : 0.1
KRDMD.IS : 0.09999999999999998
