Min Volatility Portfolio:
AKBNK.IS : 0.03546660605242919
ALARK.IS : 0.041735062690109195
ARCLK.IS : 0.04314061813443729
ASELS.IS : 0.029219745105720594
BIMAS.IS : 0.041083015041671195
EKGYO.IS : 0.030202678990660793
ENKAI.IS : 0.058079839127926886
EREGL.IS : 0.04915817378808979
FROTO.IS : 0.053133700058610386
GARAN.IS : 0.025405026612055594
GUBRF.IS : 0.016296041792503095
HEKTS.IS : 0.012144752120240496
ISCTR.IS : 0.04113128132071559
KCHOL.IS : 0.023763069892410994
KOZAA.IS : 0.030424221864289294
KOZAL.IS : 0.018589113562688997
KRDMD.IS : 0.028719970854305894
ODAS.IS : 0.040921531223997595
PETKM.IS : 0.05442882631381039
PGSUS.IS : 0.020710800790409895
SAHOL.IS : 0.03513867210432229
SASA.IS : 0.025222297571948393
SISE.IS : 0.03879362096453949
TAVHL.IS : 0.012655430505378496
TCELL.IS : 0.048493212466324785
THYAO.IS : 0.022183652161102695
TOASO.IS : 0.038156252680910996
TUPRS.IS : 0.03917531608350179
YKBNK.IS : 0.04642747012488789

Min Daily Loss Portfolio:
ALARK.IS : 0.19868847027542813
FROTO.IS : 0.03556042796347692
HEKTS.IS : 0.15302756886840702
KOZAA.IS : 0.13900250092945116
SISE.IS : 0.01186104770509968
TAVHL.IS : 0.2500000011118173
THYAO.IS : 0.055814837787675105
TUPRS.IS : 0.15604514535864458

Max Sharpe Ratio Portfolio:
AKBNK.IS : 0.022949145847158573
ALARK.IS : 0.06946013462457422
ARCLK.IS : 0.06136610336543777
BIMAS.IS : 0.07201893230031887
EKGYO.IS : 0.0474543138446833
ENKAI.IS : 0.015811292198235613
EREGL.IS : 0.02889519864829425
FROTO.IS : 0.05255158990085587
GARAN.IS : 0.031022121103905283
GUBRF.IS : 0.043014410508516863
HEKTS.IS : 0.2533817827447042
ISCTR.IS : 0.035988658124557614
KCHOL.IS : 0.02511751585642692
KOZAA.IS : 0.01302591879044711
SAHOL.IS : 0.020429835723716875
SASA.IS : 0.02783361322255794
TCELL.IS : 0.07680580760993255
TOASO.IS : 0.024022510105433666
TUPRS.IS : 0.04334767873985019
YKBNK.IS : 0.03550343674039239

Best 5 Return Portfolio:
HEKTS.IS : 0.2
TAVHL.IS : 0.2
KOZAA.IS : 0.2
PGSUS.IS : 0.2
ENKAI.IS : 0.19999999999999996

Best 10 Return Portfolio:
HEKTS.IS : 0.1
TAVHL.IS : 0.1
KOZAA.IS : 0.1
PGSUS.IS : 0.1
ENKAI.IS : 0.1
THYAO.IS : 0.1
TUPRS.IS : 0.1
KOZAL.IS : 0.1
KRDMD.IS : 0.1
GARAN.IS : 0.09999999999999998
