Min Volatility Portfolio:
AKBNK.IS : 0.03684012306207379
ALARK.IS : 0.03653779252647299
ARCLK.IS : 0.09376241623119087
BIMAS.IS : 0.06531483597748058
ENKAI.IS : 0.03070527123804929
EREGL.IS : 0.010941805873688698
FROTO.IS : 0.07365312081739839
HEKTS.IS : 0.036670623734861796
ISCTR.IS : 0.047149717201403284
KCHOL.IS : 0.03144525616119139
KOZAA.IS : 0.026369570950328394
KRDMD.IS : 0.026215073963341693
ODAS.IS : 0.045688747143951394
PETKM.IS : 0.023115572102822696
PGSUS.IS : 0.046537836362507995
SAHOL.IS : 0.04600808672104259
SISE.IS : 0.04760674812825929
TCELL.IS : 0.05927632700067219
THYAO.IS : 0.037962277381548296
TOASO.IS : 0.07727521955508539
TUPRS.IS : 0.03326970136035029
YKBNK.IS : 0.06765387650627869

Min Daily Loss Portfolio:
ARCLK.IS : 0.2499999983323345
BIMAS.IS : 0.2500000008324166
TCELL.IS : 0.2500000000547739
YKBNK.IS : 0.2500000007804751

Max Sharpe Ratio Portfolio:
ENKAI.IS : 0.25000000000002354
KOZAA.IS : 0.0720032207352779
SAHOL.IS : 0.22649237633889407
SISE.IS : 0.1768396041863057
TCELL.IS : 0.1274259055502444
THYAO.IS : 0.054292182903963516
TOASO.IS : 0.01559078072023783
TUPRS.IS : 0.060877574561665204
YKBNK.IS : 0.016478355003387887

Best 5 Return Portfolio:
ENKAI.IS : 0.2
TAVHL.IS : 0.2
SISE.IS : 0.2
THYAO.IS : 0.2
KOZAA.IS : 0.19999999999999996

Best 10 Return Portfolio:
ENKAI.IS : 0.1
TAVHL.IS : 0.1
SISE.IS : 0.1
THYAO.IS : 0.1
KOZAA.IS : 0.1
SAHOL.IS : 0.1
EKGYO.IS : 0.1
TCELL.IS : 0.1
GARAN.IS : 0.1
TUPRS.IS : 0.09999999999999998
