Min Volatility Portfolio:
AKBNK.IS : 0.03622955574079064
ALARK.IS : 0.03715506434928592
ARCLK.IS : 0.04764432960245921
ASELS.IS : 0.03791212950778209
BIMAS.IS : 0.05125733759568646
EKGYO.IS : 0.06823538941050937
ENKAI.IS : 0.05348187127805501
GARAN.IS : 0.048153604576704215
HEKTS.IS : 0.049968687806510356
ISCTR.IS : 0.025351937160534663
KCHOL.IS : 0.032739399088232486
KOZAL.IS : 0.02568754892078406
KRDMD.IS : 0.03756992217970327
PETKM.IS : 0.06696678631492427
PGSUS.IS : 0.029412150518428198
SAHOL.IS : 0.05582206011353174
SASA.IS : 0.022146268027786263
SISE.IS : 0.04369859589827181
TAVHL.IS : 0.011328699004220804
TCELL.IS : 0.06219018746511474
THYAO.IS : 0.030460128427809926
TOASO.IS : 0.05912542833388411
TUPRS.IS : 0.031169270882691117
YKBNK.IS : 0.036293647796299296

Min Daily Loss Portfolio:
ASELS.IS : 0.20017225410829212
ENKAI.IS : 0.09567678615817807
HEKTS.IS : 0.2500000016231561
ODAS.IS : 0.022181607187288576
PETKM.IS : 0.0945318860517114
SAHOL.IS : 0.25000000090570573
SASA.IS : 0.03667954462260721
TOASO.IS : 0.05075791934306079

Max Sharpe Ratio Portfolio:
AKBNK.IS : 0.011312324735684401
ALARK.IS : 0.016383600859754707
ARCLK.IS : 0.015526816756797636
ASELS.IS : 0.03889751421148303
BIMAS.IS : 0.03254909967255497
EKGYO.IS : 0.0428547087288009
ENKAI.IS : 0.030887792250161212
EREGL.IS : 0.022539845447485687
GARAN.IS : 0.014797764364914732
HEKTS.IS : 0.09631320136370372
KCHOL.IS : 0.026693710460914483
KOZAL.IS : 0.013913118689281719
KRDMD.IS : 0.05641067019690494
PETKM.IS : 0.07689779253590945
PGSUS.IS : 0.032468680184668954
SAHOL.IS : 0.057503493226506504
SASA.IS : 0.03794439746352854
SISE.IS : 0.025077337168078556
TCELL.IS : 0.03713094461125311
TOASO.IS : 0.2549600423979332
TUPRS.IS : 0.027881802104124883
YKBNK.IS : 0.031055342569554677

Best 5 Return Portfolio:
TOASO.IS : 0.2
EREGL.IS : 0.2
KRDMD.IS : 0.2
HEKTS.IS : 0.2
ALARK.IS : 0.19999999999999996

Best 10 Return Portfolio:
TOASO.IS : 0.1
EREGL.IS : 0.1
KRDMD.IS : 0.1
HEKTS.IS : 0.1
ALARK.IS : 0.1
PETKM.IS : 0.1
GARAN.IS : 0.1
YKBNK.IS : 0.1
SAHOL.IS : 0.1
ASELS.IS : 0.09999999999999998
