Min Volatility Portfolio:
AKBNK.IS : 0.06780026563379352
ALARK.IS : 0.03325306896042959
ARCLK.IS : 0.038235508194434296
ASELS.IS : 0.03185053130397275
BIMAS.IS : 0.07250582845619034
EKGYO.IS : 0.03997108960414336
ENKAI.IS : 0.04997118279298434
EREGL.IS : 0.04542461127235849
FROTO.IS : 0.04131277929892676
GARAN.IS : 0.03448116837685368
HEKTS.IS : 0.01836164597101343
ISCTR.IS : 0.06553787724111333
KOZAL.IS : 0.01087185796819433
KRDMD.IS : 0.024612104931773574
PETKM.IS : 0.05997015495981846
SAHOL.IS : 0.04769171848269933
SASA.IS : 0.051871683257149685
SISE.IS : 0.056100173309328386
TCELL.IS : 0.06328798816944595
TOASO.IS : 0.03128355161187125
TUPRS.IS : 0.054006514689692635
YKBNK.IS : 0.0615986955138124

Min Daily Loss Portfolio:
AKBNK.IS : 0.05655465197802018
ALARK.IS : 0.031580777033602576
HEKTS.IS : 0.03576249772958744
PETKM.IS : 0.08307377517203979
SAHOL.IS : 0.014480523681157945
SASA.IS : 0.2500000004453246
SISE.IS : 0.2500000002580893
TCELL.IS : 0.2500000004252924
TUPRS.IS : 0.028547773276885752

Max Sharpe Ratio Portfolio:
AKBNK.IS : 0.0481608376356497
ALARK.IS : 0.030734258158921855
ARCLK.IS : 0.05659896394281641
BIMAS.IS : 0.10079340120048
EKGYO.IS : 0.042077225492857785
EREGL.IS : 0.03659533983982847
FROTO.IS : 0.04504595367810132
GARAN.IS : 0.03845085412250095
HEKTS.IS : 0.2525808607984066
ISCTR.IS : 0.05256312257886145
SAHOL.IS : 0.02773948658031412
SASA.IS : 0.08770891328820982
TCELL.IS : 0.09579930113305352
TUPRS.IS : 0.047382110678382466
YKBNK.IS : 0.037769370871615554

Best 5 Return Portfolio:
HEKTS.IS : 0.2
PGSUS.IS : 0.2
TAVHL.IS : 0.2
THYAO.IS : 0.2
TUPRS.IS : 0.19999999999999996

Best 10 Return Portfolio:
HEKTS.IS : 0.1
PGSUS.IS : 0.1
TAVHL.IS : 0.1
THYAO.IS : 0.1
TUPRS.IS : 0.1
KOZAL.IS : 0.1
KOZAA.IS : 0.1
KRDMD.IS : 0.1
GARAN.IS : 0.1
TCELL.IS : 0.09999999999999998
