Min Volatility Portfolio:
AKBNK.IS : 0.03413072103950522
ARCLK.IS : 0.0898736853690001
ASELS.IS : 0.03153764123052103
BIMAS.IS : 0.036993092245173546
EKGYO.IS : 0.0962878573772164
ENKAI.IS : 0.05830072270913379
GARAN.IS : 0.046838120668573555
GUBRF.IS : 0.021231933744600005
ISCTR.IS : 0.07785912134820117
KOZAA.IS : 0.036746630807053725
ODAS.IS : 0.0469746970849453
PGSUS.IS : 0.053251599646352774
SAHOL.IS : 0.021961518600251577
SASA.IS : 0.058068287544299865
TAVHL.IS : 0.05682474355398614
TCELL.IS : 0.07744116124276594
TOASO.IS : 0.08055704607915219
TUPRS.IS : 0.05046473677175216
YKBNK.IS : 0.024656682937515433

Min Daily Loss Portfolio:
ENKAI.IS : 0.249999998037454
EREGL.IS : 0.048728045635023816
ISCTR.IS : 0.17156147336469263
SASA.IS : 0.1744015171387753
TCELL.IS : 0.24999999282974647
TOASO.IS : 0.05238076080564644
TUPRS.IS : 0.05292821218866132

Max Sharpe Ratio Portfolio:
AKBNK.IS : 0.023148022771158055
ARCLK.IS : 0.03039563160395274
ASELS.IS : 0.04770799896405725
EKGYO.IS : 0.041990371004027
EREGL.IS : 0.012583077717223503
GARAN.IS : 0.05825874829244569
GUBRF.IS : 0.2528985885158967
ISCTR.IS : 0.06511806189559084
KOZAA.IS : 0.010723325646288927
PGSUS.IS : 0.11694989176539462
TAVHL.IS : 0.03719379665359751
TCELL.IS : 0.03686670577065261
THYAO.IS : 0.01402977584974562
TOASO.IS : 0.08077166769741663
TUPRS.IS : 0.09592417748164582
YKBNK.IS : 0.07544015837090644

Best 5 Return Portfolio:
GUBRF.IS : 0.2
TUPRS.IS : 0.2
FROTO.IS : 0.2
EREGL.IS : 0.2
YKBNK.IS : 0.19999999999999996

Best 10 Return Portfolio:
GUBRF.IS : 0.1
TUPRS.IS : 0.1
FROTO.IS : 0.1
EREGL.IS : 0.1
YKBNK.IS : 0.1
KRDMD.IS : 0.1
SAHOL.IS : 0.1
ALARK.IS : 0.1
EKGYO.IS : 0.1
KOZAA.IS : 0.09999999999999998
