Min Volatility Portfolio:
ARCLK.IS : 0.18151650436778188
BIMAS.IS : 0.09949173606285737
EKGYO.IS : 0.07281796277404258
ENKAI.IS : 0.13401657414526216
GUBRF.IS : 0.05478801240972079
HEKTS.IS : 0.10430277799036468
ISCTR.IS : 0.010497386955933899
KCHOL.IS : 0.038767942244355195
SASA.IS : 0.06653615046631599
TAVHL.IS : 0.09883609948040797
TCELL.IS : 0.06025627799770729
THYAO.IS : 0.016874946604148296
TUPRS.IS : 0.061297628501101785

Min Daily Loss Portfolio:
ASELS.IS : 0.0691304622335405
ENKAI.IS : 0.1566670259686046
GUBRF.IS : 0.23681721188019697
SASA.IS : 0.10903617293134683
TOASO.IS : 0.2500000001236324
TUPRS.IS : 0.17834912686267884

Max Sharpe Ratio Portfolio:
ARCLK.IS : 0.10291884634979888
GUBRF.IS : 0.05782371529302604
PGSUS.IS : 0.02095109982473807
SASA.IS : 0.1259083872461169
TAVHL.IS : 0.06378692957323405
THYAO.IS : 0.2500000000393875
TOASO.IS : 0.12861102173527678
TUPRS.IS : 0.24999999993842176

Best 5 Return Portfolio:
TUPRS.IS : 0.2
THYAO.IS : 0.2
PGSUS.IS : 0.2
TOASO.IS : 0.2
TAVHL.IS : 0.19999999999999996

Best 10 Return Portfolio:
TUPRS.IS : 0.1
THYAO.IS : 0.1
PGSUS.IS : 0.1
TOASO.IS : 0.1
TAVHL.IS : 0.1
ASELS.IS : 0.1
ODAS.IS : 0.1
SAHOL.IS : 0.1
SASA.IS : 0.1
PETKM.IS : 0.09999999999999998
