Min Volatility Portfolio:
ALARK.IS : 0.0127763040832906
ARCLK.IS : 0.1866186938579023
ASELS.IS : 0.0608037045981866
BIMAS.IS : 0.223268862121249
EKGYO.IS : 0.0530033249484275
ENKAI.IS : 0.0154312552543309
EREGL.IS : 0.1369437725823304
FROTO.IS : 0.0834487308593192
ODAS.IS : 0.0659381378606793
PETKM.IS : 0.0334436337163239
PGSUS.IS : 0.0281952207125035
SAHOL.IS : 0.0314151437417553
SISE.IS : 0.0185995952370956
TCELL.IS : 0.0244402810425711
TOASO.IS : 0.0256733393840348

Min Daily Loss Portfolio:
ARCLK.IS : 0.2269524020956042
ENKAI.IS : 0.16500515311882977
HEKTS.IS : 0.07731772432628754
ODAS.IS : 0.1313459100225967
PETKM.IS : 0.14937880793552794
TOASO.IS : 0.2500000025011538

Max Sharpe Ratio Portfolio:
ARCLK.IS : 0.03156579798584948
BIMAS.IS : 0.02151007217577283
ENKAI.IS : 0.07835513974908487
HEKTS.IS : 0.21349139043042334
KOZAA.IS : 0.25225148761062294
ODAS.IS : 0.06267343886072696
PETKM.IS : 0.08790118558041558
TOASO.IS : 0.25225148760710403

Best 5 Return Portfolio:
KOZAA.IS : 0.2
TOASO.IS : 0.2
HEKTS.IS : 0.2
ODAS.IS : 0.2
ENKAI.IS : 0.19999999999999996

Best 10 Return Portfolio:
KOZAA.IS : 0.1
TOASO.IS : 0.1
HEKTS.IS : 0.1
ODAS.IS : 0.1
ENKAI.IS : 0.1
TCELL.IS : 0.1
AKBNK.IS : 0.1
TUPRS.IS : 0.1
PETKM.IS : 0.1
GARAN.IS : 0.09999999999999998
