Min Volatility Portfolio:
ARCLK.IS : 0.06516845914355694
BIMAS.IS : 0.06320804003103292
EKGYO.IS : 0.1014174840269385
ENKAI.IS : 0.08341621359015723
HEKTS.IS : 0.041205551265815855
KCHOL.IS : 0.05838960327221859
KOZAA.IS : 0.04548158273191496
ODAS.IS : 0.19020274172496898
PETKM.IS : 0.04668729597453646
PGSUS.IS : 0.03343518781192344
SAHOL.IS : 0.03604984919985972
SISE.IS : 0.05006443325886177
TCELL.IS : 0.08516081509863228
TOASO.IS : 0.10011274286958241

Min Daily Loss Portfolio:
BIMAS.IS : 0.25047139013269837
ENKAI.IS : 0.07159570112811658
KCHOL.IS : 0.07621245463152912
KOZAA.IS : 0.04326266775279429
ODAS.IS : 0.2504713912392963
TCELL.IS : 0.05751501601379896
TOASO.IS : 0.25047137910176637

Max Sharpe Ratio Portfolio:
BIMAS.IS : 0.06699409159734658
ENKAI.IS : 0.18475772296275178
KCHOL.IS : 0.10711015189965958
KOZAA.IS : 0.1384799743878847
ODAS.IS : 0.16661268049331265
PGSUS.IS : 0.014807867045781943
SISE.IS : 0.12025962486528083
TOASO.IS : 0.20097788674798187

Best 5 Return Portfolio:
TOASO.IS : 0.2
SISE.IS : 0.2
ENKAI.IS : 0.2
KOZAA.IS : 0.2
KCHOL.IS : 0.19999999999999996

Best 10 Return Portfolio:
TOASO.IS : 0.1
SISE.IS : 0.1
ENKAI.IS : 0.1
KOZAA.IS : 0.1
KCHOL.IS : 0.1
BIMAS.IS : 0.1
GARAN.IS : 0.1
ODAS.IS : 0.1
PETKM.IS : 0.1
SAHOL.IS : 0.09999999999999998
