Min Volatility Portfolio:
AKBNK.IS : 0.05104936353860234
ARCLK.IS : 0.13645968825401664
BIMAS.IS : 0.058181666205948626
EKGYO.IS : 0.08776038970566517
ENKAI.IS : 0.08090633871034303
HEKTS.IS : 0.06467761968835162
ISCTR.IS : 0.05828527171703199
KOZAA.IS : 0.0409949513690073
ODAS.IS : 0.04018676025829432
SASA.IS : 0.08476367814461049
SISE.IS : 0.033975787921036206
TAVHL.IS : 0.1011553396158178
TCELL.IS : 0.08159928717957027
THYAO.IS : 0.04906609973586792
TUPRS.IS : 0.030937757955836292

Min Daily Loss Portfolio:
EREGL.IS : 0.0631889852138893
GARAN.IS : 0.044764917113538374
GUBRF.IS : 0.03576875671304048
KOZAA.IS : 0.03980320903101238
SASA.IS : 0.2500000003408894
TAVHL.IS : 0.05232316881365654
TCELL.IS : 0.11750418970242024
TOASO.IS : 0.2500000004044919
TUPRS.IS : 0.14664677266706133

Max Sharpe Ratio Portfolio:
ARCLK.IS : 0.057885642440312274
EKGYO.IS : 0.012290567777963956
GUBRF.IS : 0.0917243494876017
KOZAL.IS : 0.015613735381538263
ODAS.IS : 0.01870035139221084
PGSUS.IS : 0.0969110120981354
SASA.IS : 0.033595825361126756
TAVHL.IS : 0.06779420049253433
THYAO.IS : 0.1025880560663343
TOASO.IS : 0.251448129764327
TUPRS.IS : 0.25144812973791514

Best 5 Return Portfolio:
TUPRS.IS : 0.2
TOASO.IS : 0.2
THYAO.IS : 0.2
PGSUS.IS : 0.2
TAVHL.IS : 0.19999999999999996

Best 10 Return Portfolio:
TUPRS.IS : 0.1
TOASO.IS : 0.1
THYAO.IS : 0.1
PGSUS.IS : 0.1
TAVHL.IS : 0.1
GUBRF.IS : 0.1
ASELS.IS : 0.1
KOZAA.IS : 0.1
KRDMD.IS : 0.1
EREGL.IS : 0.09999999999999998
