Min Volatility Portfolio:
AKBNK.IS : 0.06302042900873912
ARCLK.IS : 0.03694552330868821
ASELS.IS : 0.04487749500041488
BIMAS.IS : 0.08858725079192532
EKGYO.IS : 0.04838307825168843
ENKAI.IS : 0.0641025663732988
EREGL.IS : 0.04296202446870619
FROTO.IS : 0.0418877437879319
GARAN.IS : 0.02315693749676277
HEKTS.IS : 0.017095338478608307
ISCTR.IS : 0.059035530266005845
KRDMD.IS : 0.024009392581821016
PETKM.IS : 0.09992440602749177
SAHOL.IS : 0.04648784089265177
SASA.IS : 0.014621175210774096
SISE.IS : 0.061601246041591874
TCELL.IS : 0.08195341789603783
THYAO.IS : 0.019250169032615512
TOASO.IS : 0.025747451517449345
TUPRS.IS : 0.049760432786999945
YKBNK.IS : 0.04659055077979695

Min Daily Loss Portfolio:
AKBNK.IS : 0.21378596082917234
BIMAS.IS : 0.12819743673895598
EKGYO.IS : 0.06650563577796363
PETKM.IS : 0.21874694268928607
SASA.IS : 0.1660431302287958
TCELL.IS : 0.20672089373582625

Max Sharpe Ratio Portfolio:
AKBNK.IS : 0.04928194872807762
ARCLK.IS : 0.053683494488696595
BIMAS.IS : 0.12115499504293394
EKGYO.IS : 0.040979677651245466
EREGL.IS : 0.07451335920068368
FROTO.IS : 0.03456366488737783
GARAN.IS : 0.046489060299625976
HEKTS.IS : 0.24999976768423143
ISCTR.IS : 0.041970013789917354
PETKM.IS : 0.055636742395335774
SAHOL.IS : 0.015191971340405619
SASA.IS : 0.037118803883420357
TCELL.IS : 0.11735437199030298
TUPRS.IS : 0.030858887837277565
YKBNK.IS : 0.031203240780467708

Best 5 Return Portfolio:
HEKTS.IS : 0.2
EREGL.IS : 0.2
TAVHL.IS : 0.2
PGSUS.IS : 0.2
KRDMD.IS : 0.19999999999999996

Best 10 Return Portfolio:
HEKTS.IS : 0.1
EREGL.IS : 0.1
TAVHL.IS : 0.1
PGSUS.IS : 0.1
KRDMD.IS : 0.1
GARAN.IS : 0.1
THYAO.IS : 0.1
KOZAL.IS : 0.1
PETKM.IS : 0.1
TUPRS.IS : 0.09999999999999998
