Min Volatility Portfolio:
AKBNK.IS : 0.04640660866049046
ARCLK.IS : 0.05806218194621962
ASELS.IS : 0.02235112363170401
BIMAS.IS : 0.0684029565866388
EKGYO.IS : 0.033094951422975805
ENKAI.IS : 0.11539206243621807
EREGL.IS : 0.06664719602247952
GARAN.IS : 0.07577663966714189
ISCTR.IS : 0.06895893948117515
KCHOL.IS : 0.014754160546431411
KOZAA.IS : 0.04943702012063297
KOZAL.IS : 0.05518025274298231
PETKM.IS : 0.011543010433927981
SAHOL.IS : 0.06352591009810571
SISE.IS : 0.05314682502296942
TCELL.IS : 0.06449629040362745
THYAO.IS : 0.018949295445852596
TOASO.IS : 0.05346872465387754
TUPRS.IS : 0.032903418543348266
YKBNK.IS : 0.02750243213320104

Min Daily Loss Portfolio:
ALARK.IS : 0.11215221279267636
ARCLK.IS : 0.05148598367998965
ENKAI.IS : 0.2500000018771886
GARAN.IS : 0.09328870211475085
HEKTS.IS : 0.08568659450294307
ISCTR.IS : 0.1259267338381961
SASA.IS : 0.03145977029741061
YKBNK.IS : 0.2500000008968448

Max Sharpe Ratio Portfolio:
ALARK.IS : 0.18948308723437465
ARCLK.IS : 0.25000000000005274
ENKAI.IS : 0.12855130188123234
KCHOL.IS : 0.026705486766728705
KOZAL.IS : 0.018655469089272552
KRDMD.IS : 0.24999999999996886
PETKM.IS : 0.010542202055447168
TOASO.IS : 0.021218764031950367
YKBNK.IS : 0.10484368894097265

Best 5 Return Portfolio:
ARCLK.IS : 0.2
ALARK.IS : 0.2
KRDMD.IS : 0.2
KCHOL.IS : 0.2
TOASO.IS : 0.19999999999999996

Best 10 Return Portfolio:
ARCLK.IS : 0.1
ALARK.IS : 0.1
KRDMD.IS : 0.1
KCHOL.IS : 0.1
TOASO.IS : 0.1
YKBNK.IS : 0.1
ENKAI.IS : 0.1
SASA.IS : 0.1
FROTO.IS : 0.1
PETKM.IS : 0.09999999999999998
