Min Volatility Portfolio:
AKBNK.IS : 0.06353948236138439
ARCLK.IS : 0.058260319998067585
ASELS.IS : 0.05373676486241728
BIMAS.IS : 0.24999999999999994
EKGYO.IS : 0.010088714628285398
ENKAI.IS : 0.04929980804500029
EREGL.IS : 0.09770296607163398
PETKM.IS : 0.04570815785715019
SISE.IS : 0.11944393172373167
TCELL.IS : 0.18824636448985635
TUPRS.IS : 0.06397348996247289

Min Daily Loss Portfolio:
AKBNK.IS : 0.08681346677239045
BIMAS.IS : 0.23279740315553082
EREGL.IS : 0.24999999515604224
PETKM.IS : 0.12788127159051135
SASA.IS : 0.1276342594160087
TCELL.IS : 0.1748736039095164

Max Sharpe Ratio Portfolio:
AKBNK.IS : 0.050538937194798364
ARCLK.IS : 0.011638911537651071
ASELS.IS : 0.015287830584203202
BIMAS.IS : 0.24228721839967932
EREGL.IS : 0.25132456314422896
ISCTR.IS : 0.017384572158402695
PETKM.IS : 0.10767669287773644
SISE.IS : 0.09109378711590724
TCELL.IS : 0.17135580441767026
TUPRS.IS : 0.04141168256972246

Best 5 Return Portfolio:
EREGL.IS : 0.2
PETKM.IS : 0.2
KRDMD.IS : 0.2
GARAN.IS : 0.2
SASA.IS : 0.19999999999999996

Best 10 Return Portfolio:
EREGL.IS : 0.1
PETKM.IS : 0.1
KRDMD.IS : 0.1
GARAN.IS : 0.1
SASA.IS : 0.1
AKBNK.IS : 0.1
ISCTR.IS : 0.1
ENKAI.IS : 0.1
TCELL.IS : 0.1
KOZAA.IS : 0.09999999999999998
