Min Volatility Portfolio:
AKBNK.IS : 0.018864138346375226
ALARK.IS : 0.04703714640220755
ARCLK.IS : 0.018195819127132896
BIMAS.IS : 0.11711116631639389
ENKAI.IS : 0.01270637247685625
FROTO.IS : 0.062288009097355344
GARAN.IS : 0.044047417661916735
GUBRF.IS : 0.09863442159343801
HEKTS.IS : 0.10499025800192183
KOZAA.IS : 0.06551285977802863
KOZAL.IS : 0.037700915717801806
ODAS.IS : 0.08118088048994028
PETKM.IS : 0.07602693302976724
SISE.IS : 0.05859293131465863
TCELL.IS : 0.04667188733234556
TOASO.IS : 0.020893561006479506
TUPRS.IS : 0.08954528230738067

Min Daily Loss Portfolio:
BIMAS.IS : 0.06257728999099603
ENKAI.IS : 0.09507876482979481
GARAN.IS : 0.19494680739066042
GUBRF.IS : 0.05897054658214456
HEKTS.IS : 0.07760868191151224
PETKM.IS : 0.010817909204461268
SASA.IS : 0.2500000000267664
SISE.IS : 0.25000000006366424

Max Sharpe Ratio Portfolio:
ASELS.IS : 0.07783884475043837
ENKAI.IS : 0.16456915828029278
GARAN.IS : 0.031088474174016265
HEKTS.IS : 0.047261214248136486
ODAS.IS : 0.03902052171737987
SASA.IS : 0.20139146935170815
SISE.IS : 0.2544452709781111
TOASO.IS : 0.18438504649991705

Best 5 Return Portfolio:
SISE.IS : 0.2
ASELS.IS : 0.2
TOASO.IS : 0.2
ENKAI.IS : 0.2
SASA.IS : 0.19999999999999996

Best 10 Return Portfolio:
SISE.IS : 0.1
ASELS.IS : 0.1
TOASO.IS : 0.1
ENKAI.IS : 0.1
SASA.IS : 0.1
FROTO.IS : 0.1
HEKTS.IS : 0.1
ARCLK.IS : 0.1
KCHOL.IS : 0.1
TCELL.IS : 0.09999999999999998
