Min Volatility Portfolio:
ARCLK.IS : 0.05882642379705244
ASELS.IS : 0.10270489504511812
BIMAS.IS : 0.10760205322002651
ENKAI.IS : 0.014627907734916247
EREGL.IS : 0.05168007055117082
GUBRF.IS : 0.05373340062662532
ISCTR.IS : 0.04402233860564482
KOZAL.IS : 0.022419687811645956
ODAS.IS : 0.055961767211274306
PETKM.IS : 0.032716764196052614
PGSUS.IS : 0.10447916554582183
SAHOL.IS : 0.062243274143501795
SASA.IS : 0.06374454187718877
SISE.IS : 0.032915751064631064
TAVHL.IS : 0.059661478632327326
TCELL.IS : 0.02928869308928636
THYAO.IS : 0.057493249506238873
TOASO.IS : 0.019298767785049548
TUPRS.IS : 0.026579769556427376

Min Daily Loss Portfolio:
ASELS.IS : 0.24999999944509518
FROTO.IS : 0.05813008412258743
GUBRF.IS : 0.05314322131947843
HEKTS.IS : 0.021257960105959862
KOZAL.IS : 0.05887501201710146
ODAS.IS : 0.019842802465737976
PGSUS.IS : 0.21599776808965582
SASA.IS : 0.09598634497954808
TAVHL.IS : 0.22676680745483574

Max Sharpe Ratio Portfolio:
ARCLK.IS : 0.07196972968282674
ASELS.IS : 0.04308444239063333
BIMAS.IS : 0.023779181844248702
FROTO.IS : 0.0506298163290355
GUBRF.IS : 0.07195975325083645
ISCTR.IS : 0.02696830427325933
KRDMD.IS : 0.020818159073072266
PETKM.IS : 0.03237249676221871
PGSUS.IS : 0.19581299166368274
SAHOL.IS : 0.046374407574593636
SASA.IS : 0.25389523765448774
SISE.IS : 0.0327172526721065
TAVHL.IS : 0.0911897460353858
THYAO.IS : 0.0384284807936126

Best 5 Return Portfolio:
SASA.IS : 0.2
FROTO.IS : 0.2
PGSUS.IS : 0.2
TAVHL.IS : 0.2
KOZAL.IS : 0.19999999999999996

Best 10 Return Portfolio:
SASA.IS : 0.1
FROTO.IS : 0.1
PGSUS.IS : 0.1
TAVHL.IS : 0.1
KOZAL.IS : 0.1
KOZAA.IS : 0.1
ALARK.IS : 0.1
KCHOL.IS : 0.1
THYAO.IS : 0.1
HEKTS.IS : 0.09999999999999998
