Min Volatility Portfolio:
AKBNK.IS : 0.05539811366557108
ALARK.IS : 0.04765902593932153
ARCLK.IS : 0.08210131570567387
BIMAS.IS : 0.13905855733851719
ENKAI.IS : 0.09949874311292613
GARAN.IS : 0.04589574159880472
HEKTS.IS : 0.027416850216043953
ODAS.IS : 0.05644102030344897
PETKM.IS : 0.07950738923905977
PGSUS.IS : 0.02057616210876597
SAHOL.IS : 0.04939228641453847
SISE.IS : 0.08742300346395239
TCELL.IS : 0.11897112535393917
THYAO.IS : 0.032604652556508504
TUPRS.IS : 0.05805601298292828

Min Daily Loss Portfolio:
AKBNK.IS : 0.1065340537765233
ARCLK.IS : 0.15971170887574912
ENKAI.IS : 0.15961454851177262
SAHOL.IS : 0.25000000006530987
TCELL.IS : 0.25000000007368794
THYAO.IS : 0.07413968869695722

Max Sharpe Ratio Portfolio:
AKBNK.IS : 0.1258849641816955
ENKAI.IS : 0.2500000000000411
GARAN.IS : 0.08974821448346018
SAHOL.IS : 0.08615563741084144
TAVHL.IS : 0.06582277684097854
TCELL.IS : 0.24999999999989797
THYAO.IS : 0.13238840708308536

Best 5 Return Portfolio:
TCELL.IS : 0.2
ENKAI.IS : 0.2
THYAO.IS : 0.2
TAVHL.IS : 0.2
SAHOL.IS : 0.19999999999999996

Best 10 Return Portfolio:
TCELL.IS : 0.1
ENKAI.IS : 0.1
THYAO.IS : 0.1
TAVHL.IS : 0.1
SAHOL.IS : 0.1
EKGYO.IS : 0.1
TOASO.IS : 0.1
AKBNK.IS : 0.1
GARAN.IS : 0.1
ISCTR.IS : 0.09999999999999998
