Min Volatility Portfolio:
AKBNK.IS : 0.06968084404988395
ARCLK.IS : 0.0279915848217439
ASELS.IS : 0.04643157234386654
BIMAS.IS : 0.10840023748731517
EKGYO.IS : 0.03154236542937187
ENKAI.IS : 0.08169182061455431
EREGL.IS : 0.054307047041219234
FROTO.IS : 0.029847589937883192
GARAN.IS : 0.020784218676405276
ISCTR.IS : 0.059905531299962865
KRDMD.IS : 0.04388945148497898
PETKM.IS : 0.08081527548454498
SAHOL.IS : 0.04885173757649334
SISE.IS : 0.06595935905128002
TCELL.IS : 0.10157519194135065
THYAO.IS : 0.011621990739057753
TOASO.IS : 0.03531437985278297
TUPRS.IS : 0.04903158523047649
YKBNK.IS : 0.03235821693682863

Min Daily Loss Portfolio:
AKBNK.IS : 0.12145535073528164
BIMAS.IS : 0.25464554350242985
EREGL.IS : 0.20401224871061482
PETKM.IS : 0.13342006884057145
SASA.IS : 0.10414055711731489
TCELL.IS : 0.18232623109378737

Max Sharpe Ratio Portfolio:
AKBNK.IS : 0.04308765587097299
ARCLK.IS : 0.04792197908635967
BIMAS.IS : 0.13581764133450755
EREGL.IS : 0.25325914302414154
GARAN.IS : 0.035024775847751946
HEKTS.IS : 0.25325914305305175
ISCTR.IS : 0.042190323967739585
PETKM.IS : 0.06933492189968554
TCELL.IS : 0.12010441591578945

Best 5 Return Portfolio:
HEKTS.IS : 0.2
EREGL.IS : 0.2
PETKM.IS : 0.2
TAVHL.IS : 0.2
PGSUS.IS : 0.19999999999999996

Best 10 Return Portfolio:
HEKTS.IS : 0.1
EREGL.IS : 0.1
PETKM.IS : 0.1
TAVHL.IS : 0.1
PGSUS.IS : 0.1
GARAN.IS : 0.1
SASA.IS : 0.1
SISE.IS : 0.1
KRDMD.IS : 0.1
AKBNK.IS : 0.09999999999999998
