Min Volatility Portfolio:
AKBNK.IS : 0.025753049296018366
ALARK.IS : 0.022885930976249157
ARCLK.IS : 0.1050311156536571
BIMAS.IS : 0.07077072762978748
ENKAI.IS : 0.04663897811971332
FROTO.IS : 0.09450580037237281
HEKTS.IS : 0.07356198153562973
ISCTR.IS : 0.05234831936338595
KOZAA.IS : 0.01811932899441428
ODAS.IS : 0.022572137883883917
PETKM.IS : 0.06628140850927217
PGSUS.IS : 0.039082731122639526
SAHOL.IS : 0.04739130219819082
SASA.IS : 0.016109409307551906
SISE.IS : 0.061763528434314624
TCELL.IS : 0.07404704517823155
THYAO.IS : 0.014968930868362313
TOASO.IS : 0.05778913832118477
TUPRS.IS : 0.01873795008151465
YKBNK.IS : 0.07164118615362548

Min Daily Loss Portfolio:
ARCLK.IS : 0.24999999820506433
BIMAS.IS : 0.25000000091530455
TCELL.IS : 0.2500000000020292
YKBNK.IS : 0.25000000087760194

Max Sharpe Ratio Portfolio:
ENKAI.IS : 0.21850098776126897
GARAN.IS : 0.015464631002179458
HEKTS.IS : 0.1734605160537571
KOZAA.IS : 0.25087101550859997
SAHOL.IS : 0.19579223143016902
TCELL.IS : 0.12408832252000485
TUPRS.IS : 0.02182229572402071

Best 5 Return Portfolio:
KOZAA.IS : 0.2
HEKTS.IS : 0.2
PGSUS.IS : 0.2
TAVHL.IS : 0.2
TUPRS.IS : 0.19999999999999996

Best 10 Return Portfolio:
KOZAA.IS : 0.1
HEKTS.IS : 0.1
PGSUS.IS : 0.1
TAVHL.IS : 0.1
TUPRS.IS : 0.1
GARAN.IS : 0.1
ENKAI.IS : 0.1
KRDMD.IS : 0.1
SAHOL.IS : 0.1
THYAO.IS : 0.09999999999999998
