Min Volatility Portfolio:
AKBNK.IS : 0.031890186527321396
ALARK.IS : 0.02119455439636536
ARCLK.IS : 0.058471828748096116
ASELS.IS : 0.02710955163017158
BIMAS.IS : 0.028809183998256962
EKGYO.IS : 0.08870499711131173
ENKAI.IS : 0.09500122209690474
FROTO.IS : 0.023363231396844614
GARAN.IS : 0.03257213566014923
HEKTS.IS : 0.023518806052708622
ISCTR.IS : 0.018855613731231843
KCHOL.IS : 0.05944763078960642
KOZAA.IS : 0.02842676328696154
KRDMD.IS : 0.0417587517471222
PETKM.IS : 0.061911885354572566
PGSUS.IS : 0.03267560105069717
SAHOL.IS : 0.062040302681044275
SISE.IS : 0.06686562830981346
TCELL.IS : 0.0487498138961738
THYAO.IS : 0.02265535866980682
TOASO.IS : 0.09441837242753869
TUPRS.IS : 0.01238242303898082
YKBNK.IS : 0.019176157398319918

Min Daily Loss Portfolio:
ENKAI.IS : 0.22342422665447173
KCHOL.IS : 0.25000000619884827
PGSUS.IS : 0.06828041980863996
SISE.IS : 0.034728107314818187
TOASO.IS : 0.25000000252651816
YKBNK.IS : 0.17356723749670355

Max Sharpe Ratio Portfolio:
AKBNK.IS : 0.03132687778250394
ARCLK.IS : 0.014554460264439862
BIMAS.IS : 0.022277182119345894
EKGYO.IS : 0.057781106384238716
ENKAI.IS : 0.0754024887465734
GARAN.IS : 0.026408933137841317
HEKTS.IS : 0.020718294967933794
ISCTR.IS : 0.016874295247807283
KCHOL.IS : 0.10397124501562939
KOZAA.IS : 0.03544592945587438
KRDMD.IS : 0.03547181838513115
PETKM.IS : 0.06908135375480587
PGSUS.IS : 0.041471044943744775
SAHOL.IS : 0.06133194163440598
SISE.IS : 0.059350433598641256
TCELL.IS : 0.020921536285803396
THYAO.IS : 0.0215119235200059
TOASO.IS : 0.256561376186552
YKBNK.IS : 0.029537758568721557

Best 5 Return Portfolio:
TOASO.IS : 0.2
KCHOL.IS : 0.2
SISE.IS : 0.2
BIMAS.IS : 0.2
PETKM.IS : 0.19999999999999996

Best 10 Return Portfolio:
TOASO.IS : 0.1
KCHOL.IS : 0.1
SISE.IS : 0.1
BIMAS.IS : 0.1
PETKM.IS : 0.1
GARAN.IS : 0.1
SAHOL.IS : 0.1
KRDMD.IS : 0.1
ENKAI.IS : 0.1
YKBNK.IS : 0.09999999999999998
