Min Volatility Portfolio:
AKBNK.IS : 0.06562911095007921
ALARK.IS : 0.0357793614125561
ARCLK.IS : 0.05548226719250051
BIMAS.IS : 0.05317708174991516
EKGYO.IS : 0.05936626651041812
ENKAI.IS : 0.1076955420639276
GARAN.IS : 0.0935255482322238
ISCTR.IS : 0.07022462291472549
KCHOL.IS : 0.044635999832785524
KOZAL.IS : 0.01112913814682266
KRDMD.IS : 0.01527779968194271
ODAS.IS : 0.020098936851608382
PETKM.IS : 0.036525341735320564
SAHOL.IS : 0.06954723921962112
SISE.IS : 0.04835886109067523
TCELL.IS : 0.06856141486451685
THYAO.IS : 0.017549275555389557
TOASO.IS : 0.0587979162404948
TUPRS.IS : 0.037185463163152535
YKBNK.IS : 0.03145281259132393

Min Daily Loss Portfolio:
ALARK.IS : 0.11215221022080334
ARCLK.IS : 0.051485983372152724
ENKAI.IS : 0.25000000021249064
GARAN.IS : 0.09328870037087655
HEKTS.IS : 0.08568659682523354
ISCTR.IS : 0.12592673855301248
SASA.IS : 0.031459770319859075
YKBNK.IS : 0.2500000001255716

Max Sharpe Ratio Portfolio:
ASELS.IS : 0.017613741128487476
ENKAI.IS : 0.017809899361793297
EREGL.IS : 0.08294626475343667
HEKTS.IS : 0.17482617211564805
KCHOL.IS : 0.016961742515935196
KRDMD.IS : 0.24999999999902206
PETKM.IS : 0.14058356934378255
TOASO.IS : 0.12868757335246608
YKBNK.IS : 0.1705710374294287

Best 5 Return Portfolio:
KRDMD.IS : 0.2
YKBNK.IS : 0.2
HEKTS.IS : 0.2
PETKM.IS : 0.2
ASELS.IS : 0.19999999999999996

Best 10 Return Portfolio:
KRDMD.IS : 0.1
YKBNK.IS : 0.1
HEKTS.IS : 0.1
PETKM.IS : 0.1
ASELS.IS : 0.1
EREGL.IS : 0.1
TOASO.IS : 0.1
KCHOL.IS : 0.1
ALARK.IS : 0.1
SAHOL.IS : 0.09999999999999998
