Min Volatility Portfolio:
AKBNK.IS : 0.020831525991365257
ALARK.IS : 0.05205295611317079
ARCLK.IS : 0.034663329448345215
ASELS.IS : 0.02430200092392027
BIMAS.IS : 0.06335206429239254
ENKAI.IS : 0.03315859754041245
EREGL.IS : 0.0221790104611801
FROTO.IS : 0.06557283769240893
GARAN.IS : 0.03217214782470286
GUBRF.IS : 0.0459331767018318
HEKTS.IS : 0.058827486614701247
ISCTR.IS : 0.012521527576299183
KOZAL.IS : 0.025780881843015493
KRDMD.IS : 0.03122269839005167
ODAS.IS : 0.06741837997332133
PETKM.IS : 0.03358787239368631
PGSUS.IS : 0.04137766709164207
SASA.IS : 0.0351156895598466
SISE.IS : 0.03617880737579765
TAVHL.IS : 0.033293730056248076
TCELL.IS : 0.04757371725225829
THYAO.IS : 0.040229857685053855
TOASO.IS : 0.04692138664027651
TUPRS.IS : 0.09573265055807165

Min Daily Loss Portfolio:
AKBNK.IS : 0.21582990223991613
ARCLK.IS : 0.19095754027352543
ENKAI.IS : 0.17534945108175978
FROTO.IS : 0.11653689784577329
GUBRF.IS : 0.02180716335369054
PETKM.IS : 0.04286727217739652
PGSUS.IS : 0.05460536402562494
SASA.IS : 0.03651183315874234
YKBNK.IS : 0.14553457584357102

Max Sharpe Ratio Portfolio:
AKBNK.IS : 0.07016369494019917
ALARK.IS : 0.04741614740903233
ENKAI.IS : 0.02170876989729099
FROTO.IS : 0.12535642495808508
GUBRF.IS : 0.03164849628399123
ISCTR.IS : 0.050006046610987696
PETKM.IS : 0.06020309690552626
PGSUS.IS : 0.042969656663813645
SAHOL.IS : 0.1559177505811355
SASA.IS : 0.02427761680592376
THYAO.IS : 0.05089547934248225
TUPRS.IS : 0.06764888465020576
YKBNK.IS : 0.2517879349513263

Best 5 Return Portfolio:
YKBNK.IS : 0.2
SAHOL.IS : 0.2
GUBRF.IS : 0.2
ISCTR.IS : 0.2
AKBNK.IS : 0.19999999999999996

Best 10 Return Portfolio:
YKBNK.IS : 0.1
SAHOL.IS : 0.1
GUBRF.IS : 0.1
ISCTR.IS : 0.1
AKBNK.IS : 0.1
FROTO.IS : 0.1
KCHOL.IS : 0.1
PETKM.IS : 0.1
ENKAI.IS : 0.1
GARAN.IS : 0.09999999999999998
