Min Volatility Portfolio:
ARCLK.IS : 0.20241855461435704
ASELS.IS : 0.08817513808559242
ENKAI.IS : 0.0758371981713295
EREGL.IS : 0.06299075680688478
FROTO.IS : 0.07264370140420069
GUBRF.IS : 0.07875205857373127
HEKTS.IS : 0.11372218894341805
KOZAL.IS : 0.012699628841677437
KRDMD.IS : 0.03829393590169921
ODAS.IS : 0.04208561976772249
PETKM.IS : 0.08544682723789443
SASA.IS : 0.08298537188750627
TOASO.IS : 0.04394901976398653

Min Daily Loss Portfolio:
AKBNK.IS : 0.04501934853887123
ASELS.IS : 0.25151621399507457
HEKTS.IS : 0.16999518203596253
ISCTR.IS : 0.08781026386639237
ODAS.IS : 0.13235199870660264
SASA.IS : 0.09958980186112855
TOASO.IS : 0.020122340140921565
TUPRS.IS : 0.16887536519763127
YKBNK.IS : 0.02471948565741527

Max Sharpe Ratio Portfolio:
ARCLK.IS : 0.15456797656741525
ASELS.IS : 0.09099150170480895
EKGYO.IS : 0.011354217690203299
ENKAI.IS : 0.0485791462960537
EREGL.IS : 0.055982906154534454
FROTO.IS : 0.036683839896754965
GUBRF.IS : 0.024420089032564915
HEKTS.IS : 0.25064934598091754
KRDMD.IS : 0.03776958867926621
ODAS.IS : 0.03521955027706654
PETKM.IS : 0.01329831717920756
SASA.IS : 0.164315783627023
TCELL.IS : 0.0761677369141836

Best 5 Return Portfolio:
HEKTS.IS : 0.2
SASA.IS : 0.2
THYAO.IS : 0.2
AKBNK.IS : 0.2
YKBNK.IS : 0.19999999999999996

Best 10 Return Portfolio:
HEKTS.IS : 0.1
SASA.IS : 0.1
THYAO.IS : 0.1
AKBNK.IS : 0.1
YKBNK.IS : 0.1
ODAS.IS : 0.1
GARAN.IS : 0.1
PGSUS.IS : 0.1
SAHOL.IS : 0.1
TUPRS.IS : 0.09999999999999998
