Min Volatility Portfolio:
ALARK.IS : 0.08955714681616699
ARCLK.IS : 0.043653531467210197
ASELS.IS : 0.013485475025088496
BIMAS.IS : 0.054072435958092684
EKGYO.IS : 0.054130790354719786
ENKAI.IS : 0.11103131188704697
EREGL.IS : 0.025873273156508593
FROTO.IS : 0.061470012086399385
GARAN.IS : 0.017570056861558898
GUBRF.IS : 0.03105184330049819
HEKTS.IS : 0.020122073447843697
KOZAA.IS : 0.035922257858098994
KOZAL.IS : 0.017063999435378195
KRDMD.IS : 0.025882453246464293
ODAS.IS : 0.07214675255424079
PETKM.IS : 0.025438125385154994
PGSUS.IS : 0.018065895029900497
TAVHL.IS : 0.06053523511042619
TCELL.IS : 0.014907009912930596
THYAO.IS : 0.055007273881503484
TOASO.IS : 0.10730415196488348
TUPRS.IS : 0.045708895259884495

Min Daily Loss Portfolio:
ALARK.IS : 0.1422528011501954
BIMAS.IS : 0.019805097798618415
EKGYO.IS : 0.025636106140925343
GARAN.IS : 0.03581679017279755
GUBRF.IS : 0.10307755151377061
ODAS.IS : 0.09566722667712867
TAVHL.IS : 0.1160585512813341
THYAO.IS : 0.02229915044587681
TOASO.IS : 0.21376024028980026
TUPRS.IS : 0.22562648452955286

Max Sharpe Ratio Portfolio:
ALARK.IS : 0.0976479541238207
BIMAS.IS : 0.045115461301948975
ENKAI.IS : 0.0527826297196993
FROTO.IS : 0.018072237086284446
GUBRF.IS : 0.0921014025328448
ISCTR.IS : 0.17551182670812027
ODAS.IS : 0.06655914425691972
PETKM.IS : 0.08383650521364107
THYAO.IS : 0.16097675356114668
TOASO.IS : 0.11787077836402807
TUPRS.IS : 0.08952530713154612

Best 5 Return Portfolio:
ISCTR.IS : 0.2
GARAN.IS : 0.2
PETKM.IS : 0.2
GUBRF.IS : 0.2
THYAO.IS : 0.19999999999999996

Best 10 Return Portfolio:
ISCTR.IS : 0.1
GARAN.IS : 0.1
PETKM.IS : 0.1
GUBRF.IS : 0.1
THYAO.IS : 0.1
TOASO.IS : 0.1
BIMAS.IS : 0.1
TUPRS.IS : 0.1
SAHOL.IS : 0.1
KCHOL.IS : 0.09999999999999998
