Min Volatility Portfolio:
ALARK.IS : 0.14952670550154315
ARCLK.IS : 0.21139721753610183
BIMAS.IS : 0.13821034465750123
ENKAI.IS : 0.11384316146440156
FROTO.IS : 0.10584145393635201
GARAN.IS : 0.11094760283237647
HEKTS.IS : 0.038522176834724746
KRDMD.IS : 0.015655223710944424
ODAS.IS : 0.06549805261037996
TOASO.IS : 0.05055806091567457

Min Daily Loss Portfolio:
ALARK.IS : 0.2500000000611397
BIMAS.IS : 0.24999999997292366
ENKAI.IS : 0.034564381412383646
GARAN.IS : 0.22772866240626807
ODAS.IS : 0.23770695614728501

Max Sharpe Ratio Portfolio:
ALARK.IS : 0.12823463364689452
BIMAS.IS : 0.016335076627292958
ENKAI.IS : 0.013191470067137856
FROTO.IS : 0.020825755752144202
GARAN.IS : 0.08181241451749152
HEKTS.IS : 0.25053323901036045
KRDMD.IS : 0.01332987764894306
ODAS.IS : 0.2252042937217929
SASA.IS : 0.2505332390079426

Best 5 Return Portfolio:
HEKTS.IS : 0.2
SASA.IS : 0.2
ODAS.IS : 0.2
GUBRF.IS : 0.2
THYAO.IS : 0.19999999999999996

Best 10 Return Portfolio:
HEKTS.IS : 0.1
SASA.IS : 0.1
ODAS.IS : 0.1
GUBRF.IS : 0.1
THYAO.IS : 0.1
ALARK.IS : 0.1
SISE.IS : 0.1
ASELS.IS : 0.1
PGSUS.IS : 0.1
TAVHL.IS : 0.09999999999999998
