Min Volatility Portfolio:
ALARK.IS : 0.1721751410509395
ARCLK.IS : 0.1826114958678504
BIMAS.IS : 0.1193198141092637
ENKAI.IS : 0.1233714808957064
FROTO.IS : 0.1062553338188248
GARAN.IS : 0.0699931283369159
HEKTS.IS : 0.0530471284589142
ODAS.IS : 0.0162350826301443
SASA.IS : 0.026009493978275
TOASO.IS : 0.0360453762760164
TUPRS.IS : 0.0949365245771494

Min Daily Loss Portfolio:
ALARK.IS : 0.25000000006330864
BIMAS.IS : 0.2499999998240065
ENKAI.IS : 0.03456438149818352
GARAN.IS : 0.22772866244821222
ODAS.IS : 0.2377069561662892

Max Sharpe Ratio Portfolio:
ALARK.IS : 0.14973117926733298
BIMAS.IS : 0.06054649779968596
GARAN.IS : 0.04541722294448787
HEKTS.IS : 0.24999999998993047
KOZAL.IS : 0.014034044782026822
ODAS.IS : 0.2500000000017195
PGSUS.IS : 0.02977460941238857
SASA.IS : 0.17140753782227325
TUPRS.IS : 0.029088907980154545

Best 5 Return Portfolio:
HEKTS.IS : 0.2
ODAS.IS : 0.2
SASA.IS : 0.2
KOZAL.IS : 0.2
PGSUS.IS : 0.19999999999999996

Best 10 Return Portfolio:
HEKTS.IS : 0.1
ODAS.IS : 0.1
SASA.IS : 0.1
KOZAL.IS : 0.1
PGSUS.IS : 0.1
ASELS.IS : 0.1
ALARK.IS : 0.1
BIMAS.IS : 0.1
GUBRF.IS : 0.1
TAVHL.IS : 0.09999999999999998
