Min Volatility Portfolio:
ARCLK.IS : 0.033503117075125356
BIMAS.IS : 0.08953241419226532
ENKAI.IS : 0.14644260579157928
EREGL.IS : 0.04717865371080964
GARAN.IS : 0.06332413232623868
GUBRF.IS : 0.07654383317487816
HEKTS.IS : 0.10747736359939904
ISCTR.IS : 0.09586980149698854
KCHOL.IS : 0.08722579634442822
KRDMD.IS : 0.023529050671887975
PETKM.IS : 0.020049250580051022
PGSUS.IS : 0.01077347025593867
SAHOL.IS : 0.024428180807910736
SASA.IS : 0.030669008733747356
TAVHL.IS : 0.11809246383887005
TCELL.IS : 0.013290859107228319
TUPRS.IS : 0.012069998292653662

Min Daily Loss Portfolio:
ARCLK.IS : 0.2512962949160854
ENKAI.IS : 0.0636337309062222
KCHOL.IS : 0.13702337871095335
PGSUS.IS : 0.251296295002574
SASA.IS : 0.045454005292289615
TAVHL.IS : 0.25129629517187546

Max Sharpe Ratio Portfolio:
ARCLK.IS : 0.025309823275638615
ENKAI.IS : 0.09094130324069584
HEKTS.IS : 0.24999999971548936
ISCTR.IS : 0.08934213333322466
PGSUS.IS : 0.24999999971548936
SASA.IS : 0.24999999971548936
TAVHL.IS : 0.04440674100397266

Best 5 Return Portfolio:
HEKTS.IS : 0.2
PGSUS.IS : 0.2
SASA.IS : 0.2
TAVHL.IS : 0.2
ENKAI.IS : 0.19999999999999996

Best 10 Return Portfolio:
HEKTS.IS : 0.1
PGSUS.IS : 0.1
SASA.IS : 0.1
TAVHL.IS : 0.1
ENKAI.IS : 0.1
ALARK.IS : 0.1
ODAS.IS : 0.1
SISE.IS : 0.1
ARCLK.IS : 0.1
THYAO.IS : 0.09999999999999998
