Min Volatility Portfolio:
AKBNK.IS : 0.015782241150545325
ALARK.IS : 0.07436329219963417
ENKAI.IS : 0.08457625042526562
FROTO.IS : 0.02906527407054311
GARAN.IS : 0.12476618048516663
HEKTS.IS : 0.06746352936156323
ISCTR.IS : 0.03413671028932381
KCHOL.IS : 0.05217900566963163
KOZAL.IS : 0.029866064012523466
PGSUS.IS : 0.1659129073191497
SISE.IS : 0.08120386826153585
TAVHL.IS : 0.04226907110237107
TCELL.IS : 0.1243547511847042
THYAO.IS : 0.022188965500120363
TUPRS.IS : 0.05187188896792199

Min Daily Loss Portfolio:
GARAN.IS : 0.2499999999869826
HEKTS.IS : 0.2343823345169996
PGSUS.IS : 0.2500000000294657
SISE.IS : 0.1967040979874406
THYAO.IS : 0.06891356747911154

Max Sharpe Ratio Portfolio:
GARAN.IS : 0.09739801809830258
KOZAA.IS : 0.14285828798535175
KOZAL.IS : 0.2499999998915819
PGSUS.IS : 0.22025466427790727
TCELL.IS : 0.03948902982098944
THYAO.IS : 0.2499999999258672

Best 5 Return Portfolio:
KOZAL.IS : 0.2
KOZAA.IS : 0.2
PGSUS.IS : 0.2
THYAO.IS : 0.2
SISE.IS : 0.19999999999999996

Best 10 Return Portfolio:
KOZAL.IS : 0.1
KOZAA.IS : 0.1
PGSUS.IS : 0.1
THYAO.IS : 0.1
SISE.IS : 0.1
GARAN.IS : 0.1
ODAS.IS : 0.1
ARCLK.IS : 0.1
ISCTR.IS : 0.1
YKBNK.IS : 0.09999999999999998
