Min Volatility Portfolio:
ALARK.IS : 0.04887810725079575
ARCLK.IS : 0.030447519027787768
ASELS.IS : 0.05925710046643266
BIMAS.IS : 0.06559786476329373
EKGYO.IS : 0.014208397774029331
ENKAI.IS : 0.08077826130045906
EREGL.IS : 0.03566827806660633
FROTO.IS : 0.01753106847538271
GARAN.IS : 0.0907906210989943
KCHOL.IS : 0.01200847645281443
KOZAA.IS : 0.022925185164014768
KOZAL.IS : 0.03857757270209497
KRDMD.IS : 0.08621344304332706
ODAS.IS : 0.07547309613829635
PETKM.IS : 0.027936436887671334
PGSUS.IS : 0.06720700772024474
SAHOL.IS : 0.026101622165833515
SASA.IS : 0.014569723038954503
TAVHL.IS : 0.034369603951784115
TCELL.IS : 0.0625129154680329
THYAO.IS : 0.05138633541321201
TOASO.IS : 0.02725997769001118
TUPRS.IS : 0.010301385939926464

Min Daily Loss Portfolio:
ENKAI.IS : 0.24023611309028067
FROTO.IS : 0.0857740287771556
GARAN.IS : 0.2216216490024148
KRDMD.IS : 0.027409288721255337
ODAS.IS : 0.10062410431217722
PGSUS.IS : 0.044439998821276534
SASA.IS : 0.09331824927166919
SISE.IS : 0.08445606653614036
TOASO.IS : 0.10212050146763021

Max Sharpe Ratio Portfolio:
ALARK.IS : 0.10383506822810333
ENKAI.IS : 0.030014686681942685
FROTO.IS : 0.062199269959610864
HEKTS.IS : 0.09972627975968244
KCHOL.IS : 0.0851811198894407
KOZAA.IS : 0.019877749727451665
KOZAL.IS : 0.01607496164864907
KRDMD.IS : 0.052480432504915714
ODAS.IS : 0.12602995323834293
PGSUS.IS : 0.03316872798564498
SISE.IS : 0.10686961029531733
TAVHL.IS : 0.1495723447397324
THYAO.IS : 0.06377818113889465
TUPRS.IS : 0.05119161420227122

Best 5 Return Portfolio:
SISE.IS : 0.2
HEKTS.IS : 0.2
THYAO.IS : 0.2
TAVHL.IS : 0.2
FROTO.IS : 0.19999999999999996

Best 10 Return Portfolio:
SISE.IS : 0.1
HEKTS.IS : 0.1
THYAO.IS : 0.1
TAVHL.IS : 0.1
FROTO.IS : 0.1
KCHOL.IS : 0.1
KOZAA.IS : 0.1
ALARK.IS : 0.1
SASA.IS : 0.1
ENKAI.IS : 0.09999999999999998
