Min Volatility Portfolio:
ALARK.IS : 0.11036037364563434
ARCLK.IS : 0.039789784225061756
ASELS.IS : 0.024861831758411685
BIMAS.IS : 0.0834507510033215
EKGYO.IS : 0.014095795255049148
ENKAI.IS : 0.09618243403579055
EREGL.IS : 0.025990738891582953
FROTO.IS : 0.04554684038076236
GUBRF.IS : 0.02955650646033273
HEKTS.IS : 0.010619194834445877
KOZAA.IS : 0.032256486530359264
KOZAL.IS : 0.021685960098246422
KRDMD.IS : 0.0117898224707009
ODAS.IS : 0.07743437633547748
SASA.IS : 0.014299937507589372
TAVHL.IS : 0.08135663848872662
TCELL.IS : 0.028172065581134657
THYAO.IS : 0.0747825350078169
TOASO.IS : 0.11785123750668751
TUPRS.IS : 0.05991668998286803

Min Daily Loss Portfolio:
ALARK.IS : 0.1406023366053268
BIMAS.IS : 0.24999998804177384
GARAN.IS : 0.06927279775827379
PETKM.IS : 0.032544163401135515
THYAO.IS : 0.25000000018249136
TOASO.IS : 0.11808206998178823
TUPRS.IS : 0.13949864402921058

Max Sharpe Ratio Portfolio:
ALARK.IS : 0.0761325567558759
ARCLK.IS : 0.026815941796908317
ENKAI.IS : 0.05723251404295951
GARAN.IS : 0.2553739920546326
GUBRF.IS : 0.0597078150560461
KOZAA.IS : 0.017729526215713706
ODAS.IS : 0.07625278757941469
PETKM.IS : 0.15455780708029415
SASA.IS : 0.016410182712579078
THYAO.IS : 0.07607157978499657
TOASO.IS : 0.14685022451121565
TUPRS.IS : 0.03686507240936375

Best 5 Return Portfolio:
GARAN.IS : 0.2
ISCTR.IS : 0.2
PETKM.IS : 0.2
YKBNK.IS : 0.2
THYAO.IS : 0.19999999999999996

Best 10 Return Portfolio:
GARAN.IS : 0.1
ISCTR.IS : 0.1
PETKM.IS : 0.1
YKBNK.IS : 0.1
THYAO.IS : 0.1
AKBNK.IS : 0.1
TUPRS.IS : 0.1
GUBRF.IS : 0.1
TCELL.IS : 0.1
EKGYO.IS : 0.09999999999999998
