Min Volatility Portfolio:
ARCLK.IS : 0.20303772244622753
ASELS.IS : 0.11343131409724437
ENKAI.IS : 0.06306665213950868
EREGL.IS : 0.023085415663044298
FROTO.IS : 0.04411859055370259
GUBRF.IS : 0.09566454716989127
HEKTS.IS : 0.11369937059925307
KOZAL.IS : 0.038861310996558596
ODAS.IS : 0.11594711765424418
PETKM.IS : 0.07366150409286429
SASA.IS : 0.07486282354250488
TOASO.IS : 0.040563631044956194

Min Daily Loss Portfolio:
ASELS.IS : 0.2500000007309662
GUBRF.IS : 0.0678909074535823
HEKTS.IS : 0.2065720406890287
ODAS.IS : 0.20228760970225648
THYAO.IS : 0.13197882205349076
YKBNK.IS : 0.14127061937067556

Max Sharpe Ratio Portfolio:
ARCLK.IS : 0.15438372701273365
ASELS.IS : 0.12003017356377557
ENKAI.IS : 0.042535266639024336
EREGL.IS : 0.0405707071961545
FROTO.IS : 0.039972773621815935
GUBRF.IS : 0.06120807447065922
HEKTS.IS : 0.24760740311067048
KOZAL.IS : 0.02910349783598837
ODAS.IS : 0.09119556799684807
PETKM.IS : 0.030912389714517992
SASA.IS : 0.07855890515741026
TCELL.IS : 0.06392151368040173

Best 5 Return Portfolio:
HEKTS.IS : 0.2
ODAS.IS : 0.2
SASA.IS : 0.2
THYAO.IS : 0.2
YKBNK.IS : 0.19999999999999996

Best 10 Return Portfolio:
HEKTS.IS : 0.1
ODAS.IS : 0.1
SASA.IS : 0.1
THYAO.IS : 0.1
YKBNK.IS : 0.1
PGSUS.IS : 0.1
AKBNK.IS : 0.1
SAHOL.IS : 0.1
SISE.IS : 0.1
KCHOL.IS : 0.09999999999999998
