Min Volatility Portfolio:
ALARK.IS : 0.12912095482512395
ARCLK.IS : 0.05223114424947878
ASELS.IS : 0.01579030300371875
EKGYO.IS : 0.1531667951500452
ENKAI.IS : 0.024494440756489242
FROTO.IS : 0.10222598820996526
GUBRF.IS : 0.052298782518784025
KCHOL.IS : 0.03990053272675243
KOZAA.IS : 0.05890067140367099
KOZAL.IS : 0.020940887941095103
ODAS.IS : 0.08752823805342247
PGSUS.IS : 0.052454652762600244
TAVHL.IS : 0.058149568067970336
TCELL.IS : 0.029882170247020483
TOASO.IS : 0.12291487008386277

Min Daily Loss Portfolio:
ALARK.IS : 0.2053788375181971
EKGYO.IS : 0.0971110591003307
GUBRF.IS : 0.01885708840041089
HEKTS.IS : 0.029406043225726295
KOZAA.IS : 0.12324993761451966
ODAS.IS : 0.10465263817609566
SASA.IS : 0.11207494725828324
TAVHL.IS : 0.07778468719419913
TOASO.IS : 0.23148476151223737

Max Sharpe Ratio Portfolio:
ALARK.IS : 0.13672969730178372
EKGYO.IS : 0.042460990323235574
FROTO.IS : 0.07688807768381423
GUBRF.IS : 0.014499356444768043
ISCTR.IS : 0.2521183852403526
ODAS.IS : 0.22008507125837584
SAHOL.IS : 0.016590561012425554
TOASO.IS : 0.2406278607352445

Best 5 Return Portfolio:
ODAS.IS : 0.2
ISCTR.IS : 0.2
TOASO.IS : 0.2
HEKTS.IS : 0.2
SASA.IS : 0.19999999999999996

Best 10 Return Portfolio:
ODAS.IS : 0.1
ISCTR.IS : 0.1
TOASO.IS : 0.1
HEKTS.IS : 0.1
SASA.IS : 0.1
ALARK.IS : 0.1
SAHOL.IS : 0.1
YKBNK.IS : 0.1
EKGYO.IS : 0.1
GUBRF.IS : 0.09999999999999998
