Min Volatility Portfolio:
ALARK.IS : 0.07002148041173278
BIMAS.IS : 0.10365471799604006
EKGYO.IS : 0.10284685811857426
GUBRF.IS : 0.08040510551422267
KCHOL.IS : 0.11910710677968878
ODAS.IS : 0.10376666434004345
PGSUS.IS : 0.10209599743318379
SAHOL.IS : 0.04039731996929243
SISE.IS : 0.020076220690939298
TAVHL.IS : 0.06517279713511218
THYAO.IS : 0.10018308093374247
TOASO.IS : 0.09227265067742786

Min Daily Loss Portfolio:
AKBNK.IS : 0.09738086708750361
EKGYO.IS : 0.24999999979968626
ISCTR.IS : 0.2500000005255363
ODAS.IS : 0.15261913138900624
PGSUS.IS : 0.2500000011982676

Max Sharpe Ratio Portfolio:
BIMAS.IS : 0.02886466217376019
EKGYO.IS : 0.055718654357846564
GARAN.IS : 0.011200328531682808
GUBRF.IS : 0.06865778510621993
KCHOL.IS : 0.059382165747358516
KOZAL.IS : 0.2562682797814271
KRDMD.IS : 0.05060384365415277
ODAS.IS : 0.0821156696782139
PGSUS.IS : 0.13832063472849873
THYAO.IS : 0.10695707725677649
TOASO.IS : 0.14191089898406303

Best 5 Return Portfolio:
KOZAL.IS : 0.2
EKGYO.IS : 0.2
ASELS.IS : 0.2
GUBRF.IS : 0.2
KRDMD.IS : 0.19999999999999996

Best 10 Return Portfolio:
KOZAL.IS : 0.1
EKGYO.IS : 0.1
ASELS.IS : 0.1
GUBRF.IS : 0.1
KRDMD.IS : 0.1
KOZAA.IS : 0.1
ISCTR.IS : 0.1
PGSUS.IS : 0.1
THYAO.IS : 0.1
PETKM.IS : 0.09999999999999998
