Min Volatility Portfolio:
AKBNK.IS : 0.04050237091111013
ALARK.IS : 0.11117458802297452
ARCLK.IS : 0.06946661465059162
ASELS.IS : 0.025915306414599115
BIMAS.IS : 0.04524516902374414
ENKAI.IS : 0.09859580641839533
FROTO.IS : 0.050425370504249147
GARAN.IS : 0.06482378411087325
GUBRF.IS : 0.052135451141916304
ISCTR.IS : 0.035280281881172375
KRDMD.IS : 0.014083213983350025
ODAS.IS : 0.037089559529395064
PGSUS.IS : 0.07064122831489801
SASA.IS : 0.0655811538259944
SISE.IS : 0.05770352246955046
TAVHL.IS : 0.08765013719753752
THYAO.IS : 0.0438002246351673
TOASO.IS : 0.012671229016817992
TUPRS.IS : 0.01721498794766348

Min Daily Loss Portfolio:
ALARK.IS : 0.1739226680600361
ARCLK.IS : 0.0798271603723063
ENKAI.IS : 0.04206208385051524
EREGL.IS : 0.02545332094383698
HEKTS.IS : 0.16477937657792413
PGSUS.IS : 0.10926593230445789
SASA.IS : 0.2517055998705014
TUPRS.IS : 0.1529838580204221

Max Sharpe Ratio Portfolio:
AKBNK.IS : 0.06435986560829475
ALARK.IS : 0.11222305007028446
ARCLK.IS : 0.022422185162080707
ASELS.IS : 0.022500391153502483
BIMAS.IS : 0.025674192255876294
EKGYO.IS : 0.011219215454057182
ENKAI.IS : 0.06874924016766928
FROTO.IS : 0.016438460630602243
GARAN.IS : 0.08722085393272122
HEKTS.IS : 0.06464859542217184
KRDMD.IS : 0.0314833617613276
ODAS.IS : 0.04249218757296546
PGSUS.IS : 0.0546400299962822
SASA.IS : 0.2531006984305952
SISE.IS : 0.028147187190372507
TAVHL.IS : 0.06127766269707349
THYAO.IS : 0.033402822494123005

Best 5 Return Portfolio:
SASA.IS : 0.2
HEKTS.IS : 0.2
TCELL.IS : 0.2
ODAS.IS : 0.2
EKGYO.IS : 0.19999999999999996

Best 10 Return Portfolio:
SASA.IS : 0.1
HEKTS.IS : 0.1
TCELL.IS : 0.1
ODAS.IS : 0.1
EKGYO.IS : 0.1
ASELS.IS : 0.1
PGSUS.IS : 0.1
SAHOL.IS : 0.1
TUPRS.IS : 0.1
ENKAI.IS : 0.09999999999999998
