Min Volatility Portfolio:
BIMAS.IS : 0.14386685822880457
EKGYO.IS : 0.06525201956062777
EREGL.IS : 0.06890169783927796
KCHOL.IS : 0.25042324294250423
ODAS.IS : 0.10364336607559382
PGSUS.IS : 0.07005312231149861
SAHOL.IS : 0.12040518215047383
SISE.IS : 0.013516136491760504
TAVHL.IS : 0.06794772692645831
THYAO.IS : 0.04399452059479323
TUPRS.IS : 0.051996126878207004

Min Daily Loss Portfolio:
ASELS.IS : 0.01086794175060445
EKGYO.IS : 0.24999999972664122
ISCTR.IS : 0.1122808611898424
KCHOL.IS : 0.25000000013055124
ODAS.IS : 0.12685119682262555
PGSUS.IS : 0.25000000037973524

Max Sharpe Ratio Portfolio:
BIMAS.IS : 0.05893795574751595
EKGYO.IS : 0.06019920223370085
ENKAI.IS : 0.04526249872714507
KCHOL.IS : 0.25182362112463
KOZAL.IS : 0.25182362112463
ODAS.IS : 0.11108555256322346
SAHOL.IS : 0.027183731182588197
SISE.IS : 0.02677115412878177
TOASO.IS : 0.1270308686920106
TUPRS.IS : 0.03988179447577397

Best 5 Return Portfolio:
KOZAL.IS : 0.2
ASELS.IS : 0.2
EKGYO.IS : 0.2
GUBRF.IS : 0.2
ENKAI.IS : 0.19999999999999996

Best 10 Return Portfolio:
KOZAL.IS : 0.1
ASELS.IS : 0.1
EKGYO.IS : 0.1
GUBRF.IS : 0.1
ENKAI.IS : 0.1
ARCLK.IS : 0.1
KRDMD.IS : 0.1
ISCTR.IS : 0.1
TOASO.IS : 0.1
KCHOL.IS : 0.09999999999999998
