Min Volatility Portfolio:
ALARK.IS : 0.024332229495261058
ARCLK.IS : 0.07568776640066423
BIMAS.IS : 0.02622419292843396
FROTO.IS : 0.11204470700154773
GUBRF.IS : 0.0930065566055143
KCHOL.IS : 0.04048975883217932
KOZAA.IS : 0.02701551118099291
KRDMD.IS : 0.013964416980898342
ODAS.IS : 0.1300141409743786
PGSUS.IS : 0.014604385970207906
SAHOL.IS : 0.04912539614808165
SISE.IS : 0.022016048350944485
TAVHL.IS : 0.058274975179413664
THYAO.IS : 0.14735302992649224
TOASO.IS : 0.16584688402498973

Min Daily Loss Portfolio:
ASELS.IS : 0.027399074449202563
FROTO.IS : 0.16839317269907242
HEKTS.IS : 0.03622439372084312
KOZAA.IS : 0.0680465351391087
ODAS.IS : 0.22309037448250438
THYAO.IS : 0.22684644942073862
TOASO.IS : 0.25000000008853035

Max Sharpe Ratio Portfolio:
ARCLK.IS : 0.09113717671661602
FROTO.IS : 0.09871243507700499
GUBRF.IS : 0.06459336847564785
KOZAL.IS : 0.25238491975656413
KRDMD.IS : 0.021971200267134085
ODAS.IS : 0.11240026987004419
SAHOL.IS : 0.017800423315466194
THYAO.IS : 0.14735357684091555
TOASO.IS : 0.141942465182089
YKBNK.IS : 0.05170416449851826

Best 5 Return Portfolio:
KOZAL.IS : 0.2
KOZAA.IS : 0.2
ASELS.IS : 0.2
EKGYO.IS : 0.2
GUBRF.IS : 0.19999999999999996

Best 10 Return Portfolio:
KOZAL.IS : 0.1
KOZAA.IS : 0.1
ASELS.IS : 0.1
EKGYO.IS : 0.1
GUBRF.IS : 0.1
KRDMD.IS : 0.1
TOASO.IS : 0.1
THYAO.IS : 0.1
PGSUS.IS : 0.1
PETKM.IS : 0.09999999999999998
