Min Volatility Portfolio:
AKBNK.IS : 0.01483083911102187
ALARK.IS : 0.07521729704938117
ARCLK.IS : 0.08159287344567176
ASELS.IS : 0.050443034602339974
EKGYO.IS : 0.04059276708445786
ENKAI.IS : 0.05470893355076024
EREGL.IS : 0.06951461265532922
FROTO.IS : 0.03979140736888406
GARAN.IS : 0.034020614147782444
GUBRF.IS : 0.05089680515008288
HEKTS.IS : 0.06554075369005906
ISCTR.IS : 0.01452230304901034
KOZAL.IS : 0.05272213231470709
KRDMD.IS : 0.06724687455841127
PETKM.IS : 0.13512193478420248
SASA.IS : 0.07449317138259466
SISE.IS : 0.01584434267395426
TAVHL.IS : 0.023400646019524525
TCELL.IS : 0.01490481146523915
TOASO.IS : 0.024593845896585604

Min Daily Loss Portfolio:
ALARK.IS : 0.2177699157455968
ARCLK.IS : 0.03955456116566622
GARAN.IS : 0.09003408061292888
GUBRF.IS : 0.014927492450931546
HEKTS.IS : 0.09463001324362677
PGSUS.IS : 0.16858340370054772
SASA.IS : 0.2500000000728977
TCELL.IS : 0.12450053300780438

Max Sharpe Ratio Portfolio:
ALARK.IS : 0.044238007313763865
ARCLK.IS : 0.06370543225205091
ASELS.IS : 0.04227985676742253
EKGYO.IS : 0.048788440890473295
ENKAI.IS : 0.03915462665970219
EREGL.IS : 0.041820790823171146
HEKTS.IS : 0.25581534942970413
KOZAL.IS : 0.023367346787679603
KRDMD.IS : 0.05684110201945169
PETKM.IS : 0.04192139168421301
SASA.IS : 0.25581537817429184
SISE.IS : 0.020181387828546272
TCELL.IS : 0.06607088936952947

Best 5 Return Portfolio:
SASA.IS : 0.2
HEKTS.IS : 0.2
THYAO.IS : 0.2
PGSUS.IS : 0.2
TUPRS.IS : 0.19999999999999996

Best 10 Return Portfolio:
SASA.IS : 0.1
HEKTS.IS : 0.1
THYAO.IS : 0.1
PGSUS.IS : 0.1
TUPRS.IS : 0.1
SISE.IS : 0.1
YKBNK.IS : 0.1
SAHOL.IS : 0.1
AKBNK.IS : 0.1
TCELL.IS : 0.09999999999999998
