Min Volatility Portfolio:
ALARK.IS : 0.15737813622629446
ARCLK.IS : 0.05020699720117014
BIMAS.IS : 0.07498035421559684
ENKAI.IS : 0.12060801663168545
FROTO.IS : 0.081522612670334
GUBRF.IS : 0.01737105859919794
HEKTS.IS : 0.010370244259064604
KOZAA.IS : 0.03746890817317474
KOZAL.IS : 0.014268768365953966
ODAS.IS : 0.0659892699022798
SASA.IS : 0.049963251394537805
TAVHL.IS : 0.08726419710007086
TCELL.IS : 0.01782116700530476
THYAO.IS : 0.04672273423203712
TOASO.IS : 0.0759583703806075
TUPRS.IS : 0.09210591364269022

Min Daily Loss Portfolio:
AKBNK.IS : 0.017255511479470423
ALARK.IS : 0.08345466527243905
BIMAS.IS : 0.10391335176007703
GARAN.IS : 0.20464072728170438
PETKM.IS : 0.05053615365802224
TCELL.IS : 0.20677189520115685
THYAO.IS : 0.2500000000945387
YKBNK.IS : 0.0834276952525913

Max Sharpe Ratio Portfolio:
ALARK.IS : 0.20819163702971916
ARCLK.IS : 0.01171522829147308
GUBRF.IS : 0.03427559560369806
ISCTR.IS : 0.2501483726591548
KOZAA.IS : 0.03193624918659695
ODAS.IS : 0.019482576824798845
PETKM.IS : 0.04135595015839226
TAVHL.IS : 0.07445584302269534
TCELL.IS : 0.07867401896501483
THYAO.IS : 0.11962370519544341
TOASO.IS : 0.095388854334144
TUPRS.IS : 0.034751968728869306

Best 5 Return Portfolio:
ISCTR.IS : 0.2
YKBNK.IS : 0.2
AKBNK.IS : 0.2
GARAN.IS : 0.2
PETKM.IS : 0.19999999999999996

Best 10 Return Portfolio:
ISCTR.IS : 0.1
YKBNK.IS : 0.1
AKBNK.IS : 0.1
GARAN.IS : 0.1
PETKM.IS : 0.1
EKGYO.IS : 0.1
TCELL.IS : 0.1
PGSUS.IS : 0.1
KRDMD.IS : 0.1
ALARK.IS : 0.09999999999999998
