Min Volatility Portfolio:
ALARK.IS : 0.05611440885236388
ARCLK.IS : 0.017919540216265763
ENKAI.IS : 0.08567099476027852
FROTO.IS : 0.10352271579841767
GARAN.IS : 0.0679487408995602
HEKTS.IS : 0.08858396514957409
KOZAL.IS : 0.02668163401919469
PGSUS.IS : 0.11665448374829568
SASA.IS : 0.021520532859423555
SISE.IS : 0.08094963539298694
TAVHL.IS : 0.08350951727462225
TCELL.IS : 0.15193440603090033
THYAO.IS : 0.0645722262006083
TUPRS.IS : 0.034417198797508174

Min Daily Loss Portfolio:
GARAN.IS : 0.25000000040231635
HEKTS.IS : 0.2500000009876786
PGSUS.IS : 0.25000000079408485
TCELL.IS : 0.022281621046009645
THYAO.IS : 0.22771837676991058

Max Sharpe Ratio Portfolio:
GARAN.IS : 0.20328399321119286
HEKTS.IS : 0.08678035456981134
KOZAL.IS : 0.02015010942100687
ODAS.IS : 0.2523759986890871
PGSUS.IS : 0.16814889190306206
TCELL.IS : 0.08464030790033727
THYAO.IS : 0.18462034430550248

Best 5 Return Portfolio:
ODAS.IS : 0.2
HEKTS.IS : 0.2
THYAO.IS : 0.2
PGSUS.IS : 0.2
AKBNK.IS : 0.19999999999999996

Best 10 Return Portfolio:
ODAS.IS : 0.1
HEKTS.IS : 0.1
THYAO.IS : 0.1
PGSUS.IS : 0.1
AKBNK.IS : 0.1
YKBNK.IS : 0.1
GARAN.IS : 0.1
KOZAL.IS : 0.1
KOZAA.IS : 0.1
ISCTR.IS : 0.09999999999999998
