Min Volatility Portfolio:
AKBNK.IS : 0.04896617028483682
BIMAS.IS : 0.10623337783436547
ENKAI.IS : 0.1761780151764126
FROTO.IS : 0.04495564858180034
GARAN.IS : 0.14759421017048627
GUBRF.IS : 0.04198968181700758
HEKTS.IS : 0.055350263406125796
ISCTR.IS : 0.04020731071360506
KOZAA.IS : 0.013738065492194548
KOZAL.IS : 0.062355126522171025
KRDMD.IS : 0.01750814255296262
SISE.IS : 0.020950207159715246
TOASO.IS : 0.11555146967056487
TUPRS.IS : 0.10842231061775175

Min Daily Loss Portfolio:
ENKAI.IS : 0.2500000081504591
GARAN.IS : 0.04506578537508085
PGSUS.IS : 0.1297001527857145
SISE.IS : 0.15841421686448517
THYAO.IS : 0.16681982799392048
TUPRS.IS : 0.2500000088303399

Max Sharpe Ratio Portfolio:
ARCLK.IS : 0.13373114267450553
ENKAI.IS : 0.13707182656806075
GARAN.IS : 0.04026909546444198
HEKTS.IS : 0.25029504970795213
KOZAL.IS : 0.09043467908782904
SISE.IS : 0.1156563456380744
THYAO.IS : 0.14041127940302406
TOASO.IS : 0.01690493202434414
TUPRS.IS : 0.07522564943176796

Best 5 Return Portfolio:
HEKTS.IS : 0.2
THYAO.IS : 0.2
ARCLK.IS : 0.2
SISE.IS : 0.2
KOZAL.IS : 0.19999999999999996

Best 10 Return Portfolio:
HEKTS.IS : 0.1
THYAO.IS : 0.1
ARCLK.IS : 0.1
SISE.IS : 0.1
KOZAL.IS : 0.1
ALARK.IS : 0.1
TUPRS.IS : 0.1
ODAS.IS : 0.1
PGSUS.IS : 0.1
TAVHL.IS : 0.09999999999999998
