Min Volatility Portfolio:
ARCLK.IS : 0.040262055004643325
BIMAS.IS : 0.08076520129428362
ENKAI.IS : 0.16542689187003226
FROTO.IS : 0.06086070300606423
GARAN.IS : 0.08194721961947138
GUBRF.IS : 0.08546325119496181
HEKTS.IS : 0.08111685853812042
ISCTR.IS : 0.05855759424901953
KOZAL.IS : 0.08834192121207007
SISE.IS : 0.029301163729715404
TOASO.IS : 0.12518709461461325
TUPRS.IS : 0.10277004566700468

Min Daily Loss Portfolio:
ENKAI.IS : 0.2500000022562044
GARAN.IS : 0.04506575180113591
PGSUS.IS : 0.12970015936889148
SISE.IS : 0.15841424193381054
THYAO.IS : 0.1668198431683625
TUPRS.IS : 0.2500000014715952

Max Sharpe Ratio Portfolio:
ARCLK.IS : 0.07086222310199455
BIMAS.IS : 0.05148953673144762
ENKAI.IS : 0.1570863920200773
FROTO.IS : 0.025954254364777635
GARAN.IS : 0.056676800517195994
GUBRF.IS : 0.03987503271411913
HEKTS.IS : 0.2510838920250087
ISCTR.IS : 0.014889298056320251
ODAS.IS : 0.04078330060010998
SISE.IS : 0.04429368960110612
THYAO.IS : 0.03967576159543182
TOASO.IS : 0.0906173741327486
TUPRS.IS : 0.11671244453966237

Best 5 Return Portfolio:
HEKTS.IS : 0.2
SASA.IS : 0.2
ALARK.IS : 0.2
ARCLK.IS : 0.2
ODAS.IS : 0.19999999999999996

Best 10 Return Portfolio:
HEKTS.IS : 0.1
SASA.IS : 0.1
ALARK.IS : 0.1
ARCLK.IS : 0.1
ODAS.IS : 0.1
SISE.IS : 0.1
THYAO.IS : 0.1
TUPRS.IS : 0.1
GARAN.IS : 0.1
PGSUS.IS : 0.09999999999999998
