Min Volatility Portfolio:
AKBNK.IS : 0.023574073179976094
ALARK.IS : 0.11178702194862339
ARCLK.IS : 0.05987676692019375
ASELS.IS : 0.022833680699861823
BIMAS.IS : 0.04053957264924274
ENKAI.IS : 0.0695301648559413
FROTO.IS : 0.058788742020336626
GARAN.IS : 0.032651585486550116
GUBRF.IS : 0.03269333306513081
KOZAL.IS : 0.05945728067270688
KRDMD.IS : 0.020883571722187327
ODAS.IS : 0.02732521770857853
PETKM.IS : 0.016283605252745748
PGSUS.IS : 0.06746515320637635
SASA.IS : 0.036407137426413785
SISE.IS : 0.048076269698864256
TAVHL.IS : 0.09005049197402874
THYAO.IS : 0.0814173770918914
TOASO.IS : 0.0845633368512277
TUPRS.IS : 0.015795617569122677

Min Daily Loss Portfolio:
ALARK.IS : 0.25252076605099505
ASELS.IS : 0.02593455380903868
EREGL.IS : 0.08511360464046389
GUBRF.IS : 0.13831432029907698
KOZAL.IS : 0.17161868909944705
PETKM.IS : 0.11690172296222248
SASA.IS : 0.09573976631942578
TOASO.IS : 0.11385657681933013

Max Sharpe Ratio Portfolio:
ALARK.IS : 0.10304803683222917
ARCLK.IS : 0.08019091526133187
ASELS.IS : 0.013846416723058752
EKGYO.IS : 0.07242142447885919
EREGL.IS : 0.012709356224550111
KCHOL.IS : 0.028762812617856293
KOZAL.IS : 0.23881627108279624
ODAS.IS : 0.25291631365909367
SASA.IS : 0.1419680915651998
YKBNK.IS : 0.055320361555024934

Best 5 Return Portfolio:
SASA.IS : 0.2
ODAS.IS : 0.2
KOZAL.IS : 0.2
ASELS.IS : 0.2
TOASO.IS : 0.19999999999999996

Best 10 Return Portfolio:
SASA.IS : 0.1
ODAS.IS : 0.1
KOZAL.IS : 0.1
ASELS.IS : 0.1
TOASO.IS : 0.1
EREGL.IS : 0.1
HEKTS.IS : 0.1
TCELL.IS : 0.1
EKGYO.IS : 0.1
ALARK.IS : 0.09999999999999998
