Min Volatility Portfolio:
BIMAS.IS : 0.134395980763916
EKGYO.IS : 0.0494651714332802
ENKAI.IS : 0.0770659089252049
EREGL.IS : 0.0747879938144871
GUBRF.IS : 0.0424714368057569
KCHOL.IS : 0.1236328702922971
KRDMD.IS : 0.0248524974998368
PGSUS.IS : 0.1752484633611418
SASA.IS : 0.12617095068435
TAVHL.IS : 0.022570306216118
TCELL.IS : 0.0379493936124601
THYAO.IS : 0.0365735987680989
TUPRS.IS : 0.0748154278230522

Min Daily Loss Portfolio:
BIMAS.IS : 0.25000000116559046
EKGYO.IS : 0.24975318273654218
ENKAI.IS : 0.07590342772532638
GUBRF.IS : 0.16337934049671243
PGSUS.IS : 0.25000000184314286
SASA.IS : 0.010964046032685736

Max Sharpe Ratio Portfolio:
BIMAS.IS : 0.08541458023052476
ENKAI.IS : 0.2510394600399369
GUBRF.IS : 0.2510394600399369
KCHOL.IS : 0.09155641385568032
KOZAL.IS : 0.07259544605467615
PGSUS.IS : 0.1568419531146402
SASA.IS : 0.06823551404446743
TUPRS.IS : 0.023277172620137346

Best 5 Return Portfolio:
ENKAI.IS : 0.2
KOZAL.IS : 0.2
GUBRF.IS : 0.2
ARCLK.IS : 0.2
EKGYO.IS : 0.19999999999999996

Best 10 Return Portfolio:
ENKAI.IS : 0.1
KOZAL.IS : 0.1
GUBRF.IS : 0.1
ARCLK.IS : 0.1
EKGYO.IS : 0.1
TUPRS.IS : 0.1
KRDMD.IS : 0.1
TCELL.IS : 0.1
TOASO.IS : 0.1
FROTO.IS : 0.09999999999999998
