Min Volatility Portfolio:
AKBNK.IS : 0.02733731494216592
ALARK.IS : 0.08080603458164086
ARCLK.IS : 0.08456940236432528
ASELS.IS : 0.034901754491008706
BIMAS.IS : 0.044705153909467506
ENKAI.IS : 0.056843969195480994
FROTO.IS : 0.07840608480005709
GARAN.IS : 0.027385474796972373
KOZAA.IS : 0.02195000117323295
KOZAL.IS : 0.03811746277893797
ODAS.IS : 0.021358292951367538
PGSUS.IS : 0.07825500016220906
SAHOL.IS : 0.012118791156872309
TAVHL.IS : 0.07512010262616024
TCELL.IS : 0.0604185668714839
THYAO.IS : 0.08867917613676607
TOASO.IS : 0.12350938311565669
YKBNK.IS : 0.04551803394619457

Min Daily Loss Portfolio:
ALARK.IS : 0.13459332802877352
ENKAI.IS : 0.13802254432763647
GUBRF.IS : 0.08209979152741886
KOZAL.IS : 0.19768024334922216
ODAS.IS : 0.06357998044483683
PETKM.IS : 0.03577896063111933
PGSUS.IS : 0.012308008886150475
TOASO.IS : 0.2500000032934436
YKBNK.IS : 0.08593713951139864

Max Sharpe Ratio Portfolio:
AKBNK.IS : 0.041194700604210883
ALARK.IS : 0.10225682968257226
ARCLK.IS : 0.04604821186966846
EKGYO.IS : 0.11587091995396118
ENKAI.IS : 0.02279815182189534
GARAN.IS : 0.041001667751326736
KOZAL.IS : 0.2522797931528038
ODAS.IS : 0.017388642621222687
PGSUS.IS : 0.05907282960171097
TCELL.IS : 0.038473215539812214
THYAO.IS : 0.02516057820119748
TOASO.IS : 0.12731104633868606
YKBNK.IS : 0.11114341286093185

Best 5 Return Portfolio:
KOZAL.IS : 0.2
EKGYO.IS : 0.2
ASELS.IS : 0.2
TCELL.IS : 0.2
KOZAA.IS : 0.19999999999999996

Best 10 Return Portfolio:
KOZAL.IS : 0.1
EKGYO.IS : 0.1
ASELS.IS : 0.1
TCELL.IS : 0.1
KOZAA.IS : 0.1
EREGL.IS : 0.1
ODAS.IS : 0.1
TOASO.IS : 0.1
PETKM.IS : 0.1
GUBRF.IS : 0.09999999999999998
