Min Volatility Portfolio:
ALARK.IS : 0.174120835351078
ARCLK.IS : 0.07455799899835748
EKGYO.IS : 0.14597619617966878
ENKAI.IS : 0.09457569224830664
FROTO.IS : 0.07090526173992362
GUBRF.IS : 0.09181817538250239
KCHOL.IS : 0.038750796959939014
KOZAL.IS : 0.060426711460305316
ODAS.IS : 0.11471146794888241
PGSUS.IS : 0.05133887501444322
TAVHL.IS : 0.03614944036065676
TCELL.IS : 0.03125641043360486
TOASO.IS : 0.01541213792233151

Min Daily Loss Portfolio:
ALARK.IS : 0.25234996665932286
BIMAS.IS : 0.03457126050529479
ENKAI.IS : 0.020509666982190485
FROTO.IS : 0.1383520972490516
GUBRF.IS : 0.1515811396409726
HEKTS.IS : 0.09909613095424673
KOZAA.IS : 0.05118977137532531
ODAS.IS : 0.25234996663359566

Max Sharpe Ratio Portfolio:
ALARK.IS : 0.20696634283030194
EKGYO.IS : 0.0420179290643807
ENKAI.IS : 0.08613701201148469
FROTO.IS : 0.06690202204884582
GUBRF.IS : 0.25452342462828825
HEKTS.IS : 0.040267438183723976
ODAS.IS : 0.2545234192868657
TOASO.IS : 0.048662411946108895

Best 5 Return Portfolio:
ODAS.IS : 0.2
GUBRF.IS : 0.2
ALARK.IS : 0.2
TOASO.IS : 0.2
ISCTR.IS : 0.19999999999999996

Best 10 Return Portfolio:
ODAS.IS : 0.1
GUBRF.IS : 0.1
ALARK.IS : 0.1
TOASO.IS : 0.1
ISCTR.IS : 0.1
HEKTS.IS : 0.1
BIMAS.IS : 0.1
EKGYO.IS : 0.1
FROTO.IS : 0.1
SASA.IS : 0.09999999999999998
