Min Volatility Portfolio:
AKBNK.IS : 0.023040457824742358
ALARK.IS : 0.062271247124965845
ARCLK.IS : 0.09898377419275106
ASELS.IS : 0.03733832114957587
EKGYO.IS : 0.02462920298388663
ENKAI.IS : 0.08041315318710651
FROTO.IS : 0.04376414616061304
GARAN.IS : 0.03529028015232138
GUBRF.IS : 0.0983773030928853
HEKTS.IS : 0.07942709141522439
ISCTR.IS : 0.010342452712776175
KOZAL.IS : 0.028611011613773392
KRDMD.IS : 0.027910895635331303
ODAS.IS : 0.03206080646662501
PETKM.IS : 0.13034120648544095
SASA.IS : 0.08947616398625512
SISE.IS : 0.0306427153499994
TAVHL.IS : 0.02498026195045245
TOASO.IS : 0.04209950851527383

Min Daily Loss Portfolio:
ALARK.IS : 0.16108168604039508
ARCLK.IS : 0.09513506331512782
GARAN.IS : 0.09759040221070897
GUBRF.IS : 0.053910695739317456
HEKTS.IS : 0.09588577472763604
PGSUS.IS : 0.14228763283823367
SASA.IS : 0.2500000000404963
TCELL.IS : 0.09063268065147549
TUPRS.IS : 0.013476064436609106

Max Sharpe Ratio Portfolio:
AKBNK.IS : 0.017243870726872067
ALARK.IS : 0.06362787053133545
ARCLK.IS : 0.05582263768577363
ASELS.IS : 0.02205528275307422
EKGYO.IS : 0.017134023860205988
ENKAI.IS : 0.046362762471214
EREGL.IS : 0.016237181583546943
FROTO.IS : 0.012640910616403827
GARAN.IS : 0.041490844653826804
GUBRF.IS : 0.04899064817182167
HEKTS.IS : 0.2006694889931882
KRDMD.IS : 0.046905844590112745
ODAS.IS : 0.04922612323937639
PETKM.IS : 0.06433790228020116
SASA.IS : 0.24999997845654906
SISE.IS : 0.01618807325867459
TCELL.IS : 0.03106655612782337

Best 5 Return Portfolio:
SASA.IS : 0.2
HEKTS.IS : 0.2
PGSUS.IS : 0.2
TUPRS.IS : 0.2
THYAO.IS : 0.19999999999999996

Best 10 Return Portfolio:
SASA.IS : 0.1
HEKTS.IS : 0.1
PGSUS.IS : 0.1
TUPRS.IS : 0.1
THYAO.IS : 0.1
TCELL.IS : 0.1
SAHOL.IS : 0.1
KOZAA.IS : 0.1
ALARK.IS : 0.1
EREGL.IS : 0.09999999999999998
