Min Volatility Portfolio:
ALARK.IS : 0.05824281078440033
ARCLK.IS : 0.03749298284228018
BIMAS.IS : 0.08655508277490719
EKGYO.IS : 0.012979288771660038
ENKAI.IS : 0.0840274597620146
EREGL.IS : 0.01894439237507796
FROTO.IS : 0.045070136531261296
GARAN.IS : 0.053515494780826796
HEKTS.IS : 0.025572683722831228
KCHOL.IS : 0.018549953555049445
KOZAA.IS : 0.03258442652755262
KOZAL.IS : 0.024758218963334258
KRDMD.IS : 0.07718553249657198
ODAS.IS : 0.06763654780695225
PETKM.IS : 0.049159535419802995
PGSUS.IS : 0.04217753408464958
SASA.IS : 0.04814448740615681
TAVHL.IS : 0.04223828730452217
TCELL.IS : 0.07693641758289324
THYAO.IS : 0.036224873347536254
TOASO.IS : 0.032076104715672904
TUPRS.IS : 0.029927748444045877

Min Daily Loss Portfolio:
ALARK.IS : 0.0594660471626891
ENKAI.IS : 0.1290572709216557
GARAN.IS : 0.12445443330569765
HEKTS.IS : 0.11634455805728217
KOZAL.IS : 0.016362098291206773
PGSUS.IS : 0.09828557865812129
SASA.IS : 0.18091276136629142
TOASO.IS : 0.13600625209461903
TUPRS.IS : 0.1391110001424369

Max Sharpe Ratio Portfolio:
AKBNK.IS : 0.0219161938697094
ENKAI.IS : 0.04449008165403986
GARAN.IS : 0.032557192532343085
HEKTS.IS : 0.09863021795024367
KOZAA.IS : 0.03339316062262636
KRDMD.IS : 0.04406978609893831
ODAS.IS : 0.24900655238627087
PGSUS.IS : 0.09913659415794593
SISE.IS : 0.06752871335609274
TCELL.IS : 0.05461928691334069
THYAO.IS : 0.16631339744860263
TOASO.IS : 0.028503032062710012
TUPRS.IS : 0.016748344889511334
YKBNK.IS : 0.04308744605762508

Best 5 Return Portfolio:
ODAS.IS : 0.2
HEKTS.IS : 0.2
YKBNK.IS : 0.2
THYAO.IS : 0.2
AKBNK.IS : 0.19999999999999996

Best 10 Return Portfolio:
ODAS.IS : 0.1
HEKTS.IS : 0.1
YKBNK.IS : 0.1
THYAO.IS : 0.1
AKBNK.IS : 0.1
SISE.IS : 0.1
ISCTR.IS : 0.1
KOZAA.IS : 0.1
PGSUS.IS : 0.1
EKGYO.IS : 0.09999999999999998
