Min Volatility Portfolio:
AKBNK.IS : 0.024277915153357293
ALARK.IS : 0.010625340644287076
ARCLK.IS : 0.03148978107176947
ASELS.IS : 0.05260302737883519
BIMAS.IS : 0.04346773699490973
EKGYO.IS : 0.05344306171552309
ENKAI.IS : 0.0514204763489457
EREGL.IS : 0.025081813135240494
GARAN.IS : 0.09682533632307413
GUBRF.IS : 0.012386238638232435
KOZAL.IS : 0.013790154216663431
KRDMD.IS : 0.0747628395645154
ODAS.IS : 0.09495742358290461
PETKM.IS : 0.06048260879002116
PGSUS.IS : 0.06354512699504476
SISE.IS : 0.03769869864764348
TCELL.IS : 0.07295787968579863
THYAO.IS : 0.09166062874136811
TOASO.IS : 0.03865400062103623
TUPRS.IS : 0.03217107424313342
YKBNK.IS : 0.017698837507696158

Min Daily Loss Portfolio:
ENKAI.IS : 0.2515726012269192
FROTO.IS : 0.032269911868294004
GARAN.IS : 0.2409038100045938
HEKTS.IS : 0.027324294464952017
KRDMD.IS : 0.035664424007472814
ODAS.IS : 0.09412203008868998
PGSUS.IS : 0.02331297928311352
SASA.IS : 0.11848339639728084
SISE.IS : 0.05248136698286523
THYAO.IS : 0.12386518567581854

Max Sharpe Ratio Portfolio:
ALARK.IS : 0.08485441695077872
ENKAI.IS : 0.02597110629223584
FROTO.IS : 0.04378772935405492
HEKTS.IS : 0.25209140712298234
KOZAA.IS : 0.05056628748291672
KRDMD.IS : 0.20002432682726118
ODAS.IS : 0.23982562994432582
SASA.IS : 0.013609694260704297
TCELL.IS : 0.03490725224082399
THYAO.IS : 0.054362149523916097

Best 5 Return Portfolio:
HEKTS.IS : 0.2
ODAS.IS : 0.2
KRDMD.IS : 0.2
SASA.IS : 0.2
ALARK.IS : 0.19999999999999996

Best 10 Return Portfolio:
HEKTS.IS : 0.1
ODAS.IS : 0.1
KRDMD.IS : 0.1
SASA.IS : 0.1
ALARK.IS : 0.1
KOZAA.IS : 0.1
KOZAL.IS : 0.1
ENKAI.IS : 0.1
EREGL.IS : 0.1
KCHOL.IS : 0.09999999999999998
