Min Volatility Portfolio:
AKBNK.IS : 0.014481929003040264
ALARK.IS : 0.11313049963266146
ARCLK.IS : 0.04037094944368238
ASELS.IS : 0.029304850111048344
BIMAS.IS : 0.03050254899134207
EKGYO.IS : 0.0686783096845329
ENKAI.IS : 0.040104437422552194
EREGL.IS : 0.016500748521091454
FROTO.IS : 0.06213046902884176
GARAN.IS : 0.05623265928258159
GUBRF.IS : 0.03592155342191369
KCHOL.IS : 0.02614889134983552
KOZAA.IS : 0.05509518996795507
KOZAL.IS : 0.027177873970190013
ODAS.IS : 0.06482947189049419
PETKM.IS : 0.0167236356521657
PGSUS.IS : 0.052242869120610685
TAVHL.IS : 0.040605245380250406
THYAO.IS : 0.04993485353928704
TOASO.IS : 0.10154582945510707
TUPRS.IS : 0.058337185130816344

Min Daily Loss Portfolio:
ALARK.IS : 0.1469420020726523
EKGYO.IS : 0.01087288531102632
FROTO.IS : 0.010562022642949923
GARAN.IS : 0.06450525154927825
GUBRF.IS : 0.0958064046637566
ODAS.IS : 0.09008153363095009
TAVHL.IS : 0.11168648710016742
TOASO.IS : 0.2527535327609345
TUPRS.IS : 0.2167898802682846

Max Sharpe Ratio Portfolio:
AKBNK.IS : 0.014627252123827544
ALARK.IS : 0.06897284079215563
BIMAS.IS : 0.07145584142655227
EKGYO.IS : 0.04195595910261632
ENKAI.IS : 0.014716269152507006
FROTO.IS : 0.07580616496444684
GARAN.IS : 0.0553947922091473
GUBRF.IS : 0.12114180725511323
KOZAA.IS : 0.038205576614374875
ODAS.IS : 0.12181187624489782
SAHOL.IS : 0.035138795463899974
TAVHL.IS : 0.018405902261457996
THYAO.IS : 0.09562998487279725
TOASO.IS : 0.17650842503187475
TUPRS.IS : 0.03340918656286149
YKBNK.IS : 0.016819325921469754

Best 5 Return Portfolio:
ODAS.IS : 0.2
TOASO.IS : 0.2
GUBRF.IS : 0.2
ISCTR.IS : 0.2
THYAO.IS : 0.19999999999999996

Best 10 Return Portfolio:
ODAS.IS : 0.1
TOASO.IS : 0.1
GUBRF.IS : 0.1
ISCTR.IS : 0.1
THYAO.IS : 0.1
YKBNK.IS : 0.1
SASA.IS : 0.1
BIMAS.IS : 0.1
HEKTS.IS : 0.1
GARAN.IS : 0.09999999999999998
