Min Volatility Portfolio:
ALARK.IS : 0.03434468795841366
ARCLK.IS : 0.03298062519015159
BIMAS.IS : 0.07161320381474197
ENKAI.IS : 0.09875324772174732
FROTO.IS : 0.059441049260815365
GARAN.IS : 0.07600479041271899
HEKTS.IS : 0.022280048393743694
KCHOL.IS : 0.017999483695235633
KOZAA.IS : 0.02258816337416835
KRDMD.IS : 0.07013618227638634
ODAS.IS : 0.08993125580803588
PETKM.IS : 0.05842437786177518
PGSUS.IS : 0.05656352565248479
SASA.IS : 0.0543778797155187
TAVHL.IS : 0.0650909293633231
TCELL.IS : 0.06391055584447605
THYAO.IS : 0.05669654839323423
TOASO.IS : 0.04886344526302913

Min Daily Loss Portfolio:
ENKAI.IS : 0.1545563532738049
FROTO.IS : 0.07792321628875175
GARAN.IS : 0.24999999563850817
HEKTS.IS : 0.04898909559831879
ODAS.IS : 0.07040736985455615
SASA.IS : 0.19234629000626605
TAVHL.IS : 0.05748419965869472
THYAO.IS : 0.07048691566745331
TOASO.IS : 0.05933922405961228
TUPRS.IS : 0.01846733995403391

Max Sharpe Ratio Portfolio:
ENKAI.IS : 0.056866955745761505
HEKTS.IS : 0.25743188783373655
KCHOL.IS : 0.06233933884475797
KRDMD.IS : 0.06133575565422894
ODAS.IS : 0.11374895283004861
PGSUS.IS : 0.0972509000238465
SAHOL.IS : 0.03966696880912393
TAVHL.IS : 0.04507691080653205
TCELL.IS : 0.031973025323349856
THYAO.IS : 0.19384119822580237
TUPRS.IS : 0.040468105902811656

Best 5 Return Portfolio:
HEKTS.IS : 0.2
ODAS.IS : 0.2
ALARK.IS : 0.2
KCHOL.IS : 0.2
THYAO.IS : 0.19999999999999996

Best 10 Return Portfolio:
HEKTS.IS : 0.1
ODAS.IS : 0.1
ALARK.IS : 0.1
KCHOL.IS : 0.1
THYAO.IS : 0.1
ISCTR.IS : 0.1
YKBNK.IS : 0.1
SAHOL.IS : 0.1
AKBNK.IS : 0.1
PGSUS.IS : 0.09999999999999998
