Min Volatility Portfolio:
ALARK.IS : 0.04196628741900732
ARCLK.IS : 0.016085920083911492
BIMAS.IS : 0.07934218992471578
ENKAI.IS : 0.06741349102578359
EREGL.IS : 0.030431874159733502
FROTO.IS : 0.07612814694027582
GARAN.IS : 0.08644738628340723
HEKTS.IS : 0.054795019289222875
KOZAL.IS : 0.036310001187518065
KRDMD.IS : 0.02008823795855756
ODAS.IS : 0.08897999677213567
PGSUS.IS : 0.11238999440493923
SASA.IS : 0.025758478440697334
SISE.IS : 0.024142138767916554
TAVHL.IS : 0.04557133086847725
TCELL.IS : 0.07926597801555323
THYAO.IS : 0.050638020976173106
TUPRS.IS : 0.06424550748197436

Min Daily Loss Portfolio:
GARAN.IS : 0.24999999981196422
HEKTS.IS : 0.04086349496767642
KOZAL.IS : 0.02349145166333363
ODAS.IS : 0.2037968893417155
PGSUS.IS : 0.2500000003167172
THYAO.IS : 0.06568357390553535
TUPRS.IS : 0.16616458999305753

Max Sharpe Ratio Portfolio:
AKBNK.IS : 0.08235227192514526
GARAN.IS : 0.07531668508758822
KOZAA.IS : 0.0278688843395949
KOZAL.IS : 0.013797422285944456
ODAS.IS : 0.22710273084617927
PGSUS.IS : 0.16086911952402824
SISE.IS : 0.023679286396030615
THYAO.IS : 0.241883728653541
TUPRS.IS : 0.06270872707883257
YKBNK.IS : 0.08442114386311558

Best 5 Return Portfolio:
ODAS.IS : 0.2
THYAO.IS : 0.2
PGSUS.IS : 0.2
YKBNK.IS : 0.2
AKBNK.IS : 0.19999999999999996

Best 10 Return Portfolio:
ODAS.IS : 0.1
THYAO.IS : 0.1
PGSUS.IS : 0.1
YKBNK.IS : 0.1
AKBNK.IS : 0.1
ISCTR.IS : 0.1
SAHOL.IS : 0.1
SISE.IS : 0.1
TUPRS.IS : 0.1
EKGYO.IS : 0.09999999999999998
