Min Volatility Portfolio:
AKBNK.IS : 0.032409512576846065
ALARK.IS : 0.10301853141343904
ARCLK.IS : 0.05314326151492214
ASELS.IS : 0.03847512416745333
BIMAS.IS : 0.025049535295431052
ENKAI.IS : 0.052795308360481505
FROTO.IS : 0.09401792141582298
GARAN.IS : 0.024141834048837067
KCHOL.IS : 0.010268990148106482
KOZAA.IS : 0.0480357286362971
KRDMD.IS : 0.03683536624253053
PGSUS.IS : 0.0705354315860905
TAVHL.IS : 0.08665024177654175
TCELL.IS : 0.04400993694762849
THYAO.IS : 0.1206786170501542
TOASO.IS : 0.10839774975413669
TUPRS.IS : 0.01962543087122107
YKBNK.IS : 0.03191147819406011

Min Daily Loss Portfolio:
ALARK.IS : 0.1841206385764729
ASELS.IS : 0.01453011464829862
ENKAI.IS : 0.06229979182850619
FROTO.IS : 0.11014848599187878
HEKTS.IS : 0.061497555804169685
KOZAL.IS : 0.11329206632732226
ODAS.IS : 0.013837809100215837
THYAO.IS : 0.25000000003854245
TOASO.IS : 0.1755815773598963
YKBNK.IS : 0.014691960324696954

Max Sharpe Ratio Portfolio:
AKBNK.IS : 0.03507840670630453
ALARK.IS : 0.07954120271425771
ARCLK.IS : 0.035859534170862496
ENKAI.IS : 0.05358961328335831
FROTO.IS : 0.05592038011924016
GARAN.IS : 0.043170101556194856
GUBRF.IS : 0.052542903258399595
KOZAL.IS : 0.2501226184688128
PGSUS.IS : 0.039182054066495095
TAVHL.IS : 0.04478731379935967
THYAO.IS : 0.14874644806659856
TOASO.IS : 0.07853693464061812
YKBNK.IS : 0.08292248914949814

Best 5 Return Portfolio:
KOZAL.IS : 0.2
EKGYO.IS : 0.2
KOZAA.IS : 0.2
GUBRF.IS : 0.2
ASELS.IS : 0.19999999999999996

Best 10 Return Portfolio:
KOZAL.IS : 0.1
EKGYO.IS : 0.1
KOZAA.IS : 0.1
GUBRF.IS : 0.1
ASELS.IS : 0.1
ENKAI.IS : 0.1
THYAO.IS : 0.1
TOASO.IS : 0.1
PETKM.IS : 0.1
KRDMD.IS : 0.09999999999999998
