Min Volatility Portfolio:
ALARK.IS : 0.25
ARCLK.IS : 0.0577484569011626
BIMAS.IS : 0.1037816324597158
ENKAI.IS : 0.1898984633345964
FROTO.IS : 0.0654267274706039
GARAN.IS : 0.1043063956547809
HEKTS.IS : 0.0188915750153718
SASA.IS : 0.0431184977223297
TAVHL.IS : 0.0458576787465629
TUPRS.IS : 0.1209705726948761

Min Daily Loss Portfolio:
ALARK.IS : 0.250000001133435
BIMAS.IS : 0.25000000015788
ENKAI.IS : 0.2500000003768697
FROTO.IS : 0.08985814830300201
GARAN.IS : 0.16014185002881337

Max Sharpe Ratio Portfolio:
ALARK.IS : 0.24999999836276476
BIMAS.IS : 0.01660454976349219
ENKAI.IS : 0.1300851286570482
FROTO.IS : 0.022128524414288385
GARAN.IS : 0.11554694176376423
HEKTS.IS : 0.24999999239301757
KOZAL.IS : 0.0903117009210702
ODAS.IS : 0.017078692371997974
PGSUS.IS : 0.04100236901799806
SASA.IS : 0.022373801840040317
TAVHL.IS : 0.012326581347947991
TUPRS.IS : 0.03254171914657009

Best 5 Return Portfolio:
ALARK.IS : 0.2
HEKTS.IS : 0.2
KOZAL.IS : 0.2
SASA.IS : 0.2
ODAS.IS : 0.19999999999999996

Best 10 Return Portfolio:
ALARK.IS : 0.1
HEKTS.IS : 0.1
KOZAL.IS : 0.1
SASA.IS : 0.1
ODAS.IS : 0.1
PGSUS.IS : 0.1
GUBRF.IS : 0.1
ASELS.IS : 0.1
KOZAA.IS : 0.1
SISE.IS : 0.09999999999999998
