Min Volatility Portfolio:
ALARK.IS : 0.13165331823017362
ARCLK.IS : 0.048162700773156604
BIMAS.IS : 0.08482975485203681
ENKAI.IS : 0.10408248607716701
FROTO.IS : 0.05862311361618481
GUBRF.IS : 0.040562309856652004
KOZAA.IS : 0.04414756410015501
KOZAL.IS : 0.019113584490457903
ODAS.IS : 0.09527608443219432
PETKM.IS : 0.018310938632452204
TAVHL.IS : 0.09349644680719911
TCELL.IS : 0.021382441976701402
THYAO.IS : 0.06125779454594571
TOASO.IS : 0.09366349470102991
TUPRS.IS : 0.08543796690849371

Min Daily Loss Portfolio:
ALARK.IS : 0.23462469849342069
BIMAS.IS : 0.21925502325909468
GARAN.IS : 0.0847966257623027
PETKM.IS : 0.04417889262677155
THYAO.IS : 0.25139017535792846
TUPRS.IS : 0.16575458450048203

Max Sharpe Ratio Portfolio:
ALARK.IS : 0.18632028455167296
ENKAI.IS : 0.02970601462405974
GARAN.IS : 0.2506366753780454
GUBRF.IS : 0.03790022583529943
ODAS.IS : 0.029110948292212724
PETKM.IS : 0.21888599681157894
TOASO.IS : 0.09512376054029567
TUPRS.IS : 0.039293947769175344
YKBNK.IS : 0.11302214619765986

Best 5 Return Portfolio:
GARAN.IS : 0.2
YKBNK.IS : 0.2
PETKM.IS : 0.2
AKBNK.IS : 0.2
ISCTR.IS : 0.19999999999999996

Best 10 Return Portfolio:
GARAN.IS : 0.1
YKBNK.IS : 0.1
PETKM.IS : 0.1
AKBNK.IS : 0.1
ISCTR.IS : 0.1
ALARK.IS : 0.1
TCELL.IS : 0.1
THYAO.IS : 0.1
KCHOL.IS : 0.1
GUBRF.IS : 0.09999999999999998
