Min Volatility Portfolio:
ARCLK.IS : 0.13231068832785192
ASELS.IS : 0.051206842838702644
ENKAI.IS : 0.18696743104888067
FROTO.IS : 0.076183663682752
GARAN.IS : 0.17680797410826965
ISCTR.IS : 0.017036064106041093
KCHOL.IS : 0.010882928129025249
SISE.IS : 0.07245354333797412
TCELL.IS : 0.14929131800908801
THYAO.IS : 0.05330342542648738
TUPRS.IS : 0.07355612098492742

Min Daily Loss Portfolio:
ARCLK.IS : 0.25000000017933194
ENKAI.IS : 0.24999999943072682
GARAN.IS : 0.11275713396198517
HEKTS.IS : 0.09425210737399448
SISE.IS : 0.028223221042673646
TCELL.IS : 0.015766108705235305
THYAO.IS : 0.2490014293060528

Max Sharpe Ratio Portfolio:
ARCLK.IS : 0.16668133630732376
ENKAI.IS : 0.2020210520715062
GARAN.IS : 0.10232005949191286
HEKTS.IS : 0.2523726624445797
SISE.IS : 0.07906440640128617
TCELL.IS : 0.09094199771594674
THYAO.IS : 0.050970290570930235
TUPRS.IS : 0.05562819499651424

Best 5 Return Portfolio:
HEKTS.IS : 0.2
KOZAL.IS : 0.2
SISE.IS : 0.2
THYAO.IS : 0.2
GARAN.IS : 0.19999999999999996

Best 10 Return Portfolio:
HEKTS.IS : 0.1
KOZAL.IS : 0.1
SISE.IS : 0.1
THYAO.IS : 0.1
GARAN.IS : 0.1
ALARK.IS : 0.1
ARCLK.IS : 0.1
KCHOL.IS : 0.1
ENKAI.IS : 0.1
TUPRS.IS : 0.09999999999999998
