Min Volatility Portfolio:
ARCLK.IS : 0.07369560386692063
ASELS.IS : 0.06521239176360101
BIMAS.IS : 0.07655438247310463
EKGYO.IS : 0.027131898670103415
ENKAI.IS : 0.07879505298890163
FROTO.IS : 0.04869268223653569
KOZAA.IS : 0.06994575112496569
KOZAL.IS : 0.09891438543813597
KRDMD.IS : 0.017419737274522108
ODAS.IS : 0.04845239329075453
PGSUS.IS : 0.037804557285408845
SAHOL.IS : 0.02662183000642687
SASA.IS : 0.025466569182352867
TAVHL.IS : 0.011945794040203083
TCELL.IS : 0.0799371031635773
TOASO.IS : 0.10031156685857513
TUPRS.IS : 0.11309830033591065

Min Daily Loss Portfolio:
ARCLK.IS : 0.25005071664843354
BIMAS.IS : 0.11239334504542983
FROTO.IS : 0.10688355528728259
ISCTR.IS : 0.030514330079368986
KOZAA.IS : 0.181723183282378
KOZAL.IS : 0.05962917320931313
ODAS.IS : 0.03875121387099754
PGSUS.IS : 0.11118626883310963
TOASO.IS : 0.057499818934175904
TUPRS.IS : 0.051368394809510796

Max Sharpe Ratio Portfolio:
ARCLK.IS : 0.15659375789954605
ENKAI.IS : 0.05170879630273476
GUBRF.IS : 0.04517096612729074
ISCTR.IS : 0.24999999980088394
KOZAA.IS : 0.026414116074321314
KOZAL.IS : 0.12513035438330156
KRDMD.IS : 0.023508533227158013
ODAS.IS : 0.08740214649716925
SASA.IS : 0.018703116742075792
TOASO.IS : 0.2011349051211107
TUPRS.IS : 0.014233307824407774

Best 5 Return Portfolio:
ISCTR.IS : 0.2
TOASO.IS : 0.2
GUBRF.IS : 0.2
ARCLK.IS : 0.2
ODAS.IS : 0.19999999999999996

Best 10 Return Portfolio:
ISCTR.IS : 0.1
TOASO.IS : 0.1
GUBRF.IS : 0.1
ARCLK.IS : 0.1
ODAS.IS : 0.1
YKBNK.IS : 0.1
KRDMD.IS : 0.1
SASA.IS : 0.1
ENKAI.IS : 0.1
ALARK.IS : 0.09999999999999998
