Min Volatility Portfolio:
BIMAS.IS : 0.1172989203991932
ENKAI.IS : 0.07222813409642959
FROTO.IS : 0.05268374861738371
GARAN.IS : 0.1374064643450875
GUBRF.IS : 0.08180925835188582
HEKTS.IS : 0.013005096964821359
ISCTR.IS : 0.12159955878119427
ODAS.IS : 0.04882984676959606
PGSUS.IS : 0.02170244345105639
SASA.IS : 0.07969627335314142
SISE.IS : 0.08413353798732359
TOASO.IS : 0.0850557255629433
YKBNK.IS : 0.0845509913199439

Min Daily Loss Portfolio:
AKBNK.IS : 0.24999999776187168
BIMAS.IS : 0.2500000007795553
GARAN.IS : 0.10158961700260995
GUBRF.IS : 0.06377043565683177
ISCTR.IS : 0.018344868238000883
ODAS.IS : 0.06629509120601895
TOASO.IS : 0.24999998935511156

Max Sharpe Ratio Portfolio:
AKBNK.IS : 0.03204188461651165
BIMAS.IS : 0.21276433881976936
ISCTR.IS : 0.2499999999991817
KRDMD.IS : 0.2499999999991817
TOASO.IS : 0.044593023204852554
YKBNK.IS : 0.21060075336050302

Best 5 Return Portfolio:
ISCTR.IS : 0.2
AKBNK.IS : 0.2
KRDMD.IS : 0.2
YKBNK.IS : 0.2
TUPRS.IS : 0.19999999999999996

Best 10 Return Portfolio:
ISCTR.IS : 0.1
AKBNK.IS : 0.1
KRDMD.IS : 0.1
YKBNK.IS : 0.1
TUPRS.IS : 0.1
BIMAS.IS : 0.1
ARCLK.IS : 0.1
SISE.IS : 0.1
ASELS.IS : 0.1
GARAN.IS : 0.09999999999999998
