Min Volatility Portfolio:
AKBNK.IS : 0.0593224695568622
BIMAS.IS : 0.0487323446384731
ENKAI.IS : 0.0670377214954481
EREGL.IS : 0.021377972418582
FROTO.IS : 0.0632160245214509
GARAN.IS : 0.1091974506197872
GUBRF.IS : 0.1180140360797226
HEKTS.IS : 0.0519262090497702
KCHOL.IS : 0.0411395822957582
ODAS.IS : 0.095947669699977
SASA.IS : 0.0511865990363302
SISE.IS : 0.0782110187071958
TOASO.IS : 0.1064620119520241
YKBNK.IS : 0.0882288899286184

Min Daily Loss Portfolio:
AKBNK.IS : 0.2499999995073775
BIMAS.IS : 0.2500000001303269
ENKAI.IS : 0.03598148308718804
GARAN.IS : 0.10368800993828671
GUBRF.IS : 0.026394488181503358
ISCTR.IS : 0.02772044389695464
ODAS.IS : 0.056215576238525945
TOASO.IS : 0.24999999901983688

Max Sharpe Ratio Portfolio:
BIMAS.IS : 0.0984162009893679
ENKAI.IS : 0.13146303605836804
FROTO.IS : 0.022822977936362277
GARAN.IS : 0.10208564526229667
GUBRF.IS : 0.06241155638435607
HEKTS.IS : 0.015822274704914426
ISCTR.IS : 0.24999999997111771
KOZAA.IS : 0.05339216265248266
ODAS.IS : 0.05991320606620545
SISE.IS : 0.032475407515719354
TOASO.IS : 0.15559751280374645
YKBNK.IS : 0.015600019655063043

Best 5 Return Portfolio:
ISCTR.IS : 0.2
KOZAA.IS : 0.2
BIMAS.IS : 0.2
ENKAI.IS : 0.2
TUPRS.IS : 0.19999999999999996

Best 10 Return Portfolio:
ISCTR.IS : 0.1
KOZAA.IS : 0.1
BIMAS.IS : 0.1
ENKAI.IS : 0.1
TUPRS.IS : 0.1
ASELS.IS : 0.1
KOZAL.IS : 0.1
SISE.IS : 0.1
TCELL.IS : 0.1
GUBRF.IS : 0.09999999999999998
