Min Volatility Portfolio:
ASELS.IS : 0.22301365547146634
BIMAS.IS : 0.16868469049675996
ENKAI.IS : 0.049597274597846124
FROTO.IS : 0.024812604904886244
GUBRF.IS : 0.036782482268339925
HEKTS.IS : 0.08942155671211799
ODAS.IS : 0.047469810014701
SAHOL.IS : 0.045662222954013315
SISE.IS : 0.20643751262513224
TOASO.IS : 0.10811818995473679

Min Daily Loss Portfolio:
AKBNK.IS : 0.09321138626312199
ARCLK.IS : 0.2278019486137718
ASELS.IS : 0.10515189180927123
GUBRF.IS : 0.0943077372935988
SASA.IS : 0.250000000220668
TOASO.IS : 0.22952703579956824

Max Sharpe Ratio Portfolio:
ASELS.IS : 0.018652483348111724
BIMAS.IS : 0.24999999999988473
GUBRF.IS : 0.2500000000001666
HEKTS.IS : 0.02433877640819044
KCHOL.IS : 0.0756388459870122
ODAS.IS : 0.09344512248043294
PETKM.IS : 0.03792477177618294
YKBNK.IS : 0.25000000000001854

Best 5 Return Portfolio:
YKBNK.IS : 0.2
ODAS.IS : 0.2
GUBRF.IS : 0.2
BIMAS.IS : 0.2
PETKM.IS : 0.19999999999999996

Best 10 Return Portfolio:
YKBNK.IS : 0.1
ODAS.IS : 0.1
GUBRF.IS : 0.1
BIMAS.IS : 0.1
PETKM.IS : 0.1
TAVHL.IS : 0.1
FROTO.IS : 0.1
KCHOL.IS : 0.1
ASELS.IS : 0.1
HEKTS.IS : 0.09999999999999998
