Min Volatility Portfolio:
ASELS.IS : 0.027748456541068306
BIMAS.IS : 0.22982658552252846
ENKAI.IS : 0.016538300772794872
FROTO.IS : 0.07300398707408466
GARAN.IS : 0.10933298220672355
GUBRF.IS : 0.06470161368181768
HEKTS.IS : 0.0437869664314511
ISCTR.IS : 0.1863575702191244
KCHOL.IS : 0.048653975843339164
ODAS.IS : 0.018717251211175043
PETKM.IS : 0.011605521954150691
SASA.IS : 0.08915345165796013
YKBNK.IS : 0.08057333688378195

Min Daily Loss Portfolio:
AKBNK.IS : 0.018686886459374396
ASELS.IS : 0.045030551706555864
BIMAS.IS : 0.2507525646272942
GUBRF.IS : 0.05549126838108062
ISCTR.IS : 0.25075256476223257
PETKM.IS : 0.10766483612046467
TUPRS.IS : 0.02086876353314433
YKBNK.IS : 0.25075256440985344

Max Sharpe Ratio Portfolio:
BIMAS.IS : 0.24999999997433542
ISCTR.IS : 0.052908535320291855
KCHOL.IS : 0.015060022100792016
KRDMD.IS : 0.18203144260368867
PETKM.IS : 0.25000000001522926
YKBNK.IS : 0.2499999999856628

Best 5 Return Portfolio:
BIMAS.IS : 0.2
KRDMD.IS : 0.2
PETKM.IS : 0.2
TUPRS.IS : 0.2
YKBNK.IS : 0.19999999999999996

Best 10 Return Portfolio:
BIMAS.IS : 0.1
KRDMD.IS : 0.1
PETKM.IS : 0.1
TUPRS.IS : 0.1
YKBNK.IS : 0.1
KCHOL.IS : 0.1
TAVHL.IS : 0.1
ASELS.IS : 0.1
ODAS.IS : 0.1
TOASO.IS : 0.09999999999999998
