Min Volatility Portfolio:
AKBNK.IS : 0.021348389493775554
ARCLK.IS : 0.011846909701172241
EKGYO.IS : 0.019146670637276392
ENKAI.IS : 0.10004262089095661
EREGL.IS : 0.02103064097857811
FROTO.IS : 0.14278838097551
GARAN.IS : 0.07377179934717218
GUBRF.IS : 0.2512581635965612
HEKTS.IS : 0.08013266929328185
KCHOL.IS : 0.14448867550364208
PGSUS.IS : 0.050129523049570746
YKBNK.IS : 0.08401555653250296

Min Daily Loss Portfolio:
GARAN.IS : 0.1356377395034826
GUBRF.IS : 0.18523524664161567
ISCTR.IS : 0.25000000002192724
KCHOL.IS : 0.24999999997542305
TUPRS.IS : 0.1791270138575515

Max Sharpe Ratio Portfolio:
ALARK.IS : 0.048581557993432306
EKGYO.IS : 0.025225473190911785
FROTO.IS : 0.01749600209817795
GARAN.IS : 0.12975057151306257
GUBRF.IS : 0.2519539349184117
ISCTR.IS : 0.25195393495593954
TUPRS.IS : 0.25195393495593954
YKBNK.IS : 0.023084590374124647

Best 5 Return Portfolio:
TUPRS.IS : 0.2
ISCTR.IS : 0.2
ALARK.IS : 0.2
GARAN.IS : 0.2
YKBNK.IS : 0.19999999999999996

Best 10 Return Portfolio:
TUPRS.IS : 0.1
ISCTR.IS : 0.1
ALARK.IS : 0.1
GARAN.IS : 0.1
YKBNK.IS : 0.1
BIMAS.IS : 0.1
PETKM.IS : 0.1
TAVHL.IS : 0.1
EREGL.IS : 0.1
TCELL.IS : 0.09999999999999998
