Min Volatility Portfolio:
BIMAS.IS : 0.15768169391620723
EKGYO.IS : 0.17674973321571905
EREGL.IS : 0.06244984399296556
FROTO.IS : 0.05700759591986557
GARAN.IS : 0.015230420472544767
GUBRF.IS : 0.0628463895633341
ISCTR.IS : 0.03953792321497334
PETKM.IS : 0.018812991020316527
PGSUS.IS : 0.05547887730668523
SASA.IS : 0.02938166649238986
TAVHL.IS : 0.1814403577140477
TCELL.IS : 0.03674383032330508
TUPRS.IS : 0.05250588879968339
YKBNK.IS : 0.05413278804796269

Min Daily Loss Portfolio:
AKBNK.IS : 0.01030648118512777
BIMAS.IS : 0.25000000043948395
EKGYO.IS : 0.21219022877115545
GUBRF.IS : 0.1749066085225452
PGSUS.IS : 0.1227654392254915
TAVHL.IS : 0.02534845069821766
TCELL.IS : 0.2044827911579784

Max Sharpe Ratio Portfolio:
AKBNK.IS : 0.02729106098765759
ASELS.IS : 0.04247738470004237
EKGYO.IS : 0.14155922056314157
GARAN.IS : 0.1588420867948472
GUBRF.IS : 0.03317571913833595
ODAS.IS : 0.25014244580884104
TAVHL.IS : 0.14147406882179364
TCELL.IS : 0.2050380131853407

Best 5 Return Portfolio:
ODAS.IS : 0.2
TCELL.IS : 0.2
AKBNK.IS : 0.2
ALARK.IS : 0.2
GARAN.IS : 0.19999999999999996

Best 10 Return Portfolio:
ODAS.IS : 0.1
TCELL.IS : 0.1
AKBNK.IS : 0.1
ALARK.IS : 0.1
GARAN.IS : 0.1
ASELS.IS : 0.1
PGSUS.IS : 0.1
TUPRS.IS : 0.1
KCHOL.IS : 0.1
BIMAS.IS : 0.09999999999999998
