Min Volatility Portfolio:
AKBNK.IS : 0.03505350193243533
ALARK.IS : 0.053776903691727745
ARCLK.IS : 0.022192524749975382
ASELS.IS : 0.02435537881255348
BIMAS.IS : 0.05105983110979451
EKGYO.IS : 0.021732070746888824
ENKAI.IS : 0.035783130006175036
EREGL.IS : 0.038381835950013085
FROTO.IS : 0.04036268088247466
GARAN.IS : 0.03389544390472676
GUBRF.IS : 0.051536167093923564
HEKTS.IS : 0.02578839608503438
ISCTR.IS : 0.04023580871892589
KCHOL.IS : 0.02648237154813278
KOZAA.IS : 0.04097874892507471
KOZAL.IS : 0.0427683922202455
KRDMD.IS : 0.02666416134172574
ODAS.IS : 0.048625241022415513
PETKM.IS : 0.04386425750411069
PGSUS.IS : 0.02757013769504657
SAHOL.IS : 0.030676435593341805
SISE.IS : 0.02274869970373894
TAVHL.IS : 0.02504028141368734
TCELL.IS : 0.03273575746367466
THYAO.IS : 0.03548787607021854
TOASO.IS : 0.045845813752130156
TUPRS.IS : 0.037283835580059176
YKBNK.IS : 0.039074316481749284

Min Daily Loss Portfolio:
ALARK.IS : 0.2500000000754578
FROTO.IS : 0.2499999998773909
ODAS.IS : 0.122885750770865
THYAO.IS : 0.1271142493552619
TOASO.IS : 0.2499999999210243

Max Sharpe Ratio Portfolio:
ALARK.IS : 0.13058235793952352
ASELS.IS : 0.014191387694963939
FROTO.IS : 0.02170652548292135
KOZAA.IS : 0.02595661548323095
KOZAL.IS : 0.08093665931761211
KRDMD.IS : 0.071415557345877
ODAS.IS : 0.1406711233140206
PGSUS.IS : 0.18687521906197535
SASA.IS : 0.041051132189339735
TAVHL.IS : 0.0661759992174529
THYAO.IS : 0.19347997599639238
TOASO.IS : 0.013451473758475736
YKBNK.IS : 0.01350597319821452

Best 5 Return Portfolio:
SASA.IS : 0.2
KOZAL.IS : 0.2
KOZAA.IS : 0.2
KRDMD.IS : 0.2
THYAO.IS : 0.19999999999999996

Best 10 Return Portfolio:
SASA.IS : 0.1
KOZAL.IS : 0.1
KOZAA.IS : 0.1
KRDMD.IS : 0.1
THYAO.IS : 0.1
PGSUS.IS : 0.1
ALARK.IS : 0.1
ODAS.IS : 0.1
EKGYO.IS : 0.1
ASELS.IS : 0.09999999999999998
