Min Volatility Portfolio:
ARCLK.IS : 0.010708042812405406
BIMAS.IS : 0.14286006830936387
EKGYO.IS : 0.1938463275542699
ENKAI.IS : 0.01354044938417971
EREGL.IS : 0.05256340055658866
FROTO.IS : 0.07368817923197378
GUBRF.IS : 0.07229532093651232
HEKTS.IS : 0.021685581380468603
ISCTR.IS : 0.030337360174477173
PETKM.IS : 0.0228894371844643
PGSUS.IS : 0.04462844747889482
SASA.IS : 0.0663845312994679
TAVHL.IS : 0.15259555108082581
TCELL.IS : 0.018884487777112973
TUPRS.IS : 0.018867111680207518
YKBNK.IS : 0.06422570315878724

Min Daily Loss Portfolio:
BIMAS.IS : 0.25000000009777057
EKGYO.IS : 0.19481548140617808
GUBRF.IS : 0.14540814439811067
ISCTR.IS : 0.034706297048893046
PGSUS.IS : 0.11085929860438547
SASA.IS : 0.09890739654075867
TCELL.IS : 0.16530338190390342

Max Sharpe Ratio Portfolio:
AKBNK.IS : 0.07043687843633241
ALARK.IS : 0.2466942883463862
BIMAS.IS : 0.10099784964419879
GARAN.IS : 0.24999999980951393
GUBRF.IS : 0.019451692033398055
PGSUS.IS : 0.24999999980951393
TAVHL.IS : 0.021372566183762497
TCELL.IS : 0.04104672573689419

Best 5 Return Portfolio:
GARAN.IS : 0.2
ALARK.IS : 0.2
AKBNK.IS : 0.2
PGSUS.IS : 0.2
TCELL.IS : 0.19999999999999996

Best 10 Return Portfolio:
GARAN.IS : 0.1
ALARK.IS : 0.1
AKBNK.IS : 0.1
PGSUS.IS : 0.1
TCELL.IS : 0.1
ASELS.IS : 0.1
ODAS.IS : 0.1
BIMAS.IS : 0.1
SAHOL.IS : 0.1
THYAO.IS : 0.09999999999999998
