Min Volatility Portfolio:
ALARK.IS : 0.0320220388196068
ARCLK.IS : 0.06317480796917561
ENKAI.IS : 0.06450839757922652
FROTO.IS : 0.10075616469499697
GARAN.IS : 0.0125993359537732
GUBRF.IS : 0.25183484955275065
HEKTS.IS : 0.07036756893739962
ISCTR.IS : 0.062199990113281596
KCHOL.IS : 0.029615966871219392
PGSUS.IS : 0.0567267480995648
SASA.IS : 0.015015588103042063
TAVHL.IS : 0.12282244317838253
THYAO.IS : 0.04588812142243229
TUPRS.IS : 0.02224068546627074
YKBNK.IS : 0.05022729323887726

Min Daily Loss Portfolio:
ALARK.IS : 0.1114943083394377
BIMAS.IS : 0.03753115215236161
GARAN.IS : 0.08875072019151595
GUBRF.IS : 0.2035706832524618
KCHOL.IS : 0.25000000006362677
TAVHL.IS : 0.058653135929208546
TUPRS.IS : 0.2500000000713877

Max Sharpe Ratio Portfolio:
ALARK.IS : 0.2508713162538221
GARAN.IS : 0.202026458107008
GUBRF.IS : 0.2125292809119262
KOZAA.IS : 0.010918604966693283
PGSUS.IS : 0.039569776792136274
TAVHL.IS : 0.019227663875042728
THYAO.IS : 0.013985593163900514
TUPRS.IS : 0.25087130592947104

Best 5 Return Portfolio:
TUPRS.IS : 0.2
ALARK.IS : 0.2
GARAN.IS : 0.2
BIMAS.IS : 0.2
YKBNK.IS : 0.19999999999999996

Best 10 Return Portfolio:
TUPRS.IS : 0.1
ALARK.IS : 0.1
GARAN.IS : 0.1
BIMAS.IS : 0.1
YKBNK.IS : 0.1
PGSUS.IS : 0.1
PETKM.IS : 0.1
KRDMD.IS : 0.1
EREGL.IS : 0.1
TCELL.IS : 0.09999999999999998
