Min Volatility Portfolio:
ASELS.IS : 0.08959583747034422
BIMAS.IS : 0.18787429165483993
FROTO.IS : 0.13345091998590872
GARAN.IS : 0.08340367657528812
GUBRF.IS : 0.042614810813812305
HEKTS.IS : 0.04092338780394051
ISCTR.IS : 0.12490593653006492
KCHOL.IS : 0.09723495571227511
PGSUS.IS : 0.03160745831093421
SAHOL.IS : 0.028220351897034205
SASA.IS : 0.10176112148201111
SISE.IS : 0.03840725176354671

Min Daily Loss Portfolio:
ARCLK.IS : 0.2500000003147012
ASELS.IS : 0.1022761424732678
BIMAS.IS : 0.25000000297092145
FROTO.IS : 0.019395951514685757
GUBRF.IS : 0.015086396402257903
HEKTS.IS : 0.058832868068686026
KCHOL.IS : 0.07840140031309284
PETKM.IS : 0.07858427408216025
TAVHL.IS : 0.024205987615784488
YKBNK.IS : 0.12321697624444243

Max Sharpe Ratio Portfolio:
ASELS.IS : 0.024914447854023546
BIMAS.IS : 0.24999999999293301
GUBRF.IS : 0.05077467642329184
HEKTS.IS : 0.02514207416255074
ISCTR.IS : 0.0165363043648671
KCHOL.IS : 0.0462013207977417
PETKM.IS : 0.25000000001613704
TAVHL.IS : 0.08643117637895852
YKBNK.IS : 0.2500000000094965

Best 5 Return Portfolio:
BIMAS.IS : 0.2
YKBNK.IS : 0.2
PETKM.IS : 0.2
AKBNK.IS : 0.2
TAVHL.IS : 0.19999999999999996

Best 10 Return Portfolio:
BIMAS.IS : 0.1
YKBNK.IS : 0.1
PETKM.IS : 0.1
AKBNK.IS : 0.1
TAVHL.IS : 0.1
ISCTR.IS : 0.1
KRDMD.IS : 0.1
KCHOL.IS : 0.1
GUBRF.IS : 0.1
TUPRS.IS : 0.09999999999999998
