Min Volatility Portfolio:
AKBNK.IS : 0.030883981578824
BIMAS.IS : 0.17633849160430584
EKGYO.IS : 0.17762448052846025
ENKAI.IS : 0.014039146193058119
EREGL.IS : 0.05541310833752682
FROTO.IS : 0.06755410341270898
GARAN.IS : 0.027219160990236937
HEKTS.IS : 0.013545908946399891
ISCTR.IS : 0.06193383355165115
ODAS.IS : 0.01407473760860432
PGSUS.IS : 0.029730281845439046
SASA.IS : 0.067202693620472
TAVHL.IS : 0.0746007038137029
TCELL.IS : 0.06398680520545323
TOASO.IS : 0.07304848795879594
YKBNK.IS : 0.052804074804360605

Min Daily Loss Portfolio:
AKBNK.IS : 0.08778601524600371
BIMAS.IS : 0.25000000080367446
EKGYO.IS : 0.2500000009425694
ODAS.IS : 0.13705937047997427
PGSUS.IS : 0.05275952607032026
TAVHL.IS : 0.05785552187357012
TCELL.IS : 0.164539564583888

Max Sharpe Ratio Portfolio:
AKBNK.IS : 0.09179028407613535
ASELS.IS : 0.011020172925313291
BIMAS.IS : 0.12464332695353861
EKGYO.IS : 0.18729552310909034
GARAN.IS : 0.066956962049769
ODAS.IS : 0.25224637801849414
SASA.IS : 0.05763145262604912
TAVHL.IS : 0.0676654899998986
TCELL.IS : 0.09874754304263605
YKBNK.IS : 0.042002867199075346

Best 5 Return Portfolio:
ODAS.IS : 0.2
ASELS.IS : 0.2
TCELL.IS : 0.2
PGSUS.IS : 0.2
AKBNK.IS : 0.19999999999999996

Best 10 Return Portfolio:
ODAS.IS : 0.1
ASELS.IS : 0.1
TCELL.IS : 0.1
PGSUS.IS : 0.1
AKBNK.IS : 0.1
ALARK.IS : 0.1
TAVHL.IS : 0.1
THYAO.IS : 0.1
TUPRS.IS : 0.1
FROTO.IS : 0.09999999999999998
