Min Volatility Portfolio:
AKBNK.IS : 0.03541245921991363
ALARK.IS : 0.04677936306687892
ARCLK.IS : 0.03019247299172768
ASELS.IS : 0.025790986354238925
BIMAS.IS : 0.040875590910003944
EKGYO.IS : 0.03079975009866209
ENKAI.IS : 0.03854437255218411
EREGL.IS : 0.04389759429209657
FROTO.IS : 0.025929817633807098
GARAN.IS : 0.03214541995058007
GUBRF.IS : 0.08248475910262712
HEKTS.IS : 0.03842286445323247
ISCTR.IS : 0.04001849783269786
KCHOL.IS : 0.0393381914256455
KOZAA.IS : 0.035666192245115656
KOZAL.IS : 0.048691487355740706
KRDMD.IS : 0.024998023116930224
ODAS.IS : 0.04487993804539905
PETKM.IS : 0.046294213089905015
PGSUS.IS : 0.028309320775527558
SAHOL.IS : 0.02854992628812699
SISE.IS : 0.01689949499189888
TAVHL.IS : 0.028779135562764863
TCELL.IS : 0.02842705988910798
THYAO.IS : 0.02633692866141319
TOASO.IS : 0.02461110749933975
TUPRS.IS : 0.02582972111413532
YKBNK.IS : 0.04109531148029891

Min Daily Loss Portfolio:
ALARK.IS : 0.25000000357282015
ASELS.IS : 0.09781461139036825
GUBRF.IS : 0.25000000344282797
KOZAA.IS : 0.0792635346047104
KRDMD.IS : 0.2500000034145913
YKBNK.IS : 0.07292184357468193

Max Sharpe Ratio Portfolio:
ALARK.IS : 0.029625355394736763
EKGYO.IS : 0.212425500863324
GUBRF.IS : 0.17536625427774458
KCHOL.IS : 0.01523734102074266
KOZAA.IS : 0.25217814811532374
KOZAL.IS : 0.02286291827324369
KRDMD.IS : 0.23305563883059197
ODAS.IS : 0.024950406884535068
THYAO.IS : 0.02133307871444922
YKBNK.IS : 0.012965357625308305

Best 5 Return Portfolio:
SASA.IS : 0.2
KOZAA.IS : 0.2
GUBRF.IS : 0.2
EKGYO.IS : 0.2
KRDMD.IS : 0.19999999999999996

Best 10 Return Portfolio:
SASA.IS : 0.1
KOZAA.IS : 0.1
GUBRF.IS : 0.1
EKGYO.IS : 0.1
KRDMD.IS : 0.1
THYAO.IS : 0.1
ALARK.IS : 0.1
KOZAL.IS : 0.1
SISE.IS : 0.1
ASELS.IS : 0.09999999999999998
