Min Volatility Portfolio:
BIMAS.IS : 0.12144178010892555
ENKAI.IS : 0.06429637247469595
FROTO.IS : 0.042797175343400544
GARAN.IS : 0.16753290397728868
GUBRF.IS : 0.07566533007166203
HEKTS.IS : 0.03366309798815045
ISCTR.IS : 0.07152552745099842
ODAS.IS : 0.041045295133395374
SASA.IS : 0.10953203240804968
SISE.IS : 0.09412403499619759
TOASO.IS : 0.07349205106892327
YKBNK.IS : 0.10488439897831248

Min Daily Loss Portfolio:
AKBNK.IS : 0.24999999852751928
BIMAS.IS : 0.2500000008235591
GARAN.IS : 0.1015896149391174
GUBRF.IS : 0.06377043137649434
ISCTR.IS : 0.01834486961370573
ODAS.IS : 0.06629509090927867
TOASO.IS : 0.24999999381032545

Max Sharpe Ratio Portfolio:
BIMAS.IS : 0.14539342946556008
ENKAI.IS : 0.14258665280816055
GUBRF.IS : 0.07984481428542899
ISCTR.IS : 0.2510002301842361
KOZAA.IS : 0.04278169425627725
KRDMD.IS : 0.2234397756323332
TOASO.IS : 0.11495340336800386

Best 5 Return Portfolio:
ISCTR.IS : 0.2
TUPRS.IS : 0.2
KRDMD.IS : 0.2
ENKAI.IS : 0.2
KOZAA.IS : 0.19999999999999996

Best 10 Return Portfolio:
ISCTR.IS : 0.1
TUPRS.IS : 0.1
KRDMD.IS : 0.1
ENKAI.IS : 0.1
KOZAA.IS : 0.1
ASELS.IS : 0.1
GUBRF.IS : 0.1
TOASO.IS : 0.1
KOZAL.IS : 0.1
BIMAS.IS : 0.09999999999999998
