Min Volatility Portfolio:
ASELS.IS : 0.0788213014653047
BIMAS.IS : 0.0866023058298418
ENKAI.IS : 0.028094484076378
EREGL.IS : 0.0928395782149579
FROTO.IS : 0.021908283462927
ISCTR.IS : 0.0418481764660542
KOZAA.IS : 0.0587715097020935
KOZAL.IS : 0.109020464655675
PGSUS.IS : 0.0987737535849259
SASA.IS : 0.0327709690411625
TCELL.IS : 0.057412597038559
TOASO.IS : 0.1323624069262845
TUPRS.IS : 0.1241014733614307
YKBNK.IS : 0.0366726961744053

Min Daily Loss Portfolio:
ASELS.IS : 0.11300242612860181
FROTO.IS : 0.06079855098224144
GARAN.IS : 0.05051741263891814
ISCTR.IS : 0.12020271294562831
KOZAL.IS : 0.15547889481759217
TOASO.IS : 0.24999999992071242
YKBNK.IS : 0.2500000025663058

Max Sharpe Ratio Portfolio:
BIMAS.IS : 0.042602567085403886
FROTO.IS : 0.1908522658880369
ISCTR.IS : 0.2499999999926697
KOZAL.IS : 0.1710881066738991
PGSUS.IS : 0.010630323834181533
TOASO.IS : 0.2499999999926697
YKBNK.IS : 0.08482673653313913

Best 5 Return Portfolio:
ISCTR.IS : 0.2
TOASO.IS : 0.2
YKBNK.IS : 0.2
GARAN.IS : 0.2
FROTO.IS : 0.19999999999999996

Best 10 Return Portfolio:
ISCTR.IS : 0.1
TOASO.IS : 0.1
YKBNK.IS : 0.1
GARAN.IS : 0.1
FROTO.IS : 0.1
AKBNK.IS : 0.1
BIMAS.IS : 0.1
ARCLK.IS : 0.1
ASELS.IS : 0.1
TAVHL.IS : 0.09999999999999998
