Min Volatility Portfolio:
AKBNK.IS : 0.030926169049946394
ALARK.IS : 0.056728025844708464
ARCLK.IS : 0.02045267740214898
ASELS.IS : 0.029644814385502503
BIMAS.IS : 0.0383578140577681
EKGYO.IS : 0.0407241832910038
ENKAI.IS : 0.037331487372398095
EREGL.IS : 0.0468852948163884
FROTO.IS : 0.026366691939482177
GARAN.IS : 0.034436268139859665
GUBRF.IS : 0.07368754453182863
HEKTS.IS : 0.033425784500792734
ISCTR.IS : 0.038703146416714074
KCHOL.IS : 0.029518922898662193
KOZAA.IS : 0.05283447954871115
KOZAL.IS : 0.06319227661673968
KRDMD.IS : 0.03614429583829298
ODAS.IS : 0.04773353749389156
PETKM.IS : 0.04785639095057564
PGSUS.IS : 0.01860348717880377
SAHOL.IS : 0.019920256907782187
SISE.IS : 0.01331202405423305
TAVHL.IS : 0.020464989077202997
TCELL.IS : 0.029148311036248244
THYAO.IS : 0.02546547878195174
TOASO.IS : 0.029067179334465426
TUPRS.IS : 0.02362176134506228
YKBNK.IS : 0.03544670718883517

Min Daily Loss Portfolio:
ALARK.IS : 0.2500000024148238
ASELS.IS : 0.0978146105598791
GUBRF.IS : 0.2500000023545806
KOZAA.IS : 0.07926353540966104
KRDMD.IS : 0.2500000022973314
YKBNK.IS : 0.07292184696372414

Max Sharpe Ratio Portfolio:
ALARK.IS : 0.03556936350142086
EKGYO.IS : 0.10504808973324095
HEKTS.IS : 0.03948193395764255
ISCTR.IS : 0.022893878212197752
KCHOL.IS : 0.018027514065258366
KOZAA.IS : 0.16491233585394982
KOZAL.IS : 0.25541535955106165
KRDMD.IS : 0.045358261666012485
ODAS.IS : 0.10227280789711304
SASA.IS : 0.1176696921541524
TAVHL.IS : 0.03237275277514791
YKBNK.IS : 0.060978010632802164

Best 5 Return Portfolio:
SASA.IS : 0.2
KOZAL.IS : 0.2
EKGYO.IS : 0.2
KOZAA.IS : 0.2
KRDMD.IS : 0.19999999999999996

Best 10 Return Portfolio:
SASA.IS : 0.1
KOZAL.IS : 0.1
EKGYO.IS : 0.1
KOZAA.IS : 0.1
KRDMD.IS : 0.1
ODAS.IS : 0.1
ALARK.IS : 0.1
TAVHL.IS : 0.1
YKBNK.IS : 0.1
THYAO.IS : 0.09999999999999998
