Min Volatility Portfolio:
AKBNK.IS : 0.03439373857335887
ALARK.IS : 0.03873106974726359
ARCLK.IS : 0.0341205827872108
ASELS.IS : 0.037332987277088316
BIMAS.IS : 0.04060932345383328
EKGYO.IS : 0.033525933715224374
ENKAI.IS : 0.03865954922725216
EREGL.IS : 0.044554722354565444
FROTO.IS : 0.03072968749621248
GARAN.IS : 0.03691105397634664
GUBRF.IS : 0.05235291822716015
HEKTS.IS : 0.03918203795670641
ISCTR.IS : 0.03535990305071661
KCHOL.IS : 0.03560197647637793
KOZAA.IS : 0.028718814338343453
KOZAL.IS : 0.03980350139096965
KRDMD.IS : 0.029362924057696152
ODAS.IS : 0.03744498319839229
PETKM.IS : 0.04005196685075137
PGSUS.IS : 0.03715834045141118
SAHOL.IS : 0.0342192323310138
SISE.IS : 0.029674502578627072
TAVHL.IS : 0.034639382533745655
TCELL.IS : 0.03233752660533683
THYAO.IS : 0.032020300143671084
TOASO.IS : 0.025315530670444036
TUPRS.IS : 0.03026907132883379
YKBNK.IS : 0.036918439201446655

Min Daily Loss Portfolio:
ALARK.IS : 0.25000000072700473
ARCLK.IS : 0.026245843393170862
BIMAS.IS : 0.05209513184886789
EKGYO.IS : 0.05265427788688958
EREGL.IS : 0.25000000077299095
GUBRF.IS : 0.25000000067916833
KRDMD.IS : 0.011006351185639873
THYAO.IS : 0.10799839350626793

Max Sharpe Ratio Portfolio:
AKBNK.IS : 0.03448275862068966
ALARK.IS : 0.03448275862068966
ARCLK.IS : 0.03448275862068966
ASELS.IS : 0.03448275862068966
BIMAS.IS : 0.03448275862068966
EKGYO.IS : 0.03448275862068966
ENKAI.IS : 0.03448275862068966
EREGL.IS : 0.03448275862068966
FROTO.IS : 0.03448275862068966
GARAN.IS : 0.03448275862068966
GUBRF.IS : 0.03448275862068966
HEKTS.IS : 0.03448275862068966
ISCTR.IS : 0.03448275862068966
KCHOL.IS : 0.03448275862068966
KOZAA.IS : 0.03448275862068966
KOZAL.IS : 0.03448275862068966
KRDMD.IS : 0.03448275862068966
ODAS.IS : 0.03448275862068966
PETKM.IS : 0.03448275862068966
PGSUS.IS : 0.03448275862068966
SAHOL.IS : 0.03448275862068966
SASA.IS : 0.03448275862068966
SISE.IS : 0.03448275862068966
TAVHL.IS : 0.03448275862068966
TCELL.IS : 0.03448275862068966
THYAO.IS : 0.03448275862068966
TOASO.IS : 0.03448275862068966
TUPRS.IS : 0.03448275862068966
YKBNK.IS : 0.03448275862068966

Best 5 Return Portfolio:
SASA.IS : 0.2
GUBRF.IS : 0.2
THYAO.IS : 0.2
EKGYO.IS : 0.2
KCHOL.IS : 0.19999999999999996

Best 10 Return Portfolio:
SASA.IS : 0.1
GUBRF.IS : 0.1
THYAO.IS : 0.1
EKGYO.IS : 0.1
KCHOL.IS : 0.1
KRDMD.IS : 0.1
KOZAA.IS : 0.1
FROTO.IS : 0.1
ALARK.IS : 0.1
EREGL.IS : 0.09999999999999998
