Min Volatility Portfolio:
AKBNK.IS : 0.04935415469478542
ENKAI.IS : 0.054752212867168824
EREGL.IS : 0.012855692213977804
FROTO.IS : 0.10652412812014694
GARAN.IS : 0.09759241792036084
GUBRF.IS : 0.17327889905023128
HEKTS.IS : 0.06782750301057953
KCHOL.IS : 0.08521803082431684
KOZAL.IS : 0.03349687945432031
ODAS.IS : 0.05430842928907192
SASA.IS : 0.04587203644021452
SISE.IS : 0.06857607791892682
TAVHL.IS : 0.04994247400080042
TOASO.IS : 0.05967150523467043
YKBNK.IS : 0.04072955896042822

Min Daily Loss Portfolio:
EREGL.IS : 0.10836727564795227
GUBRF.IS : 0.2500000000427656
ISCTR.IS : 0.15649518648311034
KOZAL.IS : 0.038471002800110406
SISE.IS : 0.2500000000572138
TUPRS.IS : 0.1966665349688475

Max Sharpe Ratio Portfolio:
EREGL.IS : 0.06470439294438715
FROTO.IS : 0.06647828882568058
GARAN.IS : 0.033753349299116754
GUBRF.IS : 0.12997868058662163
ISCTR.IS : 0.2500000000007105
KOZAA.IS : 0.05625623182880045
KOZAL.IS : 0.24999999997981348
TOASO.IS : 0.053888432100781945
TUPRS.IS : 0.09494062443408757

Best 5 Return Portfolio:
ISCTR.IS : 0.2
TUPRS.IS : 0.2
KOZAA.IS : 0.2
KOZAL.IS : 0.2
GUBRF.IS : 0.19999999999999996

Best 10 Return Portfolio:
ISCTR.IS : 0.1
TUPRS.IS : 0.1
KOZAA.IS : 0.1
KOZAL.IS : 0.1
GUBRF.IS : 0.1
EREGL.IS : 0.1
KRDMD.IS : 0.1
TCELL.IS : 0.1
ASELS.IS : 0.1
SISE.IS : 0.09999999999999998
