Min Volatility Portfolio:
ASELS.IS : 0.1060775263644069
BIMAS.IS : 0.0497128229825998
ENKAI.IS : 0.0603003516223459
EREGL.IS : 0.0379184390690292
FROTO.IS : 0.0578298978985725
GARAN.IS : 0.0353322405423396
ISCTR.IS : 0.0266847053823141
KOZAA.IS : 0.0580543572803473
KOZAL.IS : 0.159844163954604
KRDMD.IS : 0.0613494641376321
PGSUS.IS : 0.0628526845764888
TCELL.IS : 0.0516411964404143
TOASO.IS : 0.0830117092258817
TUPRS.IS : 0.1493904405230237

Min Daily Loss Portfolio:
AKBNK.IS : 0.05286513882704274
ASELS.IS : 0.03088192319647288
BIMAS.IS : 0.07368867347686536
ISCTR.IS : 0.1541473488408812
KOZAL.IS : 0.21784767459675689
KRDMD.IS : 0.06987420982039108
TOASO.IS : 0.15085035489676873
YKBNK.IS : 0.2498446763448212

Max Sharpe Ratio Portfolio:
ARCLK.IS : 0.017248244845068327
ISCTR.IS : 0.2500000000457773
KOZAL.IS : 0.20700045241298062
KRDMD.IS : 0.06818659173746489
TOASO.IS : 0.20756471084040884
YKBNK.IS : 0.2500000001183001

Best 5 Return Portfolio:
ISCTR.IS : 0.2
YKBNK.IS : 0.2
ARCLK.IS : 0.2
GARAN.IS : 0.2
AKBNK.IS : 0.19999999999999996

Best 10 Return Portfolio:
ISCTR.IS : 0.1
YKBNK.IS : 0.1
ARCLK.IS : 0.1
GARAN.IS : 0.1
AKBNK.IS : 0.1
ALARK.IS : 0.1
TOASO.IS : 0.1
GUBRF.IS : 0.1
ENKAI.IS : 0.1
TAVHL.IS : 0.09999999999999998
