Min Volatility Portfolio:
ARCLK.IS : 0.03544467420234996
ENKAI.IS : 0.21176796551008806
KCHOL.IS : 0.18537553215021585
PGSUS.IS : 0.02020338251698795
SAHOL.IS : 0.03310944066374114
SASA.IS : 0.1432985385356549
SISE.IS : 0.07152791024288489
TCELL.IS : 0.03409145431372843
THYAO.IS : 0.21292170758324036
TUPRS.IS : 0.012690659204764365
YKBNK.IS : 0.039568735076344216

Min Daily Loss Portfolio:
ASELS.IS : 0.25000000017735213
EKGYO.IS : 0.1624480884129568
KCHOL.IS : 0.24999999921841662
THYAO.IS : 0.2500000002082787
TUPRS.IS : 0.013251387694178161
YKBNK.IS : 0.07430052428881757

Max Sharpe Ratio Portfolio:
ASELS.IS : 0.25000000000566897
EKGYO.IS : 0.03475821710103185
ENKAI.IS : 0.09311743303021026
SAHOL.IS : 0.10451201162257451
TCELL.IS : 0.25000000000514666
THYAO.IS : 0.25000000000038763
TUPRS.IS : 0.017612338234980103

Best 5 Return Portfolio:
THYAO.IS : 0.2
ASELS.IS : 0.2
BIMAS.IS : 0.2
TCELL.IS : 0.2
SAHOL.IS : 0.19999999999999996

Best 10 Return Portfolio:
THYAO.IS : 0.1
ASELS.IS : 0.1
BIMAS.IS : 0.1
TCELL.IS : 0.1
SAHOL.IS : 0.1
EKGYO.IS : 0.1
TUPRS.IS : 0.1
GARAN.IS : 0.1
ENKAI.IS : 0.1
AKBNK.IS : 0.09999999999999998
