Min Volatility Portfolio:
ARCLK.IS : 0.04586817918272603
ASELS.IS : 0.07447867078594536
BIMAS.IS : 0.1512680166326261
ENKAI.IS : 0.0711932816847436
FROTO.IS : 0.05330907928699086
GARAN.IS : 0.04300034670512521
HEKTS.IS : 0.03098033092277599
KCHOL.IS : 0.077114075878529
KOZAL.IS : 0.13129853065418587
PGSUS.IS : 0.06055371871722693
TAVHL.IS : 0.024316041781519363
TCELL.IS : 0.05719422887738557
TOASO.IS : 0.11566035253346452
TUPRS.IS : 0.06376514635675576

Min Daily Loss Portfolio:
ASELS.IS : 0.31779935292171513
BIMAS.IS : 0.2618725852401488
GARAN.IS : 0.14843192376929662
KOZAL.IS : 0.076896148214461
PGSUS.IS : 0.08550669980411663
TOASO.IS : 0.10949329005026166

Max Sharpe Ratio Portfolio:
ARCLK.IS : 0.03025660058790339
ASELS.IS : 0.3010681304676294
BIMAS.IS : 0.15699815220542035
FROTO.IS : 0.07441412555339795
GUBRF.IS : 0.10972518676224455
KOZAA.IS : 0.02261867699903755
KOZAL.IS : 0.1340279368785112
PGSUS.IS : 0.081030703513465
TOASO.IS : 0.08986048703239051

Best 5 Return Portfolio:
GUBRF.IS : 0.2
ASELS.IS : 0.2
KOZAA.IS : 0.2
EREGL.IS : 0.2
ODAS.IS : 0.19999999999999996

Best 10 Return Portfolio:
GUBRF.IS : 0.1
ASELS.IS : 0.1
KOZAA.IS : 0.1
EREGL.IS : 0.1
ODAS.IS : 0.1
KRDMD.IS : 0.1
KOZAL.IS : 0.1
BIMAS.IS : 0.1
HEKTS.IS : 0.1
FROTO.IS : 0.09999999999999998
