Min Volatility Portfolio:
ARCLK.IS : 0.09280564302053447
ASELS.IS : 0.07160546610377995
BIMAS.IS : 0.20267268056908097
ENKAI.IS : 0.09960367298824008
FROTO.IS : 0.047083552680118004
KCHOL.IS : 0.0515850879172629
KOZAL.IS : 0.1298424697654674
SAHOL.IS : 0.0322683516666869
SISE.IS : 0.06182700958093527
TAVHL.IS : 0.0395259725029877
TOASO.IS : 0.07897317587045438
TUPRS.IS : 0.03670147768418746
YKBNK.IS : 0.055505439650264554

Min Daily Loss Portfolio:
ASELS.IS : 0.19587155617886162
BIMAS.IS : 0.5891392417545843
EREGL.IS : 0.01927258415995246
FROTO.IS : 0.015878821535144163
KRDMD.IS : 0.010816535505702817
YKBNK.IS : 0.1690212608657545

Max Sharpe Ratio Portfolio:
ASELS.IS : 0.25924124197697357
BIMAS.IS : 0.1594986332951135
FROTO.IS : 0.03425067132555238
HEKTS.IS : 0.1354505140843759
KOZAL.IS : 0.10641307593458345
YKBNK.IS : 0.30514586338340116

Best 5 Return Portfolio:
HEKTS.IS : 0.2
YKBNK.IS : 0.2
ODAS.IS : 0.2
ASELS.IS : 0.2
KRDMD.IS : 0.19999999999999996

Best 10 Return Portfolio:
HEKTS.IS : 0.1
YKBNK.IS : 0.1
ODAS.IS : 0.1
ASELS.IS : 0.1
KRDMD.IS : 0.1
EKGYO.IS : 0.1
ISCTR.IS : 0.1
FROTO.IS : 0.1
PETKM.IS : 0.1
GARAN.IS : 0.09999999999999998
