Min Volatility Portfolio:
ARCLK.IS : 0.06791428374757998
ASELS.IS : 0.06702137660331885
BIMAS.IS : 0.18346799120290397
ENKAI.IS : 0.08865454604561136
EREGL.IS : 0.026986692195602024
FROTO.IS : 0.05053688256778342
KCHOL.IS : 0.0850672694589436
KOZAL.IS : 0.14040360445824887
KRDMD.IS : 0.024318672827956352
SISE.IS : 0.04881732695531075
TAVHL.IS : 0.0601573869693997
TOASO.IS : 0.08568982893691303
TUPRS.IS : 0.029565300579423547
YKBNK.IS : 0.04139883745100461

Min Daily Loss Portfolio:
ASELS.IS : 0.10890916189869215
BIMAS.IS : 0.48067458480085723
ENKAI.IS : 0.013790415189447371
GARAN.IS : 0.015234252185189796
GUBRF.IS : 0.027670920665612848
KOZAL.IS : 0.11772910668771708
KRDMD.IS : 0.0319837855054148
TUPRS.IS : 0.06627398235383955
YKBNK.IS : 0.13773379071322908

Max Sharpe Ratio Portfolio:
ASELS.IS : 0.19815190020056192
BIMAS.IS : 0.1750619974688774
HEKTS.IS : 0.5741019840328052
KOZAL.IS : 0.05268411829775537

Best 5 Return Portfolio:
HEKTS.IS : 0.2
ODAS.IS : 0.2
KRDMD.IS : 0.2
ASELS.IS : 0.2
YKBNK.IS : 0.19999999999999996

Best 10 Return Portfolio:
HEKTS.IS : 0.1
ODAS.IS : 0.1
KRDMD.IS : 0.1
ASELS.IS : 0.1
YKBNK.IS : 0.1
GUBRF.IS : 0.1
PETKM.IS : 0.1
KOZAA.IS : 0.1
GARAN.IS : 0.1
EREGL.IS : 0.09999999999999998
