Min Volatility Portfolio:
AKBNK.IS : 0.02475903567472491
ALARK.IS : 0.04514362573305105
ARCLK.IS : 0.029298417181578353
ASELS.IS : 0.016490920473553747
BIMAS.IS : 0.04338682939315848
EKGYO.IS : 0.04696694713347401
ENKAI.IS : 0.06930046072795307
GARAN.IS : 0.05230638388783946
GUBRF.IS : 0.06027657303422183
HEKTS.IS : 0.04633352826635309
ISCTR.IS : 0.022991441619479264
KCHOL.IS : 0.03830917161845371
KOZAL.IS : 0.05808031352651512
KRDMD.IS : 0.0485340585469568
ODAS.IS : 0.01993316497922629
PGSUS.IS : 0.10967689847275279
TAVHL.IS : 0.05725606260898395
TCELL.IS : 0.04660211261182395
TOASO.IS : 0.0860439380910033
TUPRS.IS : 0.05043074142046248
YKBNK.IS : 0.027879374998434285

Min Daily Loss Portfolio:
ALARK.IS : 0.20429885855232738
ENKAI.IS : 0.22290541446318984
GARAN.IS : 0.07730910258305533
GUBRF.IS : 0.20060903073386369
KRDMD.IS : 0.14725469652406012
PGSUS.IS : 0.14762289714350368

Max Sharpe Ratio Portfolio:
AKBNK.IS : 0.03517269201893804
ALARK.IS : 0.15624271246525676
ENKAI.IS : 0.051736397646469826
FROTO.IS : 0.07356746503807127
GARAN.IS : 0.011050832999515923
GUBRF.IS : 0.4096292228774685
KOZAL.IS : 0.022185718911550144
KRDMD.IS : 0.013600907987779244
PGSUS.IS : 0.13623235871401235
TOASO.IS : 0.09058169134093792

Best 5 Return Portfolio:
GUBRF.IS : 0.2
ODAS.IS : 0.2
ALARK.IS : 0.2
SASA.IS : 0.2
PGSUS.IS : 0.19999999999999996

Best 10 Return Portfolio:
GUBRF.IS : 0.1
ODAS.IS : 0.1
ALARK.IS : 0.1
SASA.IS : 0.1
PGSUS.IS : 0.1
EREGL.IS : 0.1
GARAN.IS : 0.1
ENKAI.IS : 0.1
KRDMD.IS : 0.1
FROTO.IS : 0.09999999999999998
