Min Volatility Portfolio:
AKBNK.IS : 0.013404700379756359
BIMAS.IS : 0.07903343307029467
EKGYO.IS : 0.02264613912149337
ENKAI.IS : 0.11284425635207351
EREGL.IS : 0.08315017293093077
FROTO.IS : 0.03231842511425585
HEKTS.IS : 0.012970090343646415
KOZAL.IS : 0.022495487879929832
PGSUS.IS : 0.05892138632309386
SASA.IS : 0.11530964475636736
SISE.IS : 0.08199714522514931
TAVHL.IS : 0.06209375994779055
TCELL.IS : 0.09592151363689236
THYAO.IS : 0.0720257416676138
TOASO.IS : 0.017817960959173065
TUPRS.IS : 0.09710445834599384
YKBNK.IS : 0.01994568394554502

Min Daily Loss Portfolio:
ASELS.IS : 0.028475644375611495
ODAS.IS : 0.05440803801301598
SAHOL.IS : 0.037989348120101296
SASA.IS : 0.05602723860233648
SISE.IS : 0.07342441882808506
TCELL.IS : 0.5206881979217217
TOASO.IS : 0.09228249671501298
TUPRS.IS : 0.13670461742411508

Max Sharpe Ratio Portfolio:
ALARK.IS : 0.12001225671849947
GUBRF.IS : 0.0452193623257147
ODAS.IS : 0.525146853334776
SASA.IS : 0.11362547778981552
SISE.IS : 0.04442926311734169
TCELL.IS : 0.11157401160744296
TUPRS.IS : 0.03999277510640971

Best 5 Return Portfolio:
ODAS.IS : 0.2
GUBRF.IS : 0.2
ALARK.IS : 0.2
KRDMD.IS : 0.2
TCELL.IS : 0.19999999999999996

Best 10 Return Portfolio:
ODAS.IS : 0.1
GUBRF.IS : 0.1
ALARK.IS : 0.1
KRDMD.IS : 0.1
TCELL.IS : 0.1
TOASO.IS : 0.1
ARCLK.IS : 0.1
SISE.IS : 0.1
PETKM.IS : 0.1
SAHOL.IS : 0.09999999999999998
