Min Volatility Portfolio:
ALARK.IS : 0.03282790484905411
ARCLK.IS : 0.03750305578397331
ASELS.IS : 0.03919940671556701
BIMAS.IS : 0.019777759596022803
ENKAI.IS : 0.13364285382611502
EREGL.IS : 0.013683414767650101
GARAN.IS : 0.012639694424317702
GUBRF.IS : 0.051644068257336806
HEKTS.IS : 0.053014341803985204
ISCTR.IS : 0.06197978545411021
KCHOL.IS : 0.035207621609454204
KOZAL.IS : 0.05006436347283201
KRDMD.IS : 0.025210883606678402
ODAS.IS : 0.025283311558611705
PETKM.IS : 0.09769971112110812
PGSUS.IS : 0.025707092380759602
SAHOL.IS : 0.038133213394063205
SASA.IS : 0.016095604650272502
SISE.IS : 0.11868148114664562
TCELL.IS : 0.029190852771458803
THYAO.IS : 0.025176530092939402
TUPRS.IS : 0.05763704871704411

Min Daily Loss Portfolio:
ENKAI.IS : 0.10743763833803421
GUBRF.IS : 0.20198145939925674
HEKTS.IS : 0.13312316645074895
PETKM.IS : 0.13299936704279758
PGSUS.IS : 0.2393137167800256
SASA.IS : 0.18514465198913685

Max Sharpe Ratio Portfolio:
EKGYO.IS : 0.023057184916237327
GUBRF.IS : 0.5496358577060334
HEKTS.IS : 0.1543290814570407
ODAS.IS : 0.08551854501173067
PETKM.IS : 0.038064830673485664
PGSUS.IS : 0.024652609042683953
SASA.IS : 0.12474189119278835

Best 5 Return Portfolio:
GUBRF.IS : 0.2
ODAS.IS : 0.2
SASA.IS : 0.2
HEKTS.IS : 0.2
KRDMD.IS : 0.19999999999999996

Best 10 Return Portfolio:
GUBRF.IS : 0.1
ODAS.IS : 0.1
SASA.IS : 0.1
HEKTS.IS : 0.1
KRDMD.IS : 0.1
EREGL.IS : 0.1
ALARK.IS : 0.1
BIMAS.IS : 0.1
EKGYO.IS : 0.1
YKBNK.IS : 0.09999999999999998
