Min Volatility Portfolio:
ALARK.IS : 0.10501872495470638
ARCLK.IS : 0.07340830997272933
ASELS.IS : 0.05818768081335363
BIMAS.IS : 0.050266139668069615
EKGYO.IS : 0.03582500733658587
GARAN.IS : 0.012797761603863263
ISCTR.IS : 0.019488137092675325
KCHOL.IS : 0.029658291684620128
KOZAA.IS : 0.05057576546699716
KOZAL.IS : 0.021130538706145698
ODAS.IS : 0.07695123769996197
PETKM.IS : 0.08014947485096355
PGSUS.IS : 0.016781759740785378
SAHOL.IS : 0.037563351865159314
SASA.IS : 0.0219194251785845
SISE.IS : 0.06319927416956159
TAVHL.IS : 0.02246056370401516
TCELL.IS : 0.07018081487116798
THYAO.IS : 0.07726781376792993
TOASO.IS : 0.020796404136205968
TUPRS.IS : 0.05637352271591832

Min Daily Loss Portfolio:
ALARK.IS : 0.18476564240642582
ARCLK.IS : 0.25088092544014684
EKGYO.IS : 0.2575580901345753
HEKTS.IS : 0.03300790908848221
KOZAL.IS : 0.02386584353614744
ODAS.IS : 0.043248208929100175
SAHOL.IS : 0.018780417686522482
SASA.IS : 0.07425720011271131
SISE.IS : 0.11363576266588839

Max Sharpe Ratio Portfolio:
ALARK.IS : 0.07236994984899993
FROTO.IS : 0.09228221511796927
HEKTS.IS : 0.5998638491585903
KOZAL.IS : 0.01061112021091219
ODAS.IS : 0.11591540452464076
SASA.IS : 0.03265180669007337
SISE.IS : 0.061456672908402635
TCELL.IS : 0.014848981540411579

Best 5 Return Portfolio:
HEKTS.IS : 0.2
ALARK.IS : 0.2
FROTO.IS : 0.2
KRDMD.IS : 0.2
SASA.IS : 0.19999999999999996

Best 10 Return Portfolio:
HEKTS.IS : 0.1
ALARK.IS : 0.1
FROTO.IS : 0.1
KRDMD.IS : 0.1
SASA.IS : 0.1
KOZAL.IS : 0.1
TOASO.IS : 0.1
ARCLK.IS : 0.1
EKGYO.IS : 0.1
ENKAI.IS : 0.09999999999999998
