Min Volatility Portfolio:
ARCLK.IS : 0.06308776963943916
ASELS.IS : 0.06378102540106999
BIMAS.IS : 0.2207797677825278
EKGYO.IS : 0.0758435075215957
ENKAI.IS : 0.17488711530056444
EREGL.IS : 0.011491246782325526
FROTO.IS : 0.027612964623695658
HEKTS.IS : 0.06117719814855021
ISCTR.IS : 0.021194937362528567
KOZAL.IS : 0.0644452694859984
KRDMD.IS : 0.014740920364147635
ODAS.IS : 0.03452922899426532
PETKM.IS : 0.01817640323211452
SAHOL.IS : 0.01628338296789544
TOASO.IS : 0.07147891555149645
TUPRS.IS : 0.06049034684178525

Min Daily Loss Portfolio:
ASELS.IS : 0.014003562535904754
EKGYO.IS : 0.3697602372585275
ENKAI.IS : 0.5337496878872039
KRDMD.IS : 0.024119172829928273
ODAS.IS : 0.05836733948843564

Max Sharpe Ratio Portfolio:
BIMAS.IS : 0.12341155841433096
FROTO.IS : 0.04975081396662597
GUBRF.IS : 0.42104625712075455
KRDMD.IS : 0.2901129938965045
YKBNK.IS : 0.1156783766017841

Best 5 Return Portfolio:
GUBRF.IS : 0.2
KRDMD.IS : 0.2
YKBNK.IS : 0.2
KCHOL.IS : 0.2
GARAN.IS : 0.19999999999999996

Best 10 Return Portfolio:
GUBRF.IS : 0.1
KRDMD.IS : 0.1
YKBNK.IS : 0.1
KCHOL.IS : 0.1
GARAN.IS : 0.1
SAHOL.IS : 0.1
TAVHL.IS : 0.1
AKBNK.IS : 0.1
PGSUS.IS : 0.1
FROTO.IS : 0.09999999999999998
