Min Volatility Portfolio:
AKBNK.IS : 0.051153940329524736
ALARK.IS : 0.07092447597718383
ARCLK.IS : 0.04384312653289442
BIMAS.IS : 0.04548722230216773
ENKAI.IS : 0.06305603712758541
EREGL.IS : 0.07263186148437678
GARAN.IS : 0.05013431210957517
GUBRF.IS : 0.047369144547828035
HEKTS.IS : 0.03691732896589436
ISCTR.IS : 0.05010839565838998
KOZAA.IS : 0.01657251858047218
KOZAL.IS : 0.05698612818914323
KRDMD.IS : 0.07565862601393236
PETKM.IS : 0.06709445102458682
SAHOL.IS : 0.042586487969063586
SASA.IS : 0.06685520729246837
SISE.IS : 0.05434681313206116
TCELL.IS : 0.04764447415502747
TUPRS.IS : 0.022290304617961304
YKBNK.IS : 0.018339143989863173

Min Daily Loss Portfolio:
ALARK.IS : 0.30791635093110875
BIMAS.IS : 0.010714398004893521
EREGL.IS : 0.2143724486017856
GUBRF.IS : 0.15953979840435883
HEKTS.IS : 0.09629596323680878
KCHOL.IS : 0.14242305461980861
TCELL.IS : 0.012422188339730711
TUPRS.IS : 0.05631579786150519

Max Sharpe Ratio Portfolio:
AKBNK.IS : 0.01956622646990879
ARCLK.IS : 0.05823867420095624
BIMAS.IS : 0.02816862554538639
ENKAI.IS : 0.012068847814985479
EREGL.IS : 0.051037439205317274
FROTO.IS : 0.02323957030021704
GARAN.IS : 0.046960247960575185
GUBRF.IS : 0.45005338596380157
HEKTS.IS : 0.1257794009584649
ODAS.IS : 0.058440990848148494
PGSUS.IS : 0.04089617706207001
SAHOL.IS : 0.03791197836276327
SASA.IS : 0.04763843530740533

Best 5 Return Portfolio:
GUBRF.IS : 0.2
EKGYO.IS : 0.2
BIMAS.IS : 0.2
FROTO.IS : 0.2
KCHOL.IS : 0.19999999999999996

Best 10 Return Portfolio:
GUBRF.IS : 0.1
EKGYO.IS : 0.1
BIMAS.IS : 0.1
FROTO.IS : 0.1
KCHOL.IS : 0.1
THYAO.IS : 0.1
ASELS.IS : 0.1
TOASO.IS : 0.1
ALARK.IS : 0.1
TAVHL.IS : 0.09999999999999998
