Min Volatility Portfolio:
ALARK.IS : 0.08869297538201235
ARCLK.IS : 0.026873940788306676
ASELS.IS : 0.08029978069641147
BIMAS.IS : 0.20317163275826247
EKGYO.IS : 0.09170268345465107
ENKAI.IS : 0.09539387897525571
EREGL.IS : 0.02899569224427879
GUBRF.IS : 0.013311661752855157
ISCTR.IS : 0.031200035005080628
KOZAA.IS : 0.03664121311024344
KOZAL.IS : 0.0953851138869637
KRDMD.IS : 0.018022312327762142
ODAS.IS : 0.04495972535998103
PETKM.IS : 0.06400400724571327
SAHOL.IS : 0.019619154681744348
TOASO.IS : 0.037179703665707026
TUPRS.IS : 0.024546488664770674

Min Daily Loss Portfolio:
ALARK.IS : 0.20105183138306473
BIMAS.IS : 0.542548231404442
EKGYO.IS : 0.08339992324709164
ODAS.IS : 0.13785713848589629
PGSUS.IS : 0.03514287547950533

Max Sharpe Ratio Portfolio:
BIMAS.IS : 0.1487042998894026
EKGYO.IS : 0.03409777899335449
EREGL.IS : 0.14556838102878406
HEKTS.IS : 0.017591748518274213
ODAS.IS : 0.17585860988915938
PETKM.IS : 0.22297834338841235
PGSUS.IS : 0.13486745461858943
TUPRS.IS : 0.12033338367402349

Best 5 Return Portfolio:
PGSUS.IS : 0.2
EREGL.IS : 0.2
PETKM.IS : 0.2
TUPRS.IS : 0.2
ODAS.IS : 0.19999999999999996

Best 10 Return Portfolio:
PGSUS.IS : 0.1
EREGL.IS : 0.1
PETKM.IS : 0.1
TUPRS.IS : 0.1
ODAS.IS : 0.1
HEKTS.IS : 0.1
SASA.IS : 0.1
TAVHL.IS : 0.1
EKGYO.IS : 0.1
KRDMD.IS : 0.09999999999999998
