Min Volatility Portfolio:
BIMAS.IS : 0.14787326534650375
EKGYO.IS : 0.05783962599313055
ENKAI.IS : 0.09159305156742842
EREGL.IS : 0.020263433580568656
GARAN.IS : 0.023902418131438275
GUBRF.IS : 0.026449425125983052
HEKTS.IS : 0.1203632821588542
ISCTR.IS : 0.0558861762736369
KCHOL.IS : 0.018972011335582222
KOZAL.IS : 0.031970068561558776
KRDMD.IS : 0.011094919812619432
PETKM.IS : 0.07051657557488526
PGSUS.IS : 0.02999206510961742
SAHOL.IS : 0.06162601568146703
SASA.IS : 0.028821568491993542
SISE.IS : 0.10752789755694407
TCELL.IS : 0.06445530800302797
TUPRS.IS : 0.030852891694760486

Min Daily Loss Portfolio:
HEKTS.IS : 0.3765762695596423
KOZAL.IS : 0.09668033807656166
PGSUS.IS : 0.0491841937474276
SAHOL.IS : 0.05647160528869016
SASA.IS : 0.2570813670367519
TCELL.IS : 0.16400622629092645

Max Sharpe Ratio Portfolio:
ENKAI.IS : 0.012930633698145342
EREGL.IS : 0.25419333250912846
HEKTS.IS : 0.4043829083023643
ODAS.IS : 0.18950939089454882
PGSUS.IS : 0.09249572134004158
SASA.IS : 0.025476352002885595
SISE.IS : 0.021011661252885994

Best 5 Return Portfolio:
ODAS.IS : 0.2
HEKTS.IS : 0.2
EREGL.IS : 0.2
KRDMD.IS : 0.2
PETKM.IS : 0.19999999999999996

Best 10 Return Portfolio:
ODAS.IS : 0.1
HEKTS.IS : 0.1
EREGL.IS : 0.1
KRDMD.IS : 0.1
PETKM.IS : 0.1
THYAO.IS : 0.1
KOZAL.IS : 0.1
ASELS.IS : 0.1
SAHOL.IS : 0.1
GUBRF.IS : 0.09999999999999998
