Min Volatility Portfolio:
ALARK.IS : 0.06914949005619174
ARCLK.IS : 0.05881400839491249
ASELS.IS : 0.018192716991150878
BIMAS.IS : 0.07119243725305958
EKGYO.IS : 0.0405208755214529
EREGL.IS : 0.054784183280436285
FROTO.IS : 0.052363039944357585
GARAN.IS : 0.011892314837915011
HEKTS.IS : 0.050075314112659176
KCHOL.IS : 0.040047551873346486
KOZAA.IS : 0.06189219848660025
KOZAL.IS : 0.050060619646793834
KRDMD.IS : 0.030763913992056247
ODAS.IS : 0.04245647179718877
PETKM.IS : 0.08936490707820982
PGSUS.IS : 0.013711556997715734
SASA.IS : 0.09964281159700215
TCELL.IS : 0.03158970727498911
THYAO.IS : 0.07285452497669219
TUPRS.IS : 0.04063135588726967

Min Daily Loss Portfolio:
ALARK.IS : 0.06985399053582311
EKGYO.IS : 0.06657176471949587
ENKAI.IS : 0.1909178805389717
FROTO.IS : 0.020609445698197757
GUBRF.IS : 0.05795584285820141
KRDMD.IS : 0.1050753057319217
ODAS.IS : 0.2445075604480572
PETKM.IS : 0.08541399245107106
TCELL.IS : 0.15909421701826018

Max Sharpe Ratio Portfolio:
ALARK.IS : 0.03235751075440288
ARCLK.IS : 0.1196056202522939
BIMAS.IS : 0.04077280847158978
EKGYO.IS : 0.13111130824664483
ENKAI.IS : 0.0277170875270339
FROTO.IS : 0.054852143108190476
GUBRF.IS : 0.013841841625358562
KOZAA.IS : 0.07552460296295298
KOZAL.IS : 0.024172436367873838
KRDMD.IS : 0.06846037024559283
ODAS.IS : 0.1996750960575179
PETKM.IS : 0.10752871807991785
TCELL.IS : 0.10438045630063024

Best 5 Return Portfolio:
EKGYO.IS : 0.2
ODAS.IS : 0.2
KRDMD.IS : 0.2
GUBRF.IS : 0.2
TCELL.IS : 0.19999999999999996

Best 10 Return Portfolio:
EKGYO.IS : 0.1
ODAS.IS : 0.1
KRDMD.IS : 0.1
GUBRF.IS : 0.1
TCELL.IS : 0.1
PETKM.IS : 0.1
ARCLK.IS : 0.1
FROTO.IS : 0.1
TOASO.IS : 0.1
ISCTR.IS : 0.09999999999999998
