Min Volatility Portfolio:
AKBNK.IS : 0.02639488823442011
ALARK.IS : 0.04885297552474622
ARCLK.IS : 0.037804067101164615
ASELS.IS : 0.029665642359133913
BIMAS.IS : 0.07987717772639794
EKGYO.IS : 0.02411152102715831
ENKAI.IS : 0.06494302276952572
EREGL.IS : 0.04943044074231342
FROTO.IS : 0.03815621824920301
GUBRF.IS : 0.022259997404396912
HEKTS.IS : 0.03260841380458651
ISCTR.IS : 0.06453916202871793
KCHOL.IS : 0.032046003108107214
KOZAA.IS : 0.03949287904317762
KOZAL.IS : 0.029955269250189813
PETKM.IS : 0.03540683328193862
SASA.IS : 0.018421081619254907
SISE.IS : 0.03990646118259012
TCELL.IS : 0.02561728337495511
TOASO.IS : 0.04850260314837912
TUPRS.IS : 0.07475112805843183
YKBNK.IS : 0.13725693096121105

Min Daily Loss Portfolio:
ALARK.IS : 0.053174558351685476
ASELS.IS : 0.10958273127790634
GUBRF.IS : 0.6440297380052533
HEKTS.IS : 0.1808053659244117
ODAS.IS : 0.01240760644074318

Max Sharpe Ratio Portfolio:
AKBNK.IS : 0.045330528398447374
GUBRF.IS : 0.5004406656395601
ISCTR.IS : 0.14133482000841616
SISE.IS : 0.09480324977712681
YKBNK.IS : 0.2180907361764496

Best 5 Return Portfolio:
GUBRF.IS : 0.2
SASA.IS : 0.2
ODAS.IS : 0.2
ASELS.IS : 0.2
KOZAA.IS : 0.19999999999999996

Best 10 Return Portfolio:
GUBRF.IS : 0.1
SASA.IS : 0.1
ODAS.IS : 0.1
ASELS.IS : 0.1
KOZAA.IS : 0.1
HEKTS.IS : 0.1
ALARK.IS : 0.1
FROTO.IS : 0.1
KOZAL.IS : 0.1
PETKM.IS : 0.09999999999999998
