Min Volatility Portfolio:
ALARK.IS : 0.07728030982639257
ARCLK.IS : 0.049431751391969
ASELS.IS : 0.05532673291878283
BIMAS.IS : 0.05674637362750452
EKGYO.IS : 0.028906384462525737
ENKAI.IS : 0.010721851749966614
FROTO.IS : 0.03036200785692963
HEKTS.IS : 0.013628221926464502
ISCTR.IS : 0.01707991935079583
KCHOL.IS : 0.028571336390262846
KOZAA.IS : 0.041899913317189195
KOZAL.IS : 0.034775572191520755
KRDMD.IS : 0.02662774858659256
ODAS.IS : 0.04676449326202872
PETKM.IS : 0.04701139398987569
PGSUS.IS : 0.04195771407506596
SAHOL.IS : 0.02617771740134064
SASA.IS : 0.039954378199472965
SISE.IS : 0.06927736944527677
TAVHL.IS : 0.029644164954986743
TCELL.IS : 0.07954016423809217
THYAO.IS : 0.08415022591165171
TUPRS.IS : 0.05295166079414367
YKBNK.IS : 0.01121259413116837

Min Daily Loss Portfolio:
ALARK.IS : 0.2576200729875114
FROTO.IS : 0.17013673810307073
GUBRF.IS : 0.03331965968656343
HEKTS.IS : 0.029530154703422386
KOZAL.IS : 0.08522566748277391
SASA.IS : 0.028305319294334327
SISE.IS : 0.33827351242617587
THYAO.IS : 0.057588875316148

Max Sharpe Ratio Portfolio:
ALARK.IS : 0.08062023522452143
ENKAI.IS : 0.05645110694919691
FROTO.IS : 0.04219373362755803
HEKTS.IS : 0.5902371926586756
KOZAL.IS : 0.03943910332240103
ODAS.IS : 0.017367921415861156
SISE.IS : 0.08701774281594522
TCELL.IS : 0.023202701817298527
THYAO.IS : 0.06347026216854212

Best 5 Return Portfolio:
HEKTS.IS : 0.2
ALARK.IS : 0.2
KOZAL.IS : 0.2
GUBRF.IS : 0.2
KRDMD.IS : 0.19999999999999996

Best 10 Return Portfolio:
HEKTS.IS : 0.1
ALARK.IS : 0.1
KOZAL.IS : 0.1
GUBRF.IS : 0.1
KRDMD.IS : 0.1
FROTO.IS : 0.1
SASA.IS : 0.1
TOASO.IS : 0.1
KOZAA.IS : 0.1
ARCLK.IS : 0.09999999999999998
