Min Volatility Portfolio:
ALARK.IS : 0.08795960564736635
ARCLK.IS : 0.04231465442708558
ASELS.IS : 0.028557868877919303
BIMAS.IS : 0.2563082198809666
EKGYO.IS : 0.14001905449625776
ENKAI.IS : 0.13081667145362888
EREGL.IS : 0.01733146622323203
KOZAL.IS : 0.07666899002432086
ODAS.IS : 0.02905589007312893
PETKM.IS : 0.047612933061820774
SASA.IS : 0.03568746598337422
TCELL.IS : 0.012956968073388003
TOASO.IS : 0.05855709690104899
TUPRS.IS : 0.03615311487646172

Min Daily Loss Portfolio:
ALARK.IS : 0.3200087438852586
BIMAS.IS : 0.482712345185557
EKGYO.IS : 0.0833478889439586
ODAS.IS : 0.09147966904287012
PETKM.IS : 0.022451352942355743

Max Sharpe Ratio Portfolio:
BIMAS.IS : 0.10678971372038425
EKGYO.IS : 0.04056546369637317
EREGL.IS : 0.3938640267398722
GUBRF.IS : 0.20854060504280303
ODAS.IS : 0.09868626737868282
PETKM.IS : 0.15155392342188442

Best 5 Return Portfolio:
GUBRF.IS : 0.2
EREGL.IS : 0.2
KRDMD.IS : 0.2
PETKM.IS : 0.2
TOASO.IS : 0.19999999999999996

Best 10 Return Portfolio:
GUBRF.IS : 0.1
EREGL.IS : 0.1
KRDMD.IS : 0.1
PETKM.IS : 0.1
TOASO.IS : 0.1
TUPRS.IS : 0.1
HEKTS.IS : 0.1
PGSUS.IS : 0.1
TAVHL.IS : 0.1
SASA.IS : 0.09999999999999998
