Min Volatility Portfolio:
AKBNK.IS : 0.022161072792248337
BIMAS.IS : 0.07239542790685846
EKGYO.IS : 0.0346355434224518
ENKAI.IS : 0.08348735679697253
EREGL.IS : 0.08483555553577987
FROTO.IS : 0.07120044905036318
ISCTR.IS : 0.02940608535921244
KCHOL.IS : 0.01214513680956001
KOZAA.IS : 0.030989708567940744
KOZAL.IS : 0.02718901946454402
PGSUS.IS : 0.05024073072486029
SASA.IS : 0.10858470099941053
SISE.IS : 0.08848877663444807
TAVHL.IS : 0.028243790906065967
TCELL.IS : 0.09513290025793324
THYAO.IS : 0.0689765008640909
TOASO.IS : 0.03044528384451212
TUPRS.IS : 0.04563963697526047
YKBNK.IS : 0.015802323087486976

Min Daily Loss Portfolio:
ENKAI.IS : 0.05817092834589595
EREGL.IS : 0.3142364558839565
SASA.IS : 0.42079078637882994
SISE.IS : 0.0998860361456194
TCELL.IS : 0.10691579324569818

Max Sharpe Ratio Portfolio:
ALARK.IS : 0.17816228931241468
EREGL.IS : 0.0630125669454212
GUBRF.IS : 0.10582566144912377
KRDMD.IS : 0.1639456968310319
ODAS.IS : 0.21575068907941677
SASA.IS : 0.16909917762019908
SISE.IS : 0.10420391876239263

Best 5 Return Portfolio:
ODAS.IS : 0.2
GUBRF.IS : 0.2
ALARK.IS : 0.2
KRDMD.IS : 0.2
SISE.IS : 0.19999999999999996

Best 10 Return Portfolio:
ODAS.IS : 0.1
GUBRF.IS : 0.1
ALARK.IS : 0.1
KRDMD.IS : 0.1
SISE.IS : 0.1
SASA.IS : 0.1
TOASO.IS : 0.1
PETKM.IS : 0.1
ASELS.IS : 0.1
EREGL.IS : 0.09999999999999998
