Min Volatility Portfolio:
ALARK.IS : 0.046110160200444755
ARCLK.IS : 0.01723020171281349
ASELS.IS : 0.015841579925466226
BIMAS.IS : 0.2642767276539356
EKGYO.IS : 0.1415733239786565
ENKAI.IS : 0.1368431642292887
HEKTS.IS : 0.03077564133844605
KOZAL.IS : 0.0773379997518267
KRDMD.IS : 0.010285690501470516
ODAS.IS : 0.08059483999164184
PETKM.IS : 0.07331682506306439
TOASO.IS : 0.03529144942206355
TUPRS.IS : 0.07052239623088162

Min Daily Loss Portfolio:
ALARK.IS : 0.03269930170834039
BIMAS.IS : 0.6409845649485144
EKGYO.IS : 0.1429384468607217
KRDMD.IS : 0.027811336193010266
ODAS.IS : 0.029847691887007
PETKM.IS : 0.05216009308925879
SAHOL.IS : 0.07355856531314746

Max Sharpe Ratio Portfolio:
BIMAS.IS : 0.21213971991803718
EKGYO.IS : 0.07719692562898632
GUBRF.IS : 0.09767312474292135
KOZAL.IS : 0.02411872723400647
KRDMD.IS : 0.4231157017949871
PETKM.IS : 0.16575580068106166

Best 5 Return Portfolio:
KRDMD.IS : 0.2
PGSUS.IS : 0.2
TAVHL.IS : 0.2
PETKM.IS : 0.2
GUBRF.IS : 0.19999999999999996

Best 10 Return Portfolio:
KRDMD.IS : 0.1
PGSUS.IS : 0.1
TAVHL.IS : 0.1
PETKM.IS : 0.1
GUBRF.IS : 0.1
GARAN.IS : 0.1
THYAO.IS : 0.1
SASA.IS : 0.1
TUPRS.IS : 0.1
YKBNK.IS : 0.09999999999999998
