Min Volatility Portfolio:
ALARK.IS : 0.04827107362055348
ARCLK.IS : 0.030284620291561506
BIMAS.IS : 0.1361309317556411
EKGYO.IS : 0.036279298387227814
ENKAI.IS : 0.0866622958674909
EREGL.IS : 0.052253064314099505
FROTO.IS : 0.023392234241621686
HEKTS.IS : 0.1848055408167875
KCHOL.IS : 0.015326211364513157
PETKM.IS : 0.060717756384836265
PGSUS.IS : 0.04409445280196943
SAHOL.IS : 0.07989367686614066
SISE.IS : 0.09212669510724707
TCELL.IS : 0.10976214818030994

Min Daily Loss Portfolio:
BIMAS.IS : 0.09298816418328434
EREGL.IS : 0.15944322557947452
HEKTS.IS : 0.461240882406064
KCHOL.IS : 0.010455407537801742
PGSUS.IS : 0.2653903315503318
SISE.IS : 0.010481988743043645

Max Sharpe Ratio Portfolio:
BIMAS.IS : 0.044330581805722906
EREGL.IS : 0.18167769863251487
HEKTS.IS : 0.4567675329480913
PGSUS.IS : 0.3172241866136709

Best 5 Return Portfolio:
PGSUS.IS : 0.2
HEKTS.IS : 0.2
ODAS.IS : 0.2
KOZAA.IS : 0.2
TOASO.IS : 0.19999999999999996

Best 10 Return Portfolio:
PGSUS.IS : 0.1
HEKTS.IS : 0.1
ODAS.IS : 0.1
KOZAA.IS : 0.1
TOASO.IS : 0.1
KOZAL.IS : 0.1
EREGL.IS : 0.1
THYAO.IS : 0.1
ARCLK.IS : 0.1
SISE.IS : 0.09999999999999998
