Min Volatility Portfolio:
AKBNK.IS : 0.019759574590920148
ALARK.IS : 0.02774953432117492
ARCLK.IS : 0.04962911575878075
ASELS.IS : 0.08716556063267143
BIMAS.IS : 0.09784244812433883
ENKAI.IS : 0.06278365144888863
EREGL.IS : 0.01887935703233273
FROTO.IS : 0.05932271431734325
GARAN.IS : 0.0484174832435614
ISCTR.IS : 0.03692431792020959
KCHOL.IS : 0.037658320537189816
KOZAA.IS : 0.03768737502468424
KOZAL.IS : 0.05674087563959599
KRDMD.IS : 0.02537011946111284
ODAS.IS : 0.046236390433172035
PGSUS.IS : 0.030884812896999736
SAHOL.IS : 0.022572319319228637
SASA.IS : 0.04336522129902465
SISE.IS : 0.059550727366995085
TAVHL.IS : 0.019739407172919613
TCELL.IS : 0.04468379452509644
TUPRS.IS : 0.03446346554003092
YKBNK.IS : 0.0325734133937283

Min Daily Loss Portfolio:
BIMAS.IS : 0.2568937764374292
EREGL.IS : 0.028482158989574582
GARAN.IS : 0.2281090388800201
KOZAL.IS : 0.35530511080131627
ODAS.IS : 0.016586351708142228
SAHOL.IS : 0.11462356318351757

Max Sharpe Ratio Portfolio:
EKGYO.IS : 0.15739976047203505
GUBRF.IS : 0.361772768618102
HEKTS.IS : 0.28317019094175244
KOZAA.IS : 0.017330481680308946
KOZAL.IS : 0.16424437526765595
ODAS.IS : 0.016082423020145786

Best 5 Return Portfolio:
GUBRF.IS : 0.2
HEKTS.IS : 0.2
KOZAL.IS : 0.2
EREGL.IS : 0.2
KOZAA.IS : 0.19999999999999996

Best 10 Return Portfolio:
GUBRF.IS : 0.1
HEKTS.IS : 0.1
KOZAL.IS : 0.1
EREGL.IS : 0.1
KOZAA.IS : 0.1
ALARK.IS : 0.1
KRDMD.IS : 0.1
TOASO.IS : 0.1
TUPRS.IS : 0.1
SAHOL.IS : 0.09999999999999998
