Min Volatility Portfolio:
ARCLK.IS : 0.043937648535908404
ASELS.IS : 0.015126320116861209
BIMAS.IS : 0.19624769844771783
ENKAI.IS : 0.07093952745278165
EREGL.IS : 0.06698117278583458
FROTO.IS : 0.04131749618205721
GUBRF.IS : 0.026273172983758728
HEKTS.IS : 0.15152222602325519
KCHOL.IS : 0.031561124251641794
PETKM.IS : 0.08183868305840128
SAHOL.IS : 0.024752969483094373
SISE.IS : 0.06117899147412657
TCELL.IS : 0.11299352050457462
THYAO.IS : 0.013872649546981733
TUPRS.IS : 0.06145679915300479

Min Daily Loss Portfolio:
BIMAS.IS : 0.15956438548878168
ENKAI.IS : 0.15620562989067965
EREGL.IS : 0.08628955503318333
FROTO.IS : 0.11288653910811934
HEKTS.IS : 0.2842669284066639
KOZAA.IS : 0.04161736470935159
PETKM.IS : 0.07013484790239682
PGSUS.IS : 0.01082053989521609
THYAO.IS : 0.03411724432835285
TUPRS.IS : 0.04409696523725468

Max Sharpe Ratio Portfolio:
BIMAS.IS : 0.10211924213887845
EREGL.IS : 0.16832265502887192
FROTO.IS : 0.08189173810152775
HEKTS.IS : 0.29101793553184974
PGSUS.IS : 0.35664842919887213

Best 5 Return Portfolio:
PGSUS.IS : 0.2
KOZAA.IS : 0.2
HEKTS.IS : 0.2
ODAS.IS : 0.2
SISE.IS : 0.19999999999999996

Best 10 Return Portfolio:
PGSUS.IS : 0.1
KOZAA.IS : 0.1
HEKTS.IS : 0.1
ODAS.IS : 0.1
SISE.IS : 0.1
EREGL.IS : 0.1
TOASO.IS : 0.1
FROTO.IS : 0.1
SASA.IS : 0.1
ARCLK.IS : 0.09999999999999998
