Min Volatility Portfolio:
AKBNK.IS : 0.030931146427490425
ARCLK.IS : 0.05035916435129961
ASELS.IS : 0.05731914043011459
BIMAS.IS : 0.18392118273737948
ENKAI.IS : 0.20625987489442232
EREGL.IS : 0.07202559161402709
FROTO.IS : 0.05486783530080995
KOZAA.IS : 0.03128395890892968
KOZAL.IS : 0.11570164104639864
KRDMD.IS : 0.01306099697871714
SAHOL.IS : 0.027683484921174444
TOASO.IS : 0.07434286556575706
TUPRS.IS : 0.0822431168234795

Min Daily Loss Portfolio:
AKBNK.IS : 0.020426748846470923
ENKAI.IS : 0.6367803875661143
EREGL.IS : 0.1882397957228461
FROTO.IS : 0.04957451395787564
KOZAL.IS : 0.104978553906693

Max Sharpe Ratio Portfolio:
FROTO.IS : 0.6041934407515802
GARAN.IS : 0.0686993758044054
ISCTR.IS : 0.03839874500969216
KCHOL.IS : 0.1174069718522648
PGSUS.IS : 0.03481702915179058
SAHOL.IS : 0.03468316579491628
YKBNK.IS : 0.10180127163535047

Best 5 Return Portfolio:
FROTO.IS : 0.2
YKBNK.IS : 0.2
ISCTR.IS : 0.2
GARAN.IS : 0.2
SAHOL.IS : 0.19999999999999996

Best 10 Return Portfolio:
FROTO.IS : 0.1
YKBNK.IS : 0.1
ISCTR.IS : 0.1
GARAN.IS : 0.1
SAHOL.IS : 0.1
KCHOL.IS : 0.1
PGSUS.IS : 0.1
AKBNK.IS : 0.1
KRDMD.IS : 0.1
TAVHL.IS : 0.09999999999999998
