Min Volatility Portfolio:
AKBNK.IS : 0.036601981113250595
ALARK.IS : 0.0806670270605159
ARCLK.IS : 0.05651159582216411
BIMAS.IS : 0.06393308392379221
EKGYO.IS : 0.029305031704933017
ENKAI.IS : 0.02022956673405244
EREGL.IS : 0.05784837361157112
FROTO.IS : 0.01682076150954576
GARAN.IS : 0.045129456057037116
HEKTS.IS : 0.054107697584939766
ISCTR.IS : 0.016342415859994273
KOZAA.IS : 0.05809626812681355
KOZAL.IS : 0.063484168320534
KRDMD.IS : 0.016642692743422397
ODAS.IS : 0.03429092853754517
PETKM.IS : 0.07128775336735728
PGSUS.IS : 0.03408417903224062
SAHOL.IS : 0.03465046975564112
SASA.IS : 0.08479752126863341
SISE.IS : 0.018586436192751257
TCELL.IS : 0.03417934473390232
THYAO.IS : 0.05057651074581792
TUPRS.IS : 0.02182673619354457

Min Daily Loss Portfolio:
ALARK.IS : 0.016847992734578276
BIMAS.IS : 0.0314448637816591
EKGYO.IS : 0.07843818337015497
ENKAI.IS : 0.06624928226890903
GUBRF.IS : 0.09301801778039184
KOZAA.IS : 0.04845806565914946
KRDMD.IS : 0.19631673299272448
ODAS.IS : 0.17395800364695227
PETKM.IS : 0.07438742060596558
TCELL.IS : 0.22088143715951492

Max Sharpe Ratio Portfolio:
ALARK.IS : 0.07859408139029726
GUBRF.IS : 0.595973103827547
KOZAA.IS : 0.01413083440159374
ODAS.IS : 0.0621882214702452
SASA.IS : 0.12995003521802342
TCELL.IS : 0.11916372369229342

Best 5 Return Portfolio:
GUBRF.IS : 0.2
EKGYO.IS : 0.2
PETKM.IS : 0.2
ENKAI.IS : 0.2
FROTO.IS : 0.19999999999999996

Best 10 Return Portfolio:
GUBRF.IS : 0.1
EKGYO.IS : 0.1
PETKM.IS : 0.1
ENKAI.IS : 0.1
FROTO.IS : 0.1
KRDMD.IS : 0.1
TCELL.IS : 0.1
KCHOL.IS : 0.1
ISCTR.IS : 0.1
ODAS.IS : 0.09999999999999998
