Min Volatility Portfolio:
AKBNK.IS : 0.025073130705957607
ALARK.IS : 0.02624835699235401
ARCLK.IS : 0.035133298839627104
ASELS.IS : 0.07658089382193241
BIMAS.IS : 0.12432040342156843
EKGYO.IS : 0.04607429473628551
ENKAI.IS : 0.05790009590078491
EREGL.IS : 0.04743660140447211
FROTO.IS : 0.03451921232096271
GARAN.IS : 0.030350967334344305
HEKTS.IS : 0.019732442834709603
ISCTR.IS : 0.029783026095275306
KCHOL.IS : 0.041067435554606006
KOZAA.IS : 0.05200470656492091
KOZAL.IS : 0.07674963814126862
KRDMD.IS : 0.041621959097007104
ODAS.IS : 0.04930131658290662
PETKM.IS : 0.02925335634455351
SAHOL.IS : 0.012437669422341204
SASA.IS : 0.03235946181409291
SISE.IS : 0.020274498597666803
TCELL.IS : 0.04076150950956841
TUPRS.IS : 0.03146908248234271
YKBNK.IS : 0.019546641480451203

Min Daily Loss Portfolio:
BIMAS.IS : 0.3145315053397189
EREGL.IS : 0.08459826130323182
HEKTS.IS : 0.043477096914954
KOZAA.IS : 0.02481331698587586
KOZAL.IS : 0.2415098148306861
ODAS.IS : 0.1030991662011387
PGSUS.IS : 0.026802884675025965
SASA.IS : 0.08618975967963853
TAVHL.IS : 0.0234622465984159
TCELL.IS : 0.01885928730270683
TUPRS.IS : 0.032656660168607396

Max Sharpe Ratio Portfolio:
BIMAS.IS : 0.039638840413374794
EREGL.IS : 0.12263664034791896
FROTO.IS : 0.054264578217946606
GUBRF.IS : 0.10930227828080379
HEKTS.IS : 0.41903618987290886
KOZAA.IS : 0.041286490561682265
KOZAL.IS : 0.10073225284019659
PETKM.IS : 0.020018206243314088
PGSUS.IS : 0.041457978833646526
SASA.IS : 0.05162654438820755

Best 5 Return Portfolio:
HEKTS.IS : 0.2
GUBRF.IS : 0.2
ALARK.IS : 0.2
KOZAL.IS : 0.2
EREGL.IS : 0.19999999999999996

Best 10 Return Portfolio:
HEKTS.IS : 0.1
GUBRF.IS : 0.1
ALARK.IS : 0.1
KOZAL.IS : 0.1
EREGL.IS : 0.1
KOZAA.IS : 0.1
PETKM.IS : 0.1
PGSUS.IS : 0.1
SASA.IS : 0.1
TUPRS.IS : 0.09999999999999998
