Min Volatility Portfolio:
ALARK.IS : 0.05865073322107619
ASELS.IS : 0.0618396880478237
BIMAS.IS : 0.0749817024844788
ENKAI.IS : 0.01863334415429647
FROTO.IS : 0.04234274816353978
HEKTS.IS : 0.1515250150444693
KOZAA.IS : 0.07486927610154907
KOZAL.IS : 0.08625956207983082
ODAS.IS : 0.03877119039222428
PETKM.IS : 0.056993050810840995
SAHOL.IS : 0.024343318681065387
SASA.IS : 0.11566733088211864
TAVHL.IS : 0.013169116148464341
TCELL.IS : 0.030775817400115972
THYAO.IS : 0.05528199361205855
TOASO.IS : 0.062364696717099655
TUPRS.IS : 0.033531416058948146

Min Daily Loss Portfolio:
ALARK.IS : 0.028947331687826684
BIMAS.IS : 0.08283415322528163
ENKAI.IS : 0.013397830677995456
FROTO.IS : 0.14996015782246633
GUBRF.IS : 0.035291165633287824
KOZAA.IS : 0.20136660157919342
KOZAL.IS : 0.05839150471345557
ODAS.IS : 0.3720993482216777
TCELL.IS : 0.05771190643881537

Max Sharpe Ratio Portfolio:
EKGYO.IS : 0.021063584993150454
GUBRF.IS : 0.11836779931023181
KOZAA.IS : 0.03672435276212014
KOZAL.IS : 0.11305294567598266
KRDMD.IS : 0.07056687369658558
ODAS.IS : 0.5176195114204558
SASA.IS : 0.10586431078106083
TCELL.IS : 0.016740621360412853

Best 5 Return Portfolio:
ODAS.IS : 0.2
EKGYO.IS : 0.2
KRDMD.IS : 0.2
SISE.IS : 0.2
ARCLK.IS : 0.19999999999999996

Best 10 Return Portfolio:
ODAS.IS : 0.1
EKGYO.IS : 0.1
KRDMD.IS : 0.1
SISE.IS : 0.1
ARCLK.IS : 0.1
ENKAI.IS : 0.1
KOZAL.IS : 0.1
KOZAA.IS : 0.1
PETKM.IS : 0.1
SASA.IS : 0.09999999999999998
