Min Volatility Portfolio:
AKBNK.IS : 0.03397032361780516
ALARK.IS : 0.05739527138806389
ASELS.IS : 0.027416307046946833
BIMAS.IS : 0.054701745698571724
ENKAI.IS : 0.08752326299739606
EREGL.IS : 0.07231668389169192
GARAN.IS : 0.022690864530467793
GUBRF.IS : 0.04467797691308502
HEKTS.IS : 0.027906398052162946
ISCTR.IS : 0.054637219908386
KCHOL.IS : 0.013818038809360684
KOZAL.IS : 0.06028359034052763
PETKM.IS : 0.10503153093542246
SAHOL.IS : 0.0806748149642868
SASA.IS : 0.07309005769298298
SISE.IS : 0.06443104240501372
TCELL.IS : 0.058561933432258795
TUPRS.IS : 0.03305708505709087
YKBNK.IS : 0.027815852318478697

Min Daily Loss Portfolio:
BIMAS.IS : 0.20541213748989937
EKGYO.IS : 0.15025348031298544
GUBRF.IS : 0.0824953810661205
PETKM.IS : 0.3198644144687184
SASA.IS : 0.20459551991398162
TCELL.IS : 0.03737906674829466

Max Sharpe Ratio Portfolio:
ENKAI.IS : 0.08284775990944229
GUBRF.IS : 0.49114569975415245
HEKTS.IS : 0.13860098561911238
KOZAL.IS : 0.026852870813258864
PETKM.IS : 0.07206204369734251
SAHOL.IS : 0.09081653826436743
SASA.IS : 0.08451915260162136
SISE.IS : 0.013154949340702722

Best 5 Return Portfolio:
GUBRF.IS : 0.2
EKGYO.IS : 0.2
THYAO.IS : 0.2
KRDMD.IS : 0.2
SASA.IS : 0.19999999999999996

Best 10 Return Portfolio:
GUBRF.IS : 0.1
EKGYO.IS : 0.1
THYAO.IS : 0.1
KRDMD.IS : 0.1
SASA.IS : 0.1
ASELS.IS : 0.1
BIMAS.IS : 0.1
PGSUS.IS : 0.1
YKBNK.IS : 0.1
ALARK.IS : 0.09999999999999998
