Min Volatility Portfolio:
ALARK.IS : 0.04335723959830545
ARCLK.IS : 0.053933683558348135
ASELS.IS : 0.08668311970172471
BIMAS.IS : 0.08056009168234869
ENKAI.IS : 0.06536835157250938
FROTO.IS : 0.056526676922083886
GARAN.IS : 0.03081799453420362
HEKTS.IS : 0.011152649130220516
ISCTR.IS : 0.020725865797179072
KCHOL.IS : 0.04569569937226334
KOZAA.IS : 0.05339029192987563
KOZAL.IS : 0.029228096311505067
KRDMD.IS : 0.012890696287345139
ODAS.IS : 0.10531911104763955
PETKM.IS : 0.03326030440735907
PGSUS.IS : 0.030644121071637557
SAHOL.IS : 0.03188739635995084
SASA.IS : 0.012958226946847175
SISE.IS : 0.05050020934645447
TAVHL.IS : 0.014030439903757502
TCELL.IS : 0.04982334298678215
THYAO.IS : 0.019777021180233327
TUPRS.IS : 0.0454879040798623
YKBNK.IS : 0.01598146627156355

Min Daily Loss Portfolio:
ALARK.IS : 0.1922670915143993
BIMAS.IS : 0.15319046919536736
FROTO.IS : 0.032465660418060475
HEKTS.IS : 0.010306819280875797
KCHOL.IS : 0.11291045807262293
KOZAL.IS : 0.19648253209906377
ODAS.IS : 0.2440365902445946
TAVHL.IS : 0.05834037917501583

Max Sharpe Ratio Portfolio:
EKGYO.IS : 0.013917758888468062
ENKAI.IS : 0.05672929152261407
HEKTS.IS : 0.6527328646801037
KOZAL.IS : 0.057146754040925195
ODAS.IS : 0.031839351422807104
PGSUS.IS : 0.027282545225912794
THYAO.IS : 0.015932181988372856
TUPRS.IS : 0.14441925223079632

Best 5 Return Portfolio:
HEKTS.IS : 0.2
KOZAL.IS : 0.2
GUBRF.IS : 0.2
ALARK.IS : 0.2
KOZAA.IS : 0.19999999999999996

Best 10 Return Portfolio:
HEKTS.IS : 0.1
KOZAL.IS : 0.1
GUBRF.IS : 0.1
ALARK.IS : 0.1
KOZAA.IS : 0.1
EKGYO.IS : 0.1
TOASO.IS : 0.1
FROTO.IS : 0.1
KRDMD.IS : 0.1
SASA.IS : 0.09999999999999998
