Min Volatility Portfolio:
AKBNK.IS : 0.030627319630737844
ALARK.IS : 0.03355163378050054
ARCLK.IS : 0.025774976026222127
ASELS.IS : 0.03814978815917138
BIMAS.IS : 0.0934489918169012
ENKAI.IS : 0.07078199245793025
EREGL.IS : 0.08935385259601901
GARAN.IS : 0.010580278311082172
GUBRF.IS : 0.0861253140548188
ISCTR.IS : 0.02373489092276189
KOZAA.IS : 0.04160674748929869
KOZAL.IS : 0.01397386473090985
PGSUS.IS : 0.03363796125166154
SAHOL.IS : 0.018351063148375927
SASA.IS : 0.08278919044319812
SISE.IS : 0.1037544115555827
TAVHL.IS : 0.03285901541858781
TCELL.IS : 0.09845510456332278
THYAO.IS : 0.043256570914235834
TUPRS.IS : 0.029187032728681502

Min Daily Loss Portfolio:
ALARK.IS : 0.2851010712646135
EREGL.IS : 0.18042619186276712
SASA.IS : 0.14048045732334763
SISE.IS : 0.3687473764234381
TCELL.IS : 0.025244903125833593

Max Sharpe Ratio Portfolio:
ALARK.IS : 0.19737818434184073
ARCLK.IS : 0.07327310578735856
BIMAS.IS : 0.029740121170367922
EREGL.IS : 0.043061859643266975
KRDMD.IS : 0.019334040821242047
PETKM.IS : 0.020365124838203914
SASA.IS : 0.11754409566014982
SISE.IS : 0.4620480665425619
TCELL.IS : 0.03725540119500812

Best 5 Return Portfolio:
SISE.IS : 0.2
ALARK.IS : 0.2
TOASO.IS : 0.2
ODAS.IS : 0.2
SASA.IS : 0.19999999999999996

Best 10 Return Portfolio:
SISE.IS : 0.1
ALARK.IS : 0.1
TOASO.IS : 0.1
ODAS.IS : 0.1
SASA.IS : 0.1
ARCLK.IS : 0.1
ENKAI.IS : 0.1
KRDMD.IS : 0.1
ASELS.IS : 0.1
EREGL.IS : 0.09999999999999998
