Min Volatility Portfolio:
ALARK.IS : 0.08097849713973525
ASELS.IS : 0.07536873336281516
BIMAS.IS : 0.06519631842770496
ENKAI.IS : 0.1712699519216371
EREGL.IS : 0.11866876095887945
GUBRF.IS : 0.15183182079884547
HEKTS.IS : 0.05910342560289542
KCHOL.IS : 0.016963719827946665
KOZAL.IS : 0.06341391800269575
KRDMD.IS : 0.012052203111108528
SAHOL.IS : 0.04983395832998153
SASA.IS : 0.10908565598137994
TCELL.IS : 0.02623303653437472

Min Daily Loss Portfolio:
ALARK.IS : 0.08714629006175949
ENKAI.IS : 0.21412723313776907
EREGL.IS : 0.11541541384905898
GUBRF.IS : 0.23282906283113963
KOZAL.IS : 0.09122604865481626
ODAS.IS : 0.048093428060510576
SASA.IS : 0.18301899005764352
TUPRS.IS : 0.02814353334730248

Max Sharpe Ratio Portfolio:
ALARK.IS : 0.024291285942541437
BIMAS.IS : 0.058879961930679486
ENKAI.IS : 0.08141434333017133
EREGL.IS : 0.0677328541237756
GUBRF.IS : 0.17223532272009448
KRDMD.IS : 0.08261325257846389
ODAS.IS : 0.06832454669775308
SASA.IS : 0.4445084326765207

Best 5 Return Portfolio:
SASA.IS : 0.2
ODAS.IS : 0.2
KRDMD.IS : 0.2
FROTO.IS : 0.2
PETKM.IS : 0.19999999999999996

Best 10 Return Portfolio:
SASA.IS : 0.1
ODAS.IS : 0.1
KRDMD.IS : 0.1
FROTO.IS : 0.1
PETKM.IS : 0.1
EREGL.IS : 0.1
BIMAS.IS : 0.1
ISCTR.IS : 0.1
GUBRF.IS : 0.1
SISE.IS : 0.09999999999999998
