Min Volatility Portfolio:
ARCLK.IS : 0.06499309217322687
BIMAS.IS : 0.2645011471632319
ENKAI.IS : 0.025380589383638134
EREGL.IS : 0.06564539500121752
FROTO.IS : 0.060227537612211224
HEKTS.IS : 0.03243708667748067
PETKM.IS : 0.03530911850476755
PGSUS.IS : 0.02287488010966901
SAHOL.IS : 0.026493155212759887
SASA.IS : 0.07963082259364748
SISE.IS : 0.09578746877832658
TCELL.IS : 0.19020280597223274
TUPRS.IS : 0.03651690081759039

Min Daily Loss Portfolio:
BIMAS.IS : 0.3922622491865842
FROTO.IS : 0.13318646833114078
HEKTS.IS : 0.09600747287182763
PGSUS.IS : 0.09827320607358403
SASA.IS : 0.15907424755258906
TUPRS.IS : 0.1211963559842743

Max Sharpe Ratio Portfolio:
BIMAS.IS : 0.22815460214014954
EREGL.IS : 0.03874633350964409
HEKTS.IS : 0.13066347256209007
PGSUS.IS : 0.5859041796572942
TCELL.IS : 0.016531412130822074

Best 5 Return Portfolio:
PGSUS.IS : 0.2
SASA.IS : 0.2
KOZAA.IS : 0.2
TAVHL.IS : 0.2
HEKTS.IS : 0.19999999999999996

Best 10 Return Portfolio:
PGSUS.IS : 0.1
SASA.IS : 0.1
KOZAA.IS : 0.1
TAVHL.IS : 0.1
HEKTS.IS : 0.1
FROTO.IS : 0.1
TOASO.IS : 0.1
THYAO.IS : 0.1
KOZAL.IS : 0.1
ODAS.IS : 0.09999999999999998
