Min Volatility Portfolio:
ALARK.IS : 0.055468885728550056
ARCLK.IS : 0.0806402816263009
ASELS.IS : 0.09943668597229771
BIMAS.IS : 0.12767132712437618
EKGYO.IS : 0.0134293755179336
ENKAI.IS : 0.08004595026232089
FROTO.IS : 0.05206841984725887
GUBRF.IS : 0.035059136470492434
KCHOL.IS : 0.03922725245788404
KOZAA.IS : 0.055674053850722965
KOZAL.IS : 0.09079408145510995
SAHOL.IS : 0.05018263703243719
SISE.IS : 0.026316062674791037
TAVHL.IS : 0.026169046755759248
THYAO.IS : 0.016479291804723524
TOASO.IS : 0.05592933373760254
TUPRS.IS : 0.04418241517807777
YKBNK.IS : 0.05122576250336111

Min Daily Loss Portfolio:
ASELS.IS : 0.35696510338893156
BIMAS.IS : 0.07574173619597303
EKGYO.IS : 0.17039139173793008
GARAN.IS : 0.06458985046696783
GUBRF.IS : 0.07487029871412829
HEKTS.IS : 0.035210258860169284
KOZAL.IS : 0.021150745117761313
ODAS.IS : 0.08705268916718834
YKBNK.IS : 0.11402792635095024

Max Sharpe Ratio Portfolio:
ODAS.IS : 0.9133957094874133
YKBNK.IS : 0.08660429051258664

Best 5 Return Portfolio:
ODAS.IS : 0.2
HEKTS.IS : 0.2
YKBNK.IS : 0.2
GUBRF.IS : 0.2
EKGYO.IS : 0.19999999999999996

Best 10 Return Portfolio:
ODAS.IS : 0.1
HEKTS.IS : 0.1
YKBNK.IS : 0.1
GUBRF.IS : 0.1
EKGYO.IS : 0.1
ISCTR.IS : 0.1
FROTO.IS : 0.1
PETKM.IS : 0.1
ENKAI.IS : 0.1
GARAN.IS : 0.09999999999999998
