Min Volatility Portfolio:
AKBNK.IS : 0.022663407363340795
ALARK.IS : 0.1272269988561473
ASELS.IS : 0.019393338128952792
BIMAS.IS : 0.014045536076995265
ENKAI.IS : 0.1714649577988161
EREGL.IS : 0.07519358893223191
GUBRF.IS : 0.10841684047147575
HEKTS.IS : 0.10782486128689575
PGSUS.IS : 0.047381197293299704
SAHOL.IS : 0.03563664466581122
SASA.IS : 0.08094642472842437
TAVHL.IS : 0.04665021044458035
THYAO.IS : 0.05205765587057257
TOASO.IS : 0.05384278331656293
YKBNK.IS : 0.03725555476589322

Min Daily Loss Portfolio:
ALARK.IS : 0.28357263760776735
BIMAS.IS : 0.02440206249592942
EREGL.IS : 0.02035590731393119
HEKTS.IS : 0.07016016186981058
ODAS.IS : 0.07767195859710727
SASA.IS : 0.1914417815331284
TOASO.IS : 0.33239549058232576

Max Sharpe Ratio Portfolio:
ALARK.IS : 0.11626843831955
GUBRF.IS : 0.04866539276365275
HEKTS.IS : 0.09354779021006161
KRDMD.IS : 0.11137571413948268
ODAS.IS : 0.0782769781060886
SASA.IS : 0.3748761770559599
TOASO.IS : 0.17698950940520455

Best 5 Return Portfolio:
SASA.IS : 0.2
PETKM.IS : 0.2
KRDMD.IS : 0.2
ODAS.IS : 0.2
TOASO.IS : 0.19999999999999996

Best 10 Return Portfolio:
SASA.IS : 0.1
PETKM.IS : 0.1
KRDMD.IS : 0.1
ODAS.IS : 0.1
TOASO.IS : 0.1
SISE.IS : 0.1
EREGL.IS : 0.1
BIMAS.IS : 0.1
ARCLK.IS : 0.1
ALARK.IS : 0.09999999999999998
