Min Volatility Portfolio:
AKBNK.IS : 0.051046809188618356
ALARK.IS : 0.03938784809420191
ARCLK.IS : 0.031063541382606575
BIMAS.IS : 0.0508725727077535
EKGYO.IS : 0.012698097736422066
ENKAI.IS : 0.0814462282746881
EREGL.IS : 0.06176298327500115
GARAN.IS : 0.05605853897322161
GUBRF.IS : 0.0209434375677153
HEKTS.IS : 0.04039902393267095
ISCTR.IS : 0.04883318269865591
KOZAA.IS : 0.06711027549768038
KOZAL.IS : 0.07095334634125097
KRDMD.IS : 0.03498326544448219
ODAS.IS : 0.042272837433183816
PETKM.IS : 0.06366082079866349
SAHOL.IS : 0.02535860118668618
SASA.IS : 0.06064463773236109
SISE.IS : 0.057089117183776905
TCELL.IS : 0.07273067489729897
YKBNK.IS : 0.01068415965306074

Min Daily Loss Portfolio:
BIMAS.IS : 0.05325805639859252
EKGYO.IS : 0.10563186639538322
GUBRF.IS : 0.07081339143129033
KRDMD.IS : 0.233139891389964
ODAS.IS : 0.10917543237039187
PETKM.IS : 0.09267923491932137
SASA.IS : 0.06241634764999602
TCELL.IS : 0.27288577944506065

Max Sharpe Ratio Portfolio:
BIMAS.IS : 0.11834523331299274
EKGYO.IS : 0.6290631503977416
EREGL.IS : 0.01654567906521802
KCHOL.IS : 0.026069806091015998
KOZAA.IS : 0.04987592164730107
TCELL.IS : 0.131071921550592
TOASO.IS : 0.02902828793513857

Best 5 Return Portfolio:
EKGYO.IS : 0.2
GUBRF.IS : 0.2
THYAO.IS : 0.2
FROTO.IS : 0.2
KCHOL.IS : 0.19999999999999996

Best 10 Return Portfolio:
EKGYO.IS : 0.1
GUBRF.IS : 0.1
THYAO.IS : 0.1
FROTO.IS : 0.1
KCHOL.IS : 0.1
ARCLK.IS : 0.1
BIMAS.IS : 0.1
PETKM.IS : 0.1
TAVHL.IS : 0.1
SAHOL.IS : 0.09999999999999998
