Min Volatility Portfolio:
AKBNK.IS : 0.012947295802879217
ALARK.IS : 0.04348490031072592
ARCLK.IS : 0.034841423581294224
ASELS.IS : 0.049254990017220605
ENKAI.IS : 0.09099447701257395
GARAN.IS : 0.033073472198364325
GUBRF.IS : 0.04695412333362789
HEKTS.IS : 0.011136627064685644
ISCTR.IS : 0.07179956361580156
KCHOL.IS : 0.03558301299976293
KOZAL.IS : 0.06512303250887568
KRDMD.IS : 0.01980925853677961
ODAS.IS : 0.011118518617350514
PETKM.IS : 0.09842145817545905
PGSUS.IS : 0.0795499536303427
SAHOL.IS : 0.05549661289455241
SASA.IS : 0.021061902050818704
SISE.IS : 0.05193608497027558
TCELL.IS : 0.02842400036485713
THYAO.IS : 0.054044696675474846
TUPRS.IS : 0.05491640717118571
YKBNK.IS : 0.030028188467091738

Min Daily Loss Portfolio:
ENKAI.IS : 0.09905246724209167
GUBRF.IS : 0.20439031724400203
HEKTS.IS : 0.12026934549900757
PETKM.IS : 0.14276256838053406
PGSUS.IS : 0.2496882542342998
SASA.IS : 0.18383704740006487

Max Sharpe Ratio Portfolio:
EKGYO.IS : 0.05500358463695583
GUBRF.IS : 0.47337304200663916
HEKTS.IS : 0.22712853117629828
ODAS.IS : 0.03422194560302159
PETKM.IS : 0.0641349552536317
PGSUS.IS : 0.08967653819880092
SASA.IS : 0.056461403124652615

Best 5 Return Portfolio:
GUBRF.IS : 0.2
HEKTS.IS : 0.2
ALARK.IS : 0.2
PGSUS.IS : 0.2
ODAS.IS : 0.19999999999999996

Best 10 Return Portfolio:
GUBRF.IS : 0.1
HEKTS.IS : 0.1
ALARK.IS : 0.1
PGSUS.IS : 0.1
ODAS.IS : 0.1
BIMAS.IS : 0.1
EKGYO.IS : 0.1
SASA.IS : 0.1
KRDMD.IS : 0.1
ASELS.IS : 0.09999999999999998
