Min Volatility Portfolio:
AKBNK.IS : 0.04640660866049046
ARCLK.IS : 0.05806218194621962
ASELS.IS : 0.02235112363170401
BIMAS.IS : 0.0684029565866388
EKGYO.IS : 0.033094951422975805
ENKAI.IS : 0.11539206243621807
EREGL.IS : 0.06664719602247952
GARAN.IS : 0.07577663966714189
ISCTR.IS : 0.06895893948117515
KCHOL.IS : 0.014754160546431411
KOZAA.IS : 0.04943702012063297
KOZAL.IS : 0.05518025274298231
PETKM.IS : 0.011543010433927981
SAHOL.IS : 0.06352591009810571
SISE.IS : 0.05314682502296942
TCELL.IS : 0.06449629040362745
THYAO.IS : 0.018949295445852596
TOASO.IS : 0.05346872465387754
TUPRS.IS : 0.032903418543348266
YKBNK.IS : 0.02750243213320104

Min Daily Loss Portfolio:
ALARK.IS : 0.07217792128391393
ARCLK.IS : 0.12299284571665518
ENKAI.IS : 0.3579385312588845
GARAN.IS : 0.22966292672902971
SASA.IS : 0.08631836127999853
YKBNK.IS : 0.1309094137315181

Max Sharpe Ratio Portfolio:
ALARK.IS : 0.14361573779292258
ARCLK.IS : 0.29628806419486114
ENKAI.IS : 0.0585133400270102
KRDMD.IS : 0.5015828579852061

Best 5 Return Portfolio:
ARCLK.IS : 0.2
ALARK.IS : 0.2
KRDMD.IS : 0.2
KCHOL.IS : 0.2
TOASO.IS : 0.19999999999999996

Best 10 Return Portfolio:
ARCLK.IS : 0.1
ALARK.IS : 0.1
KRDMD.IS : 0.1
KCHOL.IS : 0.1
TOASO.IS : 0.1
YKBNK.IS : 0.1
ENKAI.IS : 0.1
SASA.IS : 0.1
FROTO.IS : 0.1
PETKM.IS : 0.09999999999999998
