Min Volatility Portfolio:
AKBNK.IS : 0.020831525991365257
ALARK.IS : 0.05205295611317079
ARCLK.IS : 0.034663329448345215
ASELS.IS : 0.02430200092392027
BIMAS.IS : 0.06335206429239254
ENKAI.IS : 0.03315859754041245
EREGL.IS : 0.0221790104611801
FROTO.IS : 0.06557283769240893
GARAN.IS : 0.03217214782470286
GUBRF.IS : 0.0459331767018318
HEKTS.IS : 0.058827486614701247
ISCTR.IS : 0.012521527576299183
KOZAL.IS : 0.025780881843015493
KRDMD.IS : 0.03122269839005167
ODAS.IS : 0.06741837997332133
PETKM.IS : 0.03358787239368631
PGSUS.IS : 0.04137766709164207
SASA.IS : 0.0351156895598466
SISE.IS : 0.03617880737579765
TAVHL.IS : 0.033293730056248076
TCELL.IS : 0.04757371725225829
THYAO.IS : 0.040229857685053855
TOASO.IS : 0.04692138664027651
TUPRS.IS : 0.09573265055807165

Min Daily Loss Portfolio:
AKBNK.IS : 0.21582989862130617
ARCLK.IS : 0.19095753895405712
ENKAI.IS : 0.17534945470334037
FROTO.IS : 0.11653689997563743
GUBRF.IS : 0.021807163160591544
PETKM.IS : 0.042867270408112786
PGSUS.IS : 0.054605362601916445
SASA.IS : 0.036511833018892256
YKBNK.IS : 0.1455345785561458

Max Sharpe Ratio Portfolio:
AKBNK.IS : 0.06255759496370242
ALARK.IS : 0.0372203583302481
ENKAI.IS : 0.014622001939201854
FROTO.IS : 0.12443464984935303
GUBRF.IS : 0.026636895097797132
ISCTR.IS : 0.04198926215614132
PETKM.IS : 0.055790841857891585
PGSUS.IS : 0.03682650342025562
SAHOL.IS : 0.15867851328659133
SASA.IS : 0.016803452018827048
THYAO.IS : 0.04542858025904202
TUPRS.IS : 0.06002767584382099
YKBNK.IS : 0.3189836709771276

Best 5 Return Portfolio:
YKBNK.IS : 0.2
SAHOL.IS : 0.2
GUBRF.IS : 0.2
ISCTR.IS : 0.2
AKBNK.IS : 0.19999999999999996

Best 10 Return Portfolio:
YKBNK.IS : 0.1
SAHOL.IS : 0.1
GUBRF.IS : 0.1
ISCTR.IS : 0.1
AKBNK.IS : 0.1
FROTO.IS : 0.1
KCHOL.IS : 0.1
PETKM.IS : 0.1
ENKAI.IS : 0.1
GARAN.IS : 0.09999999999999998
