Min Volatility Portfolio:
ALARK.IS : 0.01974477601022812
ASELS.IS : 0.0663603802608127
BIMAS.IS : 0.21963747808871265
EKGYO.IS : 0.021479600752090232
ENKAI.IS : 0.025877435220050996
EREGL.IS : 0.031638473454495164
GUBRF.IS : 0.064768045730145
ISCTR.IS : 0.04311320770594627
KOZAA.IS : 0.06245204491733794
ODAS.IS : 0.06985081530431629
PETKM.IS : 0.04789783719407208
SAHOL.IS : 0.05700378192376184
SISE.IS : 0.026462657708862088
TCELL.IS : 0.147426485024276
THYAO.IS : 0.035436318887884344
TOASO.IS : 0.013636211303605891
TUPRS.IS : 0.0472144505134023

Min Daily Loss Portfolio:
BIMAS.IS : 0.11582708594608894
GUBRF.IS : 0.1506488653267152
ODAS.IS : 0.1742185438316057
TCELL.IS : 0.5593055048955902

Max Sharpe Ratio Portfolio:
ALARK.IS : 0.4083453786744038
ODAS.IS : 0.21476604733406165
SASA.IS : 0.3768885739915346

Best 5 Return Portfolio:
SASA.IS : 0.2
ALARK.IS : 0.2
FROTO.IS : 0.2
KRDMD.IS : 0.2
KOZAL.IS : 0.19999999999999996

Best 10 Return Portfolio:
SASA.IS : 0.1
ALARK.IS : 0.1
FROTO.IS : 0.1
KRDMD.IS : 0.1
KOZAL.IS : 0.1
HEKTS.IS : 0.1
ODAS.IS : 0.1
ARCLK.IS : 0.1
EKGYO.IS : 0.1
SISE.IS : 0.09999999999999998
