Min Volatility Portfolio:
AKBNK.IS : 0.06968084404988395
ARCLK.IS : 0.0279915848217439
ASELS.IS : 0.04643157234386654
BIMAS.IS : 0.10840023748731517
EKGYO.IS : 0.03154236542937187
ENKAI.IS : 0.08169182061455431
EREGL.IS : 0.054307047041219234
FROTO.IS : 0.029847589937883192
GARAN.IS : 0.020784218676405276
ISCTR.IS : 0.059905531299962865
KRDMD.IS : 0.04388945148497898
PETKM.IS : 0.08081527548454498
SAHOL.IS : 0.04885173757649334
SISE.IS : 0.06595935905128002
TCELL.IS : 0.10157519194135065
THYAO.IS : 0.011621990739057753
TOASO.IS : 0.03531437985278297
TUPRS.IS : 0.04903158523047649
YKBNK.IS : 0.03235821693682863

Min Daily Loss Portfolio:
AKBNK.IS : 0.1231793478320005
BIMAS.IS : 0.25330421983450174
EREGL.IS : 0.19940184487394366
HEKTS.IS : 0.010270414049614606
PETKM.IS : 0.13253719912851142
SASA.IS : 0.10059340356421842
TCELL.IS : 0.18071357071720967

Max Sharpe Ratio Portfolio:
BIMAS.IS : 0.07506599212936177
EREGL.IS : 0.37666016272484504
HEKTS.IS : 0.48846672926908064
TCELL.IS : 0.05980711587671249

Best 5 Return Portfolio:
HEKTS.IS : 0.2
EREGL.IS : 0.2
PETKM.IS : 0.2
TAVHL.IS : 0.2
PGSUS.IS : 0.19999999999999996

Best 10 Return Portfolio:
HEKTS.IS : 0.1
EREGL.IS : 0.1
PETKM.IS : 0.1
TAVHL.IS : 0.1
PGSUS.IS : 0.1
GARAN.IS : 0.1
SASA.IS : 0.1
SISE.IS : 0.1
KRDMD.IS : 0.1
AKBNK.IS : 0.09999999999999998
