Min Volatility Portfolio:
AKBNK.IS : 0.018864138346375226
ALARK.IS : 0.04703714640220755
ARCLK.IS : 0.018195819127132896
BIMAS.IS : 0.11711116631639389
ENKAI.IS : 0.01270637247685625
FROTO.IS : 0.062288009097355344
GARAN.IS : 0.044047417661916735
GUBRF.IS : 0.09863442159343801
HEKTS.IS : 0.10499025800192183
KOZAA.IS : 0.06551285977802863
KOZAL.IS : 0.037700915717801806
ODAS.IS : 0.08118088048994028
PETKM.IS : 0.07602693302976724
SISE.IS : 0.05859293131465863
TCELL.IS : 0.04667188733234556
TOASO.IS : 0.020893561006479506
TUPRS.IS : 0.08954528230738067

Min Daily Loss Portfolio:
ENKAI.IS : 0.11510204965569157
GARAN.IS : 0.03958018746863534
GUBRF.IS : 0.13666137545190868
PETKM.IS : 0.08552669534219469
SASA.IS : 0.08706419676016117
SISE.IS : 0.5360654953214085

Max Sharpe Ratio Portfolio:
ASELS.IS : 0.060870641698427104
ENKAI.IS : 0.14145638232592248
HEKTS.IS : 0.04254690080751959
ODAS.IS : 0.019084024432374905
SASA.IS : 0.2023969151984388
SISE.IS : 0.367467142516676
TOASO.IS : 0.1661779930206411

Best 5 Return Portfolio:
SISE.IS : 0.2
ASELS.IS : 0.2
TOASO.IS : 0.2
ENKAI.IS : 0.2
SASA.IS : 0.19999999999999996

Best 10 Return Portfolio:
SISE.IS : 0.1
ASELS.IS : 0.1
TOASO.IS : 0.1
ENKAI.IS : 0.1
SASA.IS : 0.1
FROTO.IS : 0.1
HEKTS.IS : 0.1
ARCLK.IS : 0.1
KCHOL.IS : 0.1
TCELL.IS : 0.09999999999999998
