Min Volatility Portfolio:
ALARK.IS : 0.05136794120482955
ASELS.IS : 0.015222595673158654
BIMAS.IS : 0.13210190741909383
EKGYO.IS : 0.011883425788673449
FROTO.IS : 0.061380997627514866
GARAN.IS : 0.033997053395194717
GUBRF.IS : 0.10397013055771721
HEKTS.IS : 0.08945493015322871
KOZAA.IS : 0.09506038111466551
KOZAL.IS : 0.04338348151881082
KRDMD.IS : 0.012380774798127558
ODAS.IS : 0.06797749491379146
PETKM.IS : 0.0871091148066052
SISE.IS : 0.05522201540059405
TCELL.IS : 0.04193933220981766
TOASO.IS : 0.041097598844602394
TUPRS.IS : 0.05645082457357448

Min Daily Loss Portfolio:
BIMAS.IS : 0.08562462944293565
ENKAI.IS : 0.09249529069946787
GUBRF.IS : 0.26287736170483844
HEKTS.IS : 0.10327241490609511
KOZAA.IS : 0.20076796986123055
KOZAL.IS : 0.0820936598112235
PETKM.IS : 0.079841029360435
SISE.IS : 0.04866226989851064
TOASO.IS : 0.044365374315263224

Max Sharpe Ratio Portfolio:
AKBNK.IS : 0.020945948385413766
BIMAS.IS : 0.021698231602810838
ENKAI.IS : 0.04940070970308431
HEKTS.IS : 0.1499378714422063
KOZAA.IS : 0.05679077641958517
ODAS.IS : 0.04136636095084104
PETKM.IS : 0.013228121446878365
SASA.IS : 0.1621229059324106
SISE.IS : 0.2879673479742479
TOASO.IS : 0.19654172614252163

Best 5 Return Portfolio:
TOASO.IS : 0.2
SASA.IS : 0.2
SISE.IS : 0.2
HEKTS.IS : 0.2
ENKAI.IS : 0.19999999999999996

Best 10 Return Portfolio:
TOASO.IS : 0.1
SASA.IS : 0.1
SISE.IS : 0.1
HEKTS.IS : 0.1
ENKAI.IS : 0.1
ASELS.IS : 0.1
ARCLK.IS : 0.1
KRDMD.IS : 0.1
KOZAA.IS : 0.1
FROTO.IS : 0.09999999999999998
