Min Volatility Portfolio:
ASELS.IS : 0.03615346723310673
BIMAS.IS : 0.16907526534514297
ENKAI.IS : 0.07074331679093039
EREGL.IS : 0.07971068315213845
GUBRF.IS : 0.08290144939825454
ISCTR.IS : 0.06054066502620962
KCHOL.IS : 0.03490023104179309
KOZAA.IS : 0.019555470539878113
KRDMD.IS : 0.010837636573766848
ODAS.IS : 0.10093319550342936
PETKM.IS : 0.027960357706784376
SAHOL.IS : 0.06158169699103827
SISE.IS : 0.061200727922951954
TCELL.IS : 0.09809953211550411
THYAO.IS : 0.017469629019209426
TOASO.IS : 0.06833667563986176

Min Daily Loss Portfolio:
BIMAS.IS : 0.04862308914760221
GUBRF.IS : 0.09124391173903992
KOZAA.IS : 0.02989517252667324
ODAS.IS : 0.5094836464180863
TCELL.IS : 0.3207541801685984

Max Sharpe Ratio Portfolio:
FROTO.IS : 0.11329117924139298
ODAS.IS : 0.04336487572669738
SAHOL.IS : 0.01605544452044585
SASA.IS : 0.8272885005114637

Best 5 Return Portfolio:
SASA.IS : 0.2
FROTO.IS : 0.2
KOZAL.IS : 0.2
KOZAA.IS : 0.2
GUBRF.IS : 0.19999999999999996

Best 10 Return Portfolio:
SASA.IS : 0.1
FROTO.IS : 0.1
KOZAL.IS : 0.1
KOZAA.IS : 0.1
GUBRF.IS : 0.1
HEKTS.IS : 0.1
ALARK.IS : 0.1
ODAS.IS : 0.1
KCHOL.IS : 0.1
TOASO.IS : 0.09999999999999998
