Min Volatility Portfolio:
ARCLK.IS : 0.057323567792325586
ASELS.IS : 0.11108063469396125
BIMAS.IS : 0.09358610780155924
ENKAI.IS : 0.021552363164535775
EREGL.IS : 0.06702985701507977
GUBRF.IS : 0.04693760160490584
ISCTR.IS : 0.04614470741437581
KCHOL.IS : 0.011075938475060465
KOZAL.IS : 0.02961541249754637
ODAS.IS : 0.07107966559410007
PETKM.IS : 0.05247035108396826
PGSUS.IS : 0.08556835875857297
SAHOL.IS : 0.07255017388259113
SASA.IS : 0.058085289742804073
SISE.IS : 0.020377703267752754
TAVHL.IS : 0.04105904995509227
TCELL.IS : 0.04031523728431648
THYAO.IS : 0.047866863012074636
TUPRS.IS : 0.026281116959377206

Min Daily Loss Portfolio:
ASELS.IS : 0.08184590080824362
EREGL.IS : 0.016941965223639242
FROTO.IS : 0.03159484734606438
HEKTS.IS : 0.04815759926372016
KOZAL.IS : 0.04792698131606871
ODAS.IS : 0.021622346711057134
PETKM.IS : 0.09441469060523226
SASA.IS : 0.09493379275080695
TAVHL.IS : 0.2116662147939438
THYAO.IS : 0.3508956611812238

Max Sharpe Ratio Portfolio:
FROTO.IS : 0.04477205356050448
GUBRF.IS : 0.06534292284749768
PETKM.IS : 0.21988886695090198
PGSUS.IS : 0.10054577554219489
SAHOL.IS : 0.018693871024143213
SASA.IS : 0.2784000154892319
TAVHL.IS : 0.08576055704015183
THYAO.IS : 0.18659593754537412

Best 5 Return Portfolio:
SASA.IS : 0.2
PETKM.IS : 0.2
THYAO.IS : 0.2
PGSUS.IS : 0.2
ALARK.IS : 0.19999999999999996

Best 10 Return Portfolio:
SASA.IS : 0.1
PETKM.IS : 0.1
THYAO.IS : 0.1
PGSUS.IS : 0.1
ALARK.IS : 0.1
TAVHL.IS : 0.1
GUBRF.IS : 0.1
FROTO.IS : 0.1
HEKTS.IS : 0.1
EREGL.IS : 0.09999999999999998
