Min Volatility Portfolio:
AKBNK.IS : 0.031890186527321396
ALARK.IS : 0.02119455439636536
ARCLK.IS : 0.058471828748096116
ASELS.IS : 0.02710955163017158
BIMAS.IS : 0.028809183998256962
EKGYO.IS : 0.08870499711131173
ENKAI.IS : 0.09500122209690474
FROTO.IS : 0.023363231396844614
GARAN.IS : 0.03257213566014923
HEKTS.IS : 0.023518806052708622
ISCTR.IS : 0.018855613731231843
KCHOL.IS : 0.05944763078960642
KOZAA.IS : 0.02842676328696154
KRDMD.IS : 0.0417587517471222
PETKM.IS : 0.061911885354572566
PGSUS.IS : 0.03267560105069717
SAHOL.IS : 0.062040302681044275
SISE.IS : 0.06686562830981346
TCELL.IS : 0.0487498138961738
THYAO.IS : 0.02265535866980682
TOASO.IS : 0.09441837242753869
TUPRS.IS : 0.01238242303898082
YKBNK.IS : 0.019176157398319918

Min Daily Loss Portfolio:
EKGYO.IS : 0.16007479128361318
KCHOL.IS : 0.36726243275596704
PGSUS.IS : 0.08554748857681506
TOASO.IS : 0.19853274414863464
YKBNK.IS : 0.18858254323497023

Max Sharpe Ratio Portfolio:
AKBNK.IS : 0.02372605509070467
EKGYO.IS : 0.013989468209546614
ENKAI.IS : 0.03180182592752207
HEKTS.IS : 0.012312090418052002
KCHOL.IS : 0.11124794533284023
KOZAA.IS : 0.0519245566565434
PETKM.IS : 0.049524026133806374
PGSUS.IS : 0.059527368974028015
SAHOL.IS : 0.03934168236455378
TAVHL.IS : 0.013959970934930295
THYAO.IS : 0.027574215918260602
TOASO.IS : 0.5410474796541541
YKBNK.IS : 0.024023314385057913

Best 5 Return Portfolio:
TOASO.IS : 0.2
KCHOL.IS : 0.2
SISE.IS : 0.2
BIMAS.IS : 0.2
PETKM.IS : 0.19999999999999996

Best 10 Return Portfolio:
TOASO.IS : 0.1
KCHOL.IS : 0.1
SISE.IS : 0.1
BIMAS.IS : 0.1
PETKM.IS : 0.1
GARAN.IS : 0.1
SAHOL.IS : 0.1
KRDMD.IS : 0.1
ENKAI.IS : 0.1
YKBNK.IS : 0.09999999999999998
