Min Volatility Portfolio:
AKBNK.IS : 0.05104936353860234
ARCLK.IS : 0.13645968825401664
BIMAS.IS : 0.058181666205948626
EKGYO.IS : 0.08776038970566517
ENKAI.IS : 0.08090633871034303
HEKTS.IS : 0.06467761968835162
ISCTR.IS : 0.05828527171703199
KOZAA.IS : 0.0409949513690073
ODAS.IS : 0.04018676025829432
SASA.IS : 0.08476367814461049
SISE.IS : 0.033975787921036206
TAVHL.IS : 0.1011553396158178
TCELL.IS : 0.08159928717957027
THYAO.IS : 0.04906609973586792
TUPRS.IS : 0.030937757955836292

Min Daily Loss Portfolio:
GARAN.IS : 0.059748958271799435
SASA.IS : 0.3084777086720776
TAVHL.IS : 0.032853596375390766
TOASO.IS : 0.4052644689954402
TUPRS.IS : 0.19365526768529204

Max Sharpe Ratio Portfolio:
ARCLK.IS : 0.017233988975347555
GUBRF.IS : 0.07972718868655353
PGSUS.IS : 0.0667723754616871
TAVHL.IS : 0.0530750944597868
THYAO.IS : 0.04750469170121233
TOASO.IS : 0.32402323321579907
TUPRS.IS : 0.41166342749961354

Best 5 Return Portfolio:
TUPRS.IS : 0.2
TOASO.IS : 0.2
THYAO.IS : 0.2
PGSUS.IS : 0.2
TAVHL.IS : 0.19999999999999996

Best 10 Return Portfolio:
TUPRS.IS : 0.1
TOASO.IS : 0.1
THYAO.IS : 0.1
PGSUS.IS : 0.1
TAVHL.IS : 0.1
GUBRF.IS : 0.1
ASELS.IS : 0.1
KOZAA.IS : 0.1
KRDMD.IS : 0.1
EREGL.IS : 0.09999999999999998
