Min Volatility Portfolio:
AKBNK.IS : 0.05539811366557108
ALARK.IS : 0.04765902593932153
ARCLK.IS : 0.08210131570567387
BIMAS.IS : 0.13905855733851719
ENKAI.IS : 0.09949874311292613
GARAN.IS : 0.04589574159880472
HEKTS.IS : 0.027416850216043953
ODAS.IS : 0.05644102030344897
PETKM.IS : 0.07950738923905977
PGSUS.IS : 0.02057616210876597
SAHOL.IS : 0.04939228641453847
SISE.IS : 0.08742300346395239
TCELL.IS : 0.11897112535393917
THYAO.IS : 0.032604652556508504
TUPRS.IS : 0.05805601298292828

Min Daily Loss Portfolio:
ENKAI.IS : 0.06650113898279852
SAHOL.IS : 0.22605593287085707
TCELL.IS : 0.7074429281463444

Max Sharpe Ratio Portfolio:
AKBNK.IS : 0.05225291603028657
ENKAI.IS : 0.23178736048763574
SAHOL.IS : 0.04952671700005106
TAVHL.IS : 0.03934288454800633
TCELL.IS : 0.5473218815100886
THYAO.IS : 0.07976824042393164

Best 5 Return Portfolio:
TCELL.IS : 0.2
ENKAI.IS : 0.2
THYAO.IS : 0.2
TAVHL.IS : 0.2
SAHOL.IS : 0.19999999999999996

Best 10 Return Portfolio:
TCELL.IS : 0.1
ENKAI.IS : 0.1
THYAO.IS : 0.1
TAVHL.IS : 0.1
SAHOL.IS : 0.1
EKGYO.IS : 0.1
TOASO.IS : 0.1
AKBNK.IS : 0.1
GARAN.IS : 0.1
ISCTR.IS : 0.09999999999999998
