Min Volatility Portfolio:
AKBNK.IS : 0.05497777533767924
ASELS.IS : 0.04644096782724037
BIMAS.IS : 0.23064458962045947
ENKAI.IS : 0.050984706802566206
EREGL.IS : 0.07459579981610394
GARAN.IS : 0.05110658305319848
KCHOL.IS : 0.06670471246761739
KOZAA.IS : 0.03989632927870827
KRDMD.IS : 0.017794976453213634
PETKM.IS : 0.038316936180573365
PGSUS.IS : 0.024014274820299053
SAHOL.IS : 0.030456619308602446
SISE.IS : 0.042326364716125574
TCELL.IS : 0.15029797611598064
THYAO.IS : 0.023626364956282432
TUPRS.IS : 0.057815023245349456

Min Daily Loss Portfolio:
BIMAS.IS : 0.37437099774344856
ENKAI.IS : 0.011531632407843209
EREGL.IS : 0.19865279548962067
PETKM.IS : 0.13426007783738064
TCELL.IS : 0.2811844965217069

Max Sharpe Ratio Portfolio:
EREGL.IS : 0.9453639687801246
SAHOL.IS : 0.054636031219875265

Best 5 Return Portfolio:
EREGL.IS : 0.2
PETKM.IS : 0.2
ENKAI.IS : 0.2
SASA.IS : 0.2
HEKTS.IS : 0.19999999999999996

Best 10 Return Portfolio:
EREGL.IS : 0.1
PETKM.IS : 0.1
ENKAI.IS : 0.1
SASA.IS : 0.1
HEKTS.IS : 0.1
KRDMD.IS : 0.1
KOZAA.IS : 0.1
ARCLK.IS : 0.1
TCELL.IS : 0.1
SISE.IS : 0.09999999999999998
