Min Volatility Portfolio:
ARCLK.IS : 0.06516845914355694
BIMAS.IS : 0.06320804003103292
EKGYO.IS : 0.1014174840269385
ENKAI.IS : 0.08341621359015723
HEKTS.IS : 0.041205551265815855
KCHOL.IS : 0.05838960327221859
KOZAA.IS : 0.04548158273191496
ODAS.IS : 0.19020274172496898
PETKM.IS : 0.04668729597453646
PGSUS.IS : 0.03343518781192344
SAHOL.IS : 0.03604984919985972
SISE.IS : 0.05006443325886177
TCELL.IS : 0.08516081509863228
TOASO.IS : 0.10011274286958241

Min Daily Loss Portfolio:
ENKAI.IS : 0.15321512654319425
KCHOL.IS : 0.08383388283981533
KOZAA.IS : 0.09458964668618451
ODAS.IS : 0.33557256912301153
TCELL.IS : 0.0673900593200826
TOASO.IS : 0.2653987154877117

Max Sharpe Ratio Portfolio:
BIMAS.IS : 0.06699276664599606
ENKAI.IS : 0.18476159957063737
KCHOL.IS : 0.1071077796944011
KOZAA.IS : 0.1384835219105643
ODAS.IS : 0.16660745109182165
PGSUS.IS : 0.014807004780791227
SISE.IS : 0.1202640301628069
TOASO.IS : 0.20097584614298145

Best 5 Return Portfolio:
TOASO.IS : 0.2
SISE.IS : 0.2
ENKAI.IS : 0.2
KOZAA.IS : 0.2
KCHOL.IS : 0.19999999999999996

Best 10 Return Portfolio:
TOASO.IS : 0.1
SISE.IS : 0.1
ENKAI.IS : 0.1
KOZAA.IS : 0.1
KCHOL.IS : 0.1
BIMAS.IS : 0.1
GARAN.IS : 0.1
ODAS.IS : 0.1
PETKM.IS : 0.1
SAHOL.IS : 0.09999999999999998
