Min Volatility Portfolio:
AKBNK.IS : 0.05007430143068566
ALARK.IS : 0.010591640484350752
ARCLK.IS : 0.0771937389977257
ASELS.IS : 0.013738654676161744
BIMAS.IS : 0.07321431140798254
ENKAI.IS : 0.03583717392859037
EREGL.IS : 0.017961036701511425
FROTO.IS : 0.05603864296726244
GUBRF.IS : 0.012733988590181582
HEKTS.IS : 0.03634029973239084
ISCTR.IS : 0.0495351394087633
KCHOL.IS : 0.03058578617998204
KOZAA.IS : 0.028608276159928468
KRDMD.IS : 0.02861341958048523
ODAS.IS : 0.04966300042000046
PGSUS.IS : 0.05449535731189215
SAHOL.IS : 0.051150780912511414
SISE.IS : 0.052164339245852086
TCELL.IS : 0.06249716617382674
THYAO.IS : 0.0367357294370094
TOASO.IS : 0.0626442246816549
TUPRS.IS : 0.044018973320738015
YKBNK.IS : 0.06556401825051252

Min Daily Loss Portfolio:
BIMAS.IS : 0.839852911697693
YKBNK.IS : 0.16014708830230695

Max Sharpe Ratio Portfolio:
AKBNK.IS : 0.02859235929338426
EKGYO.IS : 0.1610344246638407
SAHOL.IS : 0.2734090450723782
TAVHL.IS : 0.36612547559995784
TCELL.IS : 0.013393216107052809
THYAO.IS : 0.037243145123426066
TOASO.IS : 0.08555766546474422
YKBNK.IS : 0.03464466867521608

Best 5 Return Portfolio:
EKGYO.IS : 0.2
TAVHL.IS : 0.2
SAHOL.IS : 0.2
THYAO.IS : 0.2
AKBNK.IS : 0.19999999999999996

Best 10 Return Portfolio:
EKGYO.IS : 0.1
TAVHL.IS : 0.1
SAHOL.IS : 0.1
THYAO.IS : 0.1
AKBNK.IS : 0.1
TCELL.IS : 0.1
GARAN.IS : 0.1
SISE.IS : 0.1
YKBNK.IS : 0.1
ASELS.IS : 0.09999999999999998
