Min Volatility Portfolio:
AKBNK.IS : 0.03622955574079064
ALARK.IS : 0.03715506434928592
ARCLK.IS : 0.04764432960245921
ASELS.IS : 0.03791212950778209
BIMAS.IS : 0.05125733759568646
EKGYO.IS : 0.06823538941050937
ENKAI.IS : 0.05348187127805501
GARAN.IS : 0.048153604576704215
HEKTS.IS : 0.049968687806510356
ISCTR.IS : 0.025351937160534663
KCHOL.IS : 0.032739399088232486
KOZAL.IS : 0.02568754892078406
KRDMD.IS : 0.03756992217970327
PETKM.IS : 0.06696678631492427
PGSUS.IS : 0.029412150518428198
SAHOL.IS : 0.05582206011353174
SASA.IS : 0.022146268027786263
SISE.IS : 0.04369859589827181
TAVHL.IS : 0.011328699004220804
TCELL.IS : 0.06219018746511474
THYAO.IS : 0.030460128427809926
TOASO.IS : 0.05912542833388411
TUPRS.IS : 0.031169270882691117
YKBNK.IS : 0.036293647796299296

Min Daily Loss Portfolio:
ALARK.IS : 0.1568569678506363
ENKAI.IS : 0.14287999857227618
HEKTS.IS : 0.44795208007110715
SAHOL.IS : 0.12925314131478297
TOASO.IS : 0.12305781219119741

Max Sharpe Ratio Portfolio:
EREGL.IS : 0.017764973845705537
HEKTS.IS : 0.1356688444254086
KRDMD.IS : 0.036277227421193055
PETKM.IS : 0.03900533931778559
PGSUS.IS : 0.037531104003395974
SAHOL.IS : 0.016949285168755723
SASA.IS : 0.04886400261101193
TOASO.IS : 0.6679392232067436

Best 5 Return Portfolio:
TOASO.IS : 0.2
EREGL.IS : 0.2
KRDMD.IS : 0.2
HEKTS.IS : 0.2
ALARK.IS : 0.19999999999999996

Best 10 Return Portfolio:
TOASO.IS : 0.1
EREGL.IS : 0.1
KRDMD.IS : 0.1
HEKTS.IS : 0.1
ALARK.IS : 0.1
PETKM.IS : 0.1
GARAN.IS : 0.1
YKBNK.IS : 0.1
SAHOL.IS : 0.1
ASELS.IS : 0.09999999999999998
