Min Volatility Portfolio:
AKBNK.IS : 0.03546660605242919
ALARK.IS : 0.041735062690109195
ARCLK.IS : 0.04314061813443729
ASELS.IS : 0.029219745105720594
BIMAS.IS : 0.041083015041671195
EKGYO.IS : 0.030202678990660793
ENKAI.IS : 0.058079839127926886
EREGL.IS : 0.04915817378808979
FROTO.IS : 0.053133700058610386
GARAN.IS : 0.025405026612055594
GUBRF.IS : 0.016296041792503095
HEKTS.IS : 0.012144752120240496
ISCTR.IS : 0.04113128132071559
KCHOL.IS : 0.023763069892410994
KOZAA.IS : 0.030424221864289294
KOZAL.IS : 0.018589113562688997
KRDMD.IS : 0.028719970854305894
ODAS.IS : 0.040921531223997595
PETKM.IS : 0.05442882631381039
PGSUS.IS : 0.020710800790409895
SAHOL.IS : 0.03513867210432229
SASA.IS : 0.025222297571948393
SISE.IS : 0.03879362096453949
TAVHL.IS : 0.012655430505378496
TCELL.IS : 0.048493212466324785
THYAO.IS : 0.022183652161102695
TOASO.IS : 0.038156252680910996
TUPRS.IS : 0.03917531608350179
YKBNK.IS : 0.04642747012488789

Min Daily Loss Portfolio:
ALARK.IS : 0.2088769487214408
FROTO.IS : 0.030192993361703446
HEKTS.IS : 0.14690683889067144
KOZAA.IS : 0.1650584933424238
TAVHL.IS : 0.2792684013362188
TUPRS.IS : 0.1696963243475417

Max Sharpe Ratio Portfolio:
ALARK.IS : 0.0750622318724848
ARCLK.IS : 0.06508644174494727
BIMAS.IS : 0.0786384111115764
EKGYO.IS : 0.04873173944576005
FROTO.IS : 0.04474980610124757
GARAN.IS : 0.022932793369381487
GUBRF.IS : 0.0545079355209212
HEKTS.IS : 0.4264837821269886
ISCTR.IS : 0.017960917007324717
KCHOL.IS : 0.012617247501698726
SASA.IS : 0.01682951951206907
TCELL.IS : 0.08848587456872499
TUPRS.IS : 0.03508052303686145
YKBNK.IS : 0.012832777080013623

Best 5 Return Portfolio:
HEKTS.IS : 0.2
TAVHL.IS : 0.2
KOZAA.IS : 0.2
PGSUS.IS : 0.2
ENKAI.IS : 0.19999999999999996

Best 10 Return Portfolio:
HEKTS.IS : 0.1
TAVHL.IS : 0.1
KOZAA.IS : 0.1
PGSUS.IS : 0.1
ENKAI.IS : 0.1
THYAO.IS : 0.1
TUPRS.IS : 0.1
KOZAL.IS : 0.1
KRDMD.IS : 0.1
GARAN.IS : 0.09999999999999998
