Min Volatility Portfolio:
AKBNK.IS : 0.05425415923927478
ALARK.IS : 0.033107197976456365
ARCLK.IS : 0.07253437007437515
ASELS.IS : 0.05222881091770015
EKGYO.IS : 0.0705004008763915
ENKAI.IS : 0.037519270046728864
EREGL.IS : 0.01881502529585217
FROTO.IS : 0.04267422835998308
GARAN.IS : 0.05514025458724435
GUBRF.IS : 0.041191059025502214
HEKTS.IS : 0.01602281888242125
ISCTR.IS : 0.052469331055144744
KRDMD.IS : 0.04149970923343091
ODAS.IS : 0.05706226910375679
PGSUS.IS : 0.047378100488026084
SAHOL.IS : 0.032572990981066585
SASA.IS : 0.022197454990052982
SISE.IS : 0.035155400756302004
TAVHL.IS : 0.034024967440211364
TCELL.IS : 0.014105153821329092
TOASO.IS : 0.05763796653807056
TUPRS.IS : 0.08852346859931313
YKBNK.IS : 0.023385591711365766

Min Daily Loss Portfolio:
ARCLK.IS : 0.17507649402028086
EKGYO.IS : 0.261357893941188
FROTO.IS : 0.047227919527861234
GUBRF.IS : 0.04142311636093735
PGSUS.IS : 0.07816482506089809
THYAO.IS : 0.06662759289286915
TOASO.IS : 0.05774628190457104
TUPRS.IS : 0.09642646523431876
YKBNK.IS : 0.17594941105707546

Max Sharpe Ratio Portfolio:
AKBNK.IS : 0.0492410458897628
ALARK.IS : 0.10194065014470675
ARCLK.IS : 0.050734955397597356
EKGYO.IS : 0.03221786426965582
FROTO.IS : 0.047921614092195884
GARAN.IS : 0.019186693976745894
GUBRF.IS : 0.21832700182490766
ISCTR.IS : 0.01746651588642383
PGSUS.IS : 0.07898317554789687
SAHOL.IS : 0.046841529958008644
TAVHL.IS : 0.03890305944486485
THYAO.IS : 0.08041483493431861
TOASO.IS : 0.015268505677820485
TUPRS.IS : 0.08951741587697618
YKBNK.IS : 0.11303513707811845

Best 5 Return Portfolio:
GUBRF.IS : 0.2
FROTO.IS : 0.2
YKBNK.IS : 0.2
THYAO.IS : 0.2
SAHOL.IS : 0.19999999999999996

Best 10 Return Portfolio:
GUBRF.IS : 0.1
FROTO.IS : 0.1
YKBNK.IS : 0.1
THYAO.IS : 0.1
SAHOL.IS : 0.1
ALARK.IS : 0.1
PGSUS.IS : 0.1
AKBNK.IS : 0.1
ISCTR.IS : 0.1
TUPRS.IS : 0.09999999999999998
