Min Volatility Portfolio:
AKBNK.IS : 0.06780026563379352
ALARK.IS : 0.03325306896042959
ARCLK.IS : 0.038235508194434296
ASELS.IS : 0.03185053130397275
BIMAS.IS : 0.07250582845619034
EKGYO.IS : 0.03997108960414336
ENKAI.IS : 0.04997118279298434
EREGL.IS : 0.04542461127235849
FROTO.IS : 0.04131277929892676
GARAN.IS : 0.03448116837685368
HEKTS.IS : 0.01836164597101343
ISCTR.IS : 0.06553787724111333
KOZAL.IS : 0.01087185796819433
KRDMD.IS : 0.024612104931773574
PETKM.IS : 0.05997015495981846
SAHOL.IS : 0.04769171848269933
SASA.IS : 0.051871683257149685
SISE.IS : 0.056100173309328386
TCELL.IS : 0.06328798816944595
TOASO.IS : 0.03128355161187125
TUPRS.IS : 0.054006514689692635
YKBNK.IS : 0.0615986955138124

Min Daily Loss Portfolio:
AKBNK.IS : 0.10303563674923003
ALARK.IS : 0.07429718110193823
HEKTS.IS : 0.05444812013799912
SASA.IS : 0.27350951034105725
TCELL.IS : 0.4840978723053915
TUPRS.IS : 0.010611679364383945

Max Sharpe Ratio Portfolio:
AKBNK.IS : 0.010850200216664347
ARCLK.IS : 0.05808950647844925
BIMAS.IS : 0.10234018696283072
EKGYO.IS : 0.02279272734107436
FROTO.IS : 0.03212340391038934
GARAN.IS : 0.024972043259216634
HEKTS.IS : 0.49139547058130356
ISCTR.IS : 0.021318593462774323
SASA.IS : 0.10247080396147769
TCELL.IS : 0.11172168799190967
TUPRS.IS : 0.021925375833910066

Best 5 Return Portfolio:
HEKTS.IS : 0.2
PGSUS.IS : 0.2
TAVHL.IS : 0.2
THYAO.IS : 0.2
TUPRS.IS : 0.19999999999999996

Best 10 Return Portfolio:
HEKTS.IS : 0.1
PGSUS.IS : 0.1
TAVHL.IS : 0.1
THYAO.IS : 0.1
TUPRS.IS : 0.1
KOZAL.IS : 0.1
KOZAA.IS : 0.1
KRDMD.IS : 0.1
GARAN.IS : 0.1
TCELL.IS : 0.09999999999999998
