Min Volatility Portfolio:
AKBNK.IS : 0.03413072103950522
ARCLK.IS : 0.0898736853690001
ASELS.IS : 0.03153764123052103
BIMAS.IS : 0.036993092245173546
EKGYO.IS : 0.0962878573772164
ENKAI.IS : 0.05830072270913379
GARAN.IS : 0.046838120668573555
GUBRF.IS : 0.021231933744600005
ISCTR.IS : 0.07785912134820117
KOZAA.IS : 0.036746630807053725
ODAS.IS : 0.0469746970849453
PGSUS.IS : 0.053251599646352774
SAHOL.IS : 0.021961518600251577
SASA.IS : 0.058068287544299865
TAVHL.IS : 0.05682474355398614
TCELL.IS : 0.07744116124276594
TOASO.IS : 0.08055704607915219
TUPRS.IS : 0.05046473677175216
YKBNK.IS : 0.024656682937515433

Min Daily Loss Portfolio:
ENKAI.IS : 0.4742670160714281
EREGL.IS : 0.24107705715183192
ISCTR.IS : 0.08202209227511277
TCELL.IS : 0.20263383450162725

Max Sharpe Ratio Portfolio:
ASELS.IS : 0.04393411957138204
GARAN.IS : 0.051309041953587604
GUBRF.IS : 0.4816151245262149
ISCTR.IS : 0.032561280402027055
PGSUS.IS : 0.17227260636165934
TOASO.IS : 0.04589739504717935
TUPRS.IS : 0.09646379727963773
YKBNK.IS : 0.07594663485831199

Best 5 Return Portfolio:
GUBRF.IS : 0.2
TUPRS.IS : 0.2
FROTO.IS : 0.2
EREGL.IS : 0.2
YKBNK.IS : 0.19999999999999996

Best 10 Return Portfolio:
GUBRF.IS : 0.1
TUPRS.IS : 0.1
FROTO.IS : 0.1
EREGL.IS : 0.1
YKBNK.IS : 0.1
KRDMD.IS : 0.1
SAHOL.IS : 0.1
ALARK.IS : 0.1
EKGYO.IS : 0.1
KOZAA.IS : 0.09999999999999998
