Min Volatility Portfolio:
ARCLK.IS : 0.05882642379705244
ASELS.IS : 0.10270489504511812
BIMAS.IS : 0.10760205322002651
ENKAI.IS : 0.014627907734916247
EREGL.IS : 0.05168007055117082
GUBRF.IS : 0.05373340062662532
ISCTR.IS : 0.04402233860564482
KOZAL.IS : 0.022419687811645956
ODAS.IS : 0.055961767211274306
PETKM.IS : 0.032716764196052614
PGSUS.IS : 0.10447916554582183
SAHOL.IS : 0.062243274143501795
SASA.IS : 0.06374454187718877
SISE.IS : 0.032915751064631064
TAVHL.IS : 0.059661478632327326
TCELL.IS : 0.02928869308928636
THYAO.IS : 0.057493249506238873
TOASO.IS : 0.019298767785049548
TUPRS.IS : 0.026579769556427376

Min Daily Loss Portfolio:
ASELS.IS : 0.29452264855342103
FROTO.IS : 0.056491869304527896
GUBRF.IS : 0.058558602796582766
KOZAL.IS : 0.056679032478937845
ODAS.IS : 0.017325241714398254
PGSUS.IS : 0.19957372772708326
SASA.IS : 0.09348889563842361
TAVHL.IS : 0.22335998178662536

Max Sharpe Ratio Portfolio:
ARCLK.IS : 0.07063721738472438
FROTO.IS : 0.06361409350141356
GUBRF.IS : 0.07892866027436585
KRDMD.IS : 0.014498534010864934
PETKM.IS : 0.030097833344819174
PGSUS.IS : 0.23240443681991693
SAHOL.IS : 0.026905801649749744
SASA.IS : 0.3508398708629075
SISE.IS : 0.021935304911923154
TAVHL.IS : 0.0897333973846144
THYAO.IS : 0.020404849854700372

Best 5 Return Portfolio:
SASA.IS : 0.2
FROTO.IS : 0.2
PGSUS.IS : 0.2
TAVHL.IS : 0.2
KOZAL.IS : 0.19999999999999996

Best 10 Return Portfolio:
SASA.IS : 0.1
FROTO.IS : 0.1
PGSUS.IS : 0.1
TAVHL.IS : 0.1
KOZAL.IS : 0.1
KOZAA.IS : 0.1
ALARK.IS : 0.1
KCHOL.IS : 0.1
THYAO.IS : 0.1
HEKTS.IS : 0.09999999999999998
