Min Volatility Portfolio:
ARCLK.IS : 0.05148699758919369
ASELS.IS : 0.11734073793975036
BIMAS.IS : 0.08738420924799607
EREGL.IS : 0.037657860369537915
GUBRF.IS : 0.039444398529546974
ISCTR.IS : 0.04371628811713119
KOZAA.IS : 0.06281812521384382
KOZAL.IS : 0.025512965477695854
ODAS.IS : 0.07360879696491303
PETKM.IS : 0.06733851204946585
PGSUS.IS : 0.08950551516024469
SAHOL.IS : 0.057803064104386015
SASA.IS : 0.040497170320756504
TAVHL.IS : 0.03402257349114113
TCELL.IS : 0.05833092009578021
THYAO.IS : 0.05132227194979664
TUPRS.IS : 0.06220959337881993

Min Daily Loss Portfolio:
BIMAS.IS : 0.17083077943346262
EREGL.IS : 0.06025081577352881
FROTO.IS : 0.06708086097897503
HEKTS.IS : 0.014598190421310903
PETKM.IS : 0.09094068858786872
SASA.IS : 0.09915875798663087
TAVHL.IS : 0.12336693225331871
THYAO.IS : 0.25240458222620604
TUPRS.IS : 0.12136839233869823

Max Sharpe Ratio Portfolio:
EREGL.IS : 0.016001078296411272
FROTO.IS : 0.12129235747185255
PETKM.IS : 0.369796203131232
PGSUS.IS : 0.066758623415406
SASA.IS : 0.15357607104046336
TAVHL.IS : 0.05145895277180305
THYAO.IS : 0.22111671387283172

Best 5 Return Portfolio:
SASA.IS : 0.2
PETKM.IS : 0.2
THYAO.IS : 0.2
PGSUS.IS : 0.2
FROTO.IS : 0.19999999999999996

Best 10 Return Portfolio:
SASA.IS : 0.1
PETKM.IS : 0.1
THYAO.IS : 0.1
PGSUS.IS : 0.1
FROTO.IS : 0.1
HEKTS.IS : 0.1
TAVHL.IS : 0.1
GUBRF.IS : 0.1
EREGL.IS : 0.1
KRDMD.IS : 0.09999999999999998
