Min Volatility Portfolio:
AKBNK.IS : 0.06302042900873912
ARCLK.IS : 0.03694552330868821
ASELS.IS : 0.04487749500041488
BIMAS.IS : 0.08858725079192532
EKGYO.IS : 0.04838307825168843
ENKAI.IS : 0.0641025663732988
EREGL.IS : 0.04296202446870619
FROTO.IS : 0.0418877437879319
GARAN.IS : 0.02315693749676277
HEKTS.IS : 0.017095338478608307
ISCTR.IS : 0.059035530266005845
KRDMD.IS : 0.024009392581821016
PETKM.IS : 0.09992440602749177
SAHOL.IS : 0.04648784089265177
SASA.IS : 0.014621175210774096
SISE.IS : 0.061601246041591874
TCELL.IS : 0.08195341789603783
THYAO.IS : 0.019250169032615512
TOASO.IS : 0.025747451517449345
TUPRS.IS : 0.049760432786999945
YKBNK.IS : 0.04659055077979695

Min Daily Loss Portfolio:
AKBNK.IS : 0.21378596138732914
BIMAS.IS : 0.1281974372036053
EKGYO.IS : 0.06650563727478334
PETKM.IS : 0.2187469423259096
SASA.IS : 0.16604312905462693
TCELL.IS : 0.20672089275374575

Max Sharpe Ratio Portfolio:
ARCLK.IS : 0.04903239429828486
BIMAS.IS : 0.12251134144464282
EREGL.IS : 0.07730501142255013
GARAN.IS : 0.0463559974612358
HEKTS.IS : 0.5326835242580871
SASA.IS : 0.04440410265040111
TCELL.IS : 0.12770762846479822

Best 5 Return Portfolio:
HEKTS.IS : 0.2
EREGL.IS : 0.2
TAVHL.IS : 0.2
PGSUS.IS : 0.2
KRDMD.IS : 0.19999999999999996

Best 10 Return Portfolio:
HEKTS.IS : 0.1
EREGL.IS : 0.1
TAVHL.IS : 0.1
PGSUS.IS : 0.1
KRDMD.IS : 0.1
GARAN.IS : 0.1
THYAO.IS : 0.1
KOZAL.IS : 0.1
PETKM.IS : 0.1
TUPRS.IS : 0.09999999999999998
