Min Volatility Portfolio:
AKBNK.IS : 0.026199591305036494
ALARK.IS : 0.04718774444297648
ARCLK.IS : 0.026054514531123372
ASELS.IS : 0.03493903524603564
BIMAS.IS : 0.0609647791015949
FROTO.IS : 0.037910994232336015
GARAN.IS : 0.04853766120300715
GUBRF.IS : 0.06542708011813234
HEKTS.IS : 0.07874708650837398
KOZAA.IS : 0.02961568322270976
KOZAL.IS : 0.03762063126747337
KRDMD.IS : 0.03167962179431507
ODAS.IS : 0.06999580648929925
PETKM.IS : 0.05914465699565248
PGSUS.IS : 0.019428926329020466
SASA.IS : 0.028754934959178816
SISE.IS : 0.043699948423762375
TAVHL.IS : 0.025333343226221824
TCELL.IS : 0.0498963323937258
THYAO.IS : 0.037842846430617985
TOASO.IS : 0.034993589034850864
TUPRS.IS : 0.10602519274455544

Min Daily Loss Portfolio:
AKBNK.IS : 0.24985855770318555
ARCLK.IS : 0.1635414861484421
GARAN.IS : 0.1426445240396426
HEKTS.IS : 0.03347108152783322
ODAS.IS : 0.11392273027033316
PETKM.IS : 0.20624343774738654
SISE.IS : 0.09031818256317682

Max Sharpe Ratio Portfolio:
AKBNK.IS : 0.03881609003903975
ARCLK.IS : 0.03912067472418845
FROTO.IS : 0.0894582985994505
GARAN.IS : 0.10604533574613025
HEKTS.IS : 0.053399961206658075
ISCTR.IS : 0.017919982149320415
ODAS.IS : 0.06292457546341293
PETKM.IS : 0.024056835434144868
SAHOL.IS : 0.028520760564336854
SISE.IS : 0.14907423218284527
THYAO.IS : 0.08160560581873086
TOASO.IS : 0.022285181520551728
TUPRS.IS : 0.03854092669951326
YKBNK.IS : 0.2482315398516767

Best 5 Return Portfolio:
YKBNK.IS : 0.2
AKBNK.IS : 0.2
SISE.IS : 0.2
ISCTR.IS : 0.2
GARAN.IS : 0.19999999999999996

Best 10 Return Portfolio:
YKBNK.IS : 0.1
AKBNK.IS : 0.1
SISE.IS : 0.1
ISCTR.IS : 0.1
GARAN.IS : 0.1
SAHOL.IS : 0.1
FROTO.IS : 0.1
GUBRF.IS : 0.1
ARCLK.IS : 0.1
KCHOL.IS : 0.09999999999999998
