Min Volatility Portfolio:
ARCLK.IS : 0.04805588985032518
EKGYO.IS : 0.11497508394197743
ENKAI.IS : 0.1634230781321531
FROTO.IS : 0.01406743723967002
HEKTS.IS : 0.07546447502177092
KCHOL.IS : 0.07474416059541795
KOZAA.IS : 0.020202728895629248
ODAS.IS : 0.13580701593523456
PETKM.IS : 0.035358012129712346
SAHOL.IS : 0.03274836950373753
SISE.IS : 0.03979695416320523
TCELL.IS : 0.1359645547980211
TOASO.IS : 0.10939223979314544

Min Daily Loss Portfolio:
ENKAI.IS : 0.3608398502306462
KCHOL.IS : 0.14154587014992245
KOZAA.IS : 0.017551246531712424
TCELL.IS : 0.20374297438334832
TOASO.IS : 0.2586064208560187
YKBNK.IS : 0.017713637848351914

Max Sharpe Ratio Portfolio:
ENKAI.IS : 0.13053673383945427
HEKTS.IS : 0.049421764788659145
KCHOL.IS : 0.1469595093895513
KOZAA.IS : 0.16811873688609874
ODAS.IS : 0.048114988601023985
SISE.IS : 0.15132059109461668
TOASO.IS : 0.3055276754005959

Best 5 Return Portfolio:
TOASO.IS : 0.2
SISE.IS : 0.2
KCHOL.IS : 0.2
BIMAS.IS : 0.2
KOZAA.IS : 0.19999999999999996

Best 10 Return Portfolio:
TOASO.IS : 0.1
SISE.IS : 0.1
KCHOL.IS : 0.1
BIMAS.IS : 0.1
KOZAA.IS : 0.1
GARAN.IS : 0.1
SAHOL.IS : 0.1
PETKM.IS : 0.1
YKBNK.IS : 0.1
ENKAI.IS : 0.09999999999999998
