Min Volatility Portfolio:
ARCLK.IS : 0.07524218433511541
ASELS.IS : 0.0321727996843815
BIMAS.IS : 0.049362383902730206
EKGYO.IS : 0.1113626402384797
ENKAI.IS : 0.05958536779583778
FROTO.IS : 0.035514543503632104
HEKTS.IS : 0.053659513408286376
ISCTR.IS : 0.016371243172411294
KCHOL.IS : 0.04758679551453202
KOZAA.IS : 0.0301374207523704
ODAS.IS : 0.207710288681321
PETKM.IS : 0.0114930219983161
PGSUS.IS : 0.027882377518049836
SAHOL.IS : 0.03104105881466465
SISE.IS : 0.03804421985971869
TCELL.IS : 0.050091795491217936
TOASO.IS : 0.12274234532893498

Min Daily Loss Portfolio:
ENKAI.IS : 0.08507929940233586
HEKTS.IS : 0.0700573538930175
KCHOL.IS : 0.13561450745059037
KOZAA.IS : 0.05922124216276129
ODAS.IS : 0.38735636003713464
TOASO.IS : 0.26267123705416034

Max Sharpe Ratio Portfolio:
BIMAS.IS : 0.022718021709222287
ENKAI.IS : 0.0676480743313799
GARAN.IS : 0.011184366166097888
HEKTS.IS : 0.0756237602000504
KCHOL.IS : 0.12404690444561114
KOZAA.IS : 0.2770246511946801
ODAS.IS : 0.21421595780838626
TOASO.IS : 0.20753826414457194

Best 5 Return Portfolio:
KOZAA.IS : 0.2
ODAS.IS : 0.2
TOASO.IS : 0.2
KCHOL.IS : 0.2
ENKAI.IS : 0.19999999999999996

Best 10 Return Portfolio:
KOZAA.IS : 0.1
ODAS.IS : 0.1
TOASO.IS : 0.1
KCHOL.IS : 0.1
ENKAI.IS : 0.1
BIMAS.IS : 0.1
SISE.IS : 0.1
AKBNK.IS : 0.1
YKBNK.IS : 0.1
TAVHL.IS : 0.09999999999999998
