Min Volatility Portfolio:
AKBNK.IS : 0.06562911095007921
ALARK.IS : 0.0357793614125561
ARCLK.IS : 0.05548226719250051
BIMAS.IS : 0.05317708174991516
EKGYO.IS : 0.05936626651041812
ENKAI.IS : 0.1076955420639276
GARAN.IS : 0.0935255482322238
ISCTR.IS : 0.07022462291472549
KCHOL.IS : 0.044635999832785524
KOZAL.IS : 0.01112913814682266
KRDMD.IS : 0.01527779968194271
ODAS.IS : 0.020098936851608382
PETKM.IS : 0.036525341735320564
SAHOL.IS : 0.06954723921962112
SISE.IS : 0.04835886109067523
TCELL.IS : 0.06856141486451685
THYAO.IS : 0.017549275555389557
TOASO.IS : 0.0587979162404948
TUPRS.IS : 0.037185463163152535
YKBNK.IS : 0.03145281259132393

Min Daily Loss Portfolio:
ALARK.IS : 0.07217792320954414
ARCLK.IS : 0.1229928466164702
ENKAI.IS : 0.35793855909977984
GARAN.IS : 0.2296629273175333
SASA.IS : 0.08631837170438207
YKBNK.IS : 0.13090937205229033

Max Sharpe Ratio Portfolio:
EREGL.IS : 0.0211539400230108
HEKTS.IS : 0.18056268906817916
KRDMD.IS : 0.5304418425028665
PETKM.IS : 0.07807963153724516
TOASO.IS : 0.08144821242130099
YKBNK.IS : 0.10831368444739742

Best 5 Return Portfolio:
KRDMD.IS : 0.2
YKBNK.IS : 0.2
HEKTS.IS : 0.2
PETKM.IS : 0.2
ASELS.IS : 0.19999999999999996

Best 10 Return Portfolio:
KRDMD.IS : 0.1
YKBNK.IS : 0.1
HEKTS.IS : 0.1
PETKM.IS : 0.1
ASELS.IS : 0.1
EREGL.IS : 0.1
TOASO.IS : 0.1
KCHOL.IS : 0.1
ALARK.IS : 0.1
SAHOL.IS : 0.09999999999999998
