Min Volatility Portfolio:
AKBNK.IS : 0.028844740146827457
ARCLK.IS : 0.13694733118222358
ASELS.IS : 0.015352737688226249
BIMAS.IS : 0.043405259958499774
EKGYO.IS : 0.11630525629196567
ENKAI.IS : 0.016014935915408837
GARAN.IS : 0.060614391542947135
GUBRF.IS : 0.019865577228262692
HEKTS.IS : 0.04898092882270385
ISCTR.IS : 0.09168074702462593
KOZAA.IS : 0.041443030555943554
ODAS.IS : 0.06783591481336856
PGSUS.IS : 0.046658642422880134
SASA.IS : 0.0636454549007138
TAVHL.IS : 0.06577791658260498
TCELL.IS : 0.07979735313902336
THYAO.IS : 0.02846098132395474
TOASO.IS : 0.012391470186432886
TUPRS.IS : 0.015977330273386745

Min Daily Loss Portfolio:
GARAN.IS : 0.07217275219668567
KOZAA.IS : 0.15908572205661659
SASA.IS : 0.326682246859099
TCELL.IS : 0.06430700174502961
TOASO.IS : 0.22478209347000289
TUPRS.IS : 0.15297018367256635

Max Sharpe Ratio Portfolio:
ASELS.IS : 0.07810544151074396
GUBRF.IS : 0.3767153716103748
PGSUS.IS : 0.126654612887729
TOASO.IS : 0.1196613284091198
TUPRS.IS : 0.2988632455820323

Best 5 Return Portfolio:
GUBRF.IS : 0.2
TUPRS.IS : 0.2
KRDMD.IS : 0.2
TOASO.IS : 0.2
FROTO.IS : 0.19999999999999996

Best 10 Return Portfolio:
GUBRF.IS : 0.1
TUPRS.IS : 0.1
KRDMD.IS : 0.1
TOASO.IS : 0.1
FROTO.IS : 0.1
KOZAA.IS : 0.1
EREGL.IS : 0.1
SAHOL.IS : 0.1
ASELS.IS : 0.1
KOZAL.IS : 0.09999999999999998
