Min Volatility Portfolio:
ARCLK.IS : 0.18151650436778188
BIMAS.IS : 0.09949173606285737
EKGYO.IS : 0.07281796277404258
ENKAI.IS : 0.13401657414526216
GUBRF.IS : 0.05478801240972079
HEKTS.IS : 0.10430277799036468
ISCTR.IS : 0.010497386955933899
KCHOL.IS : 0.038767942244355195
SASA.IS : 0.06653615046631599
TAVHL.IS : 0.09883609948040797
TCELL.IS : 0.06025627799770729
THYAO.IS : 0.016874946604148296
TUPRS.IS : 0.061297628501101785

Min Daily Loss Portfolio:
ASELS.IS : 0.02713541971676912
ENKAI.IS : 0.07561893225708285
SASA.IS : 0.17727685785387975
THYAO.IS : 0.12623330685813125
TOASO.IS : 0.4540771396971502
TUPRS.IS : 0.13965834361698687

Max Sharpe Ratio Portfolio:
SASA.IS : 0.09645411124781032
TAVHL.IS : 0.03311577054250981
THYAO.IS : 0.22380190609702824
TOASO.IS : 0.05053566123388032
TUPRS.IS : 0.5960925508787713

Best 5 Return Portfolio:
TUPRS.IS : 0.2
THYAO.IS : 0.2
PGSUS.IS : 0.2
TOASO.IS : 0.2
TAVHL.IS : 0.19999999999999996

Best 10 Return Portfolio:
TUPRS.IS : 0.1
THYAO.IS : 0.1
PGSUS.IS : 0.1
TOASO.IS : 0.1
TAVHL.IS : 0.1
ASELS.IS : 0.1
ODAS.IS : 0.1
SAHOL.IS : 0.1
SASA.IS : 0.1
PETKM.IS : 0.09999999999999998
