Min Volatility Portfolio:
AKBNK.IS : 0.03684012306207379
ALARK.IS : 0.03653779252647299
ARCLK.IS : 0.09376241623119087
BIMAS.IS : 0.06531483597748058
ENKAI.IS : 0.03070527123804929
EREGL.IS : 0.010941805873688698
FROTO.IS : 0.07365312081739839
HEKTS.IS : 0.036670623734861796
ISCTR.IS : 0.047149717201403284
KCHOL.IS : 0.03144525616119139
KOZAA.IS : 0.026369570950328394
KRDMD.IS : 0.026215073963341693
ODAS.IS : 0.045688747143951394
PETKM.IS : 0.023115572102822696
PGSUS.IS : 0.046537836362507995
SAHOL.IS : 0.04600808672104259
SISE.IS : 0.04760674812825929
TCELL.IS : 0.05927632700067219
THYAO.IS : 0.037962277381548296
TOASO.IS : 0.07727521955508539
TUPRS.IS : 0.03326970136035029
YKBNK.IS : 0.06765387650627869

Min Daily Loss Portfolio:
BIMAS.IS : 0.8398528938119498
YKBNK.IS : 0.16014710618805023

Max Sharpe Ratio Portfolio:
ENKAI.IS : 0.36838989574674863
KOZAA.IS : 0.05357679749621108
SAHOL.IS : 0.2397436624217542
SISE.IS : 0.16930122656220692
TCELL.IS : 0.10826183547814655
THYAO.IS : 0.022682653281345833
TUPRS.IS : 0.038043929013586705

Best 5 Return Portfolio:
ENKAI.IS : 0.2
TAVHL.IS : 0.2
SISE.IS : 0.2
THYAO.IS : 0.2
KOZAA.IS : 0.19999999999999996

Best 10 Return Portfolio:
ENKAI.IS : 0.1
TAVHL.IS : 0.1
SISE.IS : 0.1
THYAO.IS : 0.1
KOZAA.IS : 0.1
SAHOL.IS : 0.1
EKGYO.IS : 0.1
TCELL.IS : 0.1
GARAN.IS : 0.1
TUPRS.IS : 0.09999999999999998
