Min Volatility Portfolio:
ALARK.IS : 0.05824281078440033
ARCLK.IS : 0.03749298284228018
BIMAS.IS : 0.08655508277490719
EKGYO.IS : 0.012979288771660038
ENKAI.IS : 0.0840274597620146
EREGL.IS : 0.01894439237507796
FROTO.IS : 0.045070136531261296
GARAN.IS : 0.053515494780826796
HEKTS.IS : 0.025572683722831228
KCHOL.IS : 0.018549953555049445
KOZAA.IS : 0.03258442652755262
KOZAL.IS : 0.024758218963334258
KRDMD.IS : 0.07718553249657198
ODAS.IS : 0.06763654780695225
PETKM.IS : 0.049159535419802995
PGSUS.IS : 0.04217753408464958
SASA.IS : 0.04814448740615681
TAVHL.IS : 0.04223828730452217
TCELL.IS : 0.07693641758289324
THYAO.IS : 0.036224873347536254
TOASO.IS : 0.032076104715672904
TUPRS.IS : 0.029927748444045877

Min Daily Loss Portfolio:
ALARK.IS : 0.05946604755970396
ENKAI.IS : 0.12905727128986544
GARAN.IS : 0.12445442971984856
HEKTS.IS : 0.1163445587170886
KOZAL.IS : 0.016362098867897044
PGSUS.IS : 0.0982855787336103
SASA.IS : 0.18091275894364722
TOASO.IS : 0.13600625564555407
TUPRS.IS : 0.13911100052278486

Max Sharpe Ratio Portfolio:
AKBNK.IS : 0.021918245629945748
ENKAI.IS : 0.04449654071975762
GARAN.IS : 0.032552627712807626
HEKTS.IS : 0.09862766592556939
KOZAA.IS : 0.03339279587431179
KRDMD.IS : 0.04407500444132408
ODAS.IS : 0.2490026342550498
PGSUS.IS : 0.09913669151836962
SISE.IS : 0.06752810157553601
TCELL.IS : 0.05461001183195723
THYAO.IS : 0.16631621339734276
TOASO.IS : 0.02850833595751097
TUPRS.IS : 0.016749607027976756
YKBNK.IS : 0.043085524132540444

Best 5 Return Portfolio:
ODAS.IS : 0.2
HEKTS.IS : 0.2
YKBNK.IS : 0.2
THYAO.IS : 0.2
AKBNK.IS : 0.19999999999999996

Best 10 Return Portfolio:
ODAS.IS : 0.1
HEKTS.IS : 0.1
YKBNK.IS : 0.1
THYAO.IS : 0.1
AKBNK.IS : 0.1
SISE.IS : 0.1
ISCTR.IS : 0.1
KOZAA.IS : 0.1
PGSUS.IS : 0.1
EKGYO.IS : 0.09999999999999998
