Min Volatility Portfolio:
AKBNK.IS : 0.01483083911102187
ALARK.IS : 0.07521729704938117
ARCLK.IS : 0.08159287344567176
ASELS.IS : 0.050443034602339974
EKGYO.IS : 0.04059276708445786
ENKAI.IS : 0.05470893355076024
EREGL.IS : 0.06951461265532922
FROTO.IS : 0.03979140736888406
GARAN.IS : 0.034020614147782444
GUBRF.IS : 0.05089680515008288
HEKTS.IS : 0.06554075369005906
ISCTR.IS : 0.01452230304901034
KOZAL.IS : 0.05272213231470709
KRDMD.IS : 0.06724687455841127
PETKM.IS : 0.13512193478420248
SASA.IS : 0.07449317138259466
SISE.IS : 0.01584434267395426
TAVHL.IS : 0.023400646019524525
TCELL.IS : 0.01490481146523915
TOASO.IS : 0.024593845896585604

Min Daily Loss Portfolio:
ALARK.IS : 0.12010051766109613
ARCLK.IS : 0.08112699110249834
ENKAI.IS : 0.09258765339765945
GARAN.IS : 0.025458802543133242
HEKTS.IS : 0.10141822195394419
PGSUS.IS : 0.15082416536502605
SASA.IS : 0.2858891291937361
TCELL.IS : 0.14259451878290647

Max Sharpe Ratio Portfolio:
ARCLK.IS : 0.03212141040263405
ASELS.IS : 0.04138688787438758
EKGYO.IS : 0.03656911520369546
HEKTS.IS : 0.3313665305949574
KOZAL.IS : 0.01450087850885587
KRDMD.IS : 0.03588661722654601
ODAS.IS : 0.01106752828440524
SASA.IS : 0.41681272039588807
TCELL.IS : 0.08028831150863042

Best 5 Return Portfolio:
SASA.IS : 0.2
HEKTS.IS : 0.2
THYAO.IS : 0.2
PGSUS.IS : 0.2
TUPRS.IS : 0.19999999999999996

Best 10 Return Portfolio:
SASA.IS : 0.1
HEKTS.IS : 0.1
THYAO.IS : 0.1
PGSUS.IS : 0.1
TUPRS.IS : 0.1
SISE.IS : 0.1
YKBNK.IS : 0.1
SAHOL.IS : 0.1
AKBNK.IS : 0.1
TCELL.IS : 0.09999999999999998
