Min Volatility Portfolio:
ALARK.IS : 0.15737813622629446
ARCLK.IS : 0.05020699720117014
BIMAS.IS : 0.07498035421559684
ENKAI.IS : 0.12060801663168545
FROTO.IS : 0.081522612670334
GUBRF.IS : 0.01737105859919794
HEKTS.IS : 0.010370244259064604
KOZAA.IS : 0.03746890817317474
KOZAL.IS : 0.014268768365953966
ODAS.IS : 0.0659892699022798
SASA.IS : 0.049963251394537805
TAVHL.IS : 0.08726419710007086
TCELL.IS : 0.01782116700530476
THYAO.IS : 0.04672273423203712
TOASO.IS : 0.0759583703806075
TUPRS.IS : 0.09210591364269022

Min Daily Loss Portfolio:
AKBNK.IS : 0.016513879267466735
ALARK.IS : 0.06824753850636558
BIMAS.IS : 0.10844246250753645
GARAN.IS : 0.18683448198818356
PETKM.IS : 0.03798803565779511
TCELL.IS : 0.2158568917318025
THYAO.IS : 0.2662544989445172
YKBNK.IS : 0.09986221139633292

Max Sharpe Ratio Portfolio:
ALARK.IS : 0.20537005228406624
GUBRF.IS : 0.025859933723040105
ISCTR.IS : 0.6007125288073056
PETKM.IS : 0.01382641890267335
TCELL.IS : 0.05704816383215769
THYAO.IS : 0.09718290245075685

Best 5 Return Portfolio:
ISCTR.IS : 0.2
YKBNK.IS : 0.2
AKBNK.IS : 0.2
GARAN.IS : 0.2
PETKM.IS : 0.19999999999999996

Best 10 Return Portfolio:
ISCTR.IS : 0.1
YKBNK.IS : 0.1
AKBNK.IS : 0.1
GARAN.IS : 0.1
PETKM.IS : 0.1
EKGYO.IS : 0.1
TCELL.IS : 0.1
PGSUS.IS : 0.1
KRDMD.IS : 0.1
ALARK.IS : 0.09999999999999998
