Min Volatility Portfolio:
ARCLK.IS : 0.20241855461435704
ASELS.IS : 0.08817513808559242
ENKAI.IS : 0.0758371981713295
EREGL.IS : 0.06299075680688478
FROTO.IS : 0.07264370140420069
GUBRF.IS : 0.07875205857373127
HEKTS.IS : 0.11372218894341805
KOZAL.IS : 0.012699628841677437
KRDMD.IS : 0.03829393590169921
ODAS.IS : 0.04208561976772249
PETKM.IS : 0.08544682723789443
SASA.IS : 0.08298537188750627
TOASO.IS : 0.04394901976398653

Min Daily Loss Portfolio:
ASELS.IS : 0.2779145132222441
HEKTS.IS : 0.17890762559136514
ODAS.IS : 0.08169501653601267
SASA.IS : 0.08645616083422218
TCELL.IS : 0.013982229253341256
TUPRS.IS : 0.22585616382592977
YKBNK.IS : 0.13518829073688485

Max Sharpe Ratio Portfolio:
ARCLK.IS : 0.08200374369010624
ASELS.IS : 0.07890502067384214
EKGYO.IS : 0.023883811726151002
EREGL.IS : 0.03122626015571355
HEKTS.IS : 0.4214126707830605
KRDMD.IS : 0.02168915392128742
SASA.IS : 0.191382525453504
TCELL.IS : 0.1494968135963351

Best 5 Return Portfolio:
HEKTS.IS : 0.2
SASA.IS : 0.2
THYAO.IS : 0.2
AKBNK.IS : 0.2
YKBNK.IS : 0.19999999999999996

Best 10 Return Portfolio:
HEKTS.IS : 0.1
SASA.IS : 0.1
THYAO.IS : 0.1
AKBNK.IS : 0.1
YKBNK.IS : 0.1
ODAS.IS : 0.1
GARAN.IS : 0.1
PGSUS.IS : 0.1
SAHOL.IS : 0.1
TUPRS.IS : 0.09999999999999998
