Min Volatility Portfolio:
ARCLK.IS : 0.20303772244622753
ASELS.IS : 0.11343131409724437
ENKAI.IS : 0.06306665213950868
EREGL.IS : 0.023085415663044298
FROTO.IS : 0.04411859055370259
GUBRF.IS : 0.09566454716989127
HEKTS.IS : 0.11369937059925307
KOZAL.IS : 0.038861310996558596
ODAS.IS : 0.11594711765424418
PETKM.IS : 0.07366150409286429
SASA.IS : 0.07486282354250488
TOASO.IS : 0.040563631044956194

Min Daily Loss Portfolio:
ASELS.IS : 0.33982680804962795
GUBRF.IS : 0.015850494008620795
HEKTS.IS : 0.23725648506176844
ODAS.IS : 0.15897052352228602
THYAO.IS : 0.03183300257349162
YKBNK.IS : 0.2162626867842052

Max Sharpe Ratio Portfolio:
ARCLK.IS : 0.11811186151654685
ASELS.IS : 0.13030161478776525
EREGL.IS : 0.012293970130944923
FROTO.IS : 0.026876671494893672
GUBRF.IS : 0.020520955706471215
HEKTS.IS : 0.42161382694291133
KRDMD.IS : 0.013954257213515129
ODAS.IS : 0.07425496775094528
SASA.IS : 0.04265606917247979
TCELL.IS : 0.13941580528352654

Best 5 Return Portfolio:
HEKTS.IS : 0.2
ODAS.IS : 0.2
SASA.IS : 0.2
THYAO.IS : 0.2
YKBNK.IS : 0.19999999999999996

Best 10 Return Portfolio:
HEKTS.IS : 0.1
ODAS.IS : 0.1
SASA.IS : 0.1
THYAO.IS : 0.1
YKBNK.IS : 0.1
PGSUS.IS : 0.1
AKBNK.IS : 0.1
SAHOL.IS : 0.1
SISE.IS : 0.1
KCHOL.IS : 0.09999999999999998
