Min Volatility Portfolio:
AKBNK.IS : 0.032409512576846065
ALARK.IS : 0.10301853141343904
ARCLK.IS : 0.05314326151492214
ASELS.IS : 0.03847512416745333
BIMAS.IS : 0.025049535295431052
ENKAI.IS : 0.052795308360481505
FROTO.IS : 0.09401792141582298
GARAN.IS : 0.024141834048837067
KCHOL.IS : 0.010268990148106482
KOZAA.IS : 0.0480357286362971
KRDMD.IS : 0.03683536624253053
PGSUS.IS : 0.0705354315860905
TAVHL.IS : 0.08665024177654175
TCELL.IS : 0.04400993694762849
THYAO.IS : 0.1206786170501542
TOASO.IS : 0.10839774975413669
TUPRS.IS : 0.01962543087122107
YKBNK.IS : 0.03191147819406011

Min Daily Loss Portfolio:
ALARK.IS : 0.13382517434187327
ENKAI.IS : 0.06569176282273449
FROTO.IS : 0.1421579081271839
HEKTS.IS : 0.0522461965159327
KOZAL.IS : 0.10673817565247674
ODAS.IS : 0.03748837171638577
THYAO.IS : 0.2779579676373726
TOASO.IS : 0.18389444318604042

Max Sharpe Ratio Portfolio:
GARAN.IS : 0.023809348251647884
GUBRF.IS : 0.06602933044988901
KOZAL.IS : 0.6393544874690218
THYAO.IS : 0.10863758396861302
YKBNK.IS : 0.16216924986082823

Best 5 Return Portfolio:
KOZAL.IS : 0.2
EKGYO.IS : 0.2
KOZAA.IS : 0.2
GUBRF.IS : 0.2
ASELS.IS : 0.19999999999999996

Best 10 Return Portfolio:
KOZAL.IS : 0.1
EKGYO.IS : 0.1
KOZAA.IS : 0.1
GUBRF.IS : 0.1
ASELS.IS : 0.1
ENKAI.IS : 0.1
THYAO.IS : 0.1
TOASO.IS : 0.1
PETKM.IS : 0.1
KRDMD.IS : 0.09999999999999998
