Min Volatility Portfolio:
ALARK.IS : 0.12912095482512395
ARCLK.IS : 0.05223114424947878
ASELS.IS : 0.01579030300371875
EKGYO.IS : 0.1531667951500452
ENKAI.IS : 0.024494440756489242
FROTO.IS : 0.10222598820996526
GUBRF.IS : 0.052298782518784025
KCHOL.IS : 0.03990053272675243
KOZAA.IS : 0.05890067140367099
KOZAL.IS : 0.020940887941095103
ODAS.IS : 0.08752823805342247
PGSUS.IS : 0.052454652762600244
TAVHL.IS : 0.058149568067970336
TCELL.IS : 0.029882170247020483
TOASO.IS : 0.12291487008386277

Min Daily Loss Portfolio:
ALARK.IS : 0.2053788391613624
EKGYO.IS : 0.09711105924727043
GUBRF.IS : 0.018857088313157695
HEKTS.IS : 0.029406043061904107
KOZAA.IS : 0.12324993754129027
ODAS.IS : 0.10465263653199441
SASA.IS : 0.11207494903650123
TAVHL.IS : 0.07778468785722419
TOASO.IS : 0.23148475924929535

Max Sharpe Ratio Portfolio:
ALARK.IS : 0.1459400396965764
FROTO.IS : 0.05326178756397219
ISCTR.IS : 0.3594302376137984
ODAS.IS : 0.21990472133615568
TOASO.IS : 0.22146321378949724

Best 5 Return Portfolio:
ODAS.IS : 0.2
ISCTR.IS : 0.2
TOASO.IS : 0.2
HEKTS.IS : 0.2
SASA.IS : 0.19999999999999996

Best 10 Return Portfolio:
ODAS.IS : 0.1
ISCTR.IS : 0.1
TOASO.IS : 0.1
HEKTS.IS : 0.1
SASA.IS : 0.1
ALARK.IS : 0.1
SAHOL.IS : 0.1
YKBNK.IS : 0.1
EKGYO.IS : 0.1
GUBRF.IS : 0.09999999999999998
