Min Volatility Portfolio:
AKBNK.IS : 0.04896617028483682
BIMAS.IS : 0.10623337783436547
ENKAI.IS : 0.1761780151764126
FROTO.IS : 0.04495564858180034
GARAN.IS : 0.14759421017048627
GUBRF.IS : 0.04198968181700758
HEKTS.IS : 0.055350263406125796
ISCTR.IS : 0.04020731071360506
KOZAA.IS : 0.013738065492194548
KOZAL.IS : 0.062355126522171025
KRDMD.IS : 0.01750814255296262
SISE.IS : 0.020950207159715246
TOASO.IS : 0.11555146967056487
TUPRS.IS : 0.10842231061775175

Min Daily Loss Portfolio:
ENKAI.IS : 0.3500848663768523
GARAN.IS : 0.04416883605478015
HEKTS.IS : 0.011939642123964552
ODAS.IS : 0.045244166048161394
PGSUS.IS : 0.1239457262669484
SISE.IS : 0.058286819218915806
THYAO.IS : 0.0124924148868748
TUPRS.IS : 0.3538375290235025

Max Sharpe Ratio Portfolio:
ARCLK.IS : 0.1664849481399654
ENKAI.IS : 0.029505278220986537
HEKTS.IS : 0.5877611846756353
SISE.IS : 0.05296230651711019
THYAO.IS : 0.0994349809063408
TUPRS.IS : 0.0638513015399618

Best 5 Return Portfolio:
HEKTS.IS : 0.2
THYAO.IS : 0.2
ARCLK.IS : 0.2
SISE.IS : 0.2
KOZAL.IS : 0.19999999999999996

Best 10 Return Portfolio:
HEKTS.IS : 0.1
THYAO.IS : 0.1
ARCLK.IS : 0.1
SISE.IS : 0.1
KOZAL.IS : 0.1
ALARK.IS : 0.1
TUPRS.IS : 0.1
ODAS.IS : 0.1
PGSUS.IS : 0.1
TAVHL.IS : 0.09999999999999998
