Min Volatility Portfolio:
ALARK.IS : 0.08955714681616699
ARCLK.IS : 0.043653531467210197
ASELS.IS : 0.013485475025088496
BIMAS.IS : 0.054072435958092684
EKGYO.IS : 0.054130790354719786
ENKAI.IS : 0.11103131188704697
EREGL.IS : 0.025873273156508593
FROTO.IS : 0.061470012086399385
GARAN.IS : 0.017570056861558898
GUBRF.IS : 0.03105184330049819
HEKTS.IS : 0.020122073447843697
KOZAA.IS : 0.035922257858098994
KOZAL.IS : 0.017063999435378195
KRDMD.IS : 0.025882453246464293
ODAS.IS : 0.07214675255424079
PETKM.IS : 0.025438125385154994
PGSUS.IS : 0.018065895029900497
TAVHL.IS : 0.06053523511042619
TCELL.IS : 0.014907009912930596
THYAO.IS : 0.055007273881503484
TOASO.IS : 0.10730415196488348
TUPRS.IS : 0.045708895259884495

Min Daily Loss Portfolio:
ALARK.IS : 0.14225279808742836
BIMAS.IS : 0.019805106715813283
EKGYO.IS : 0.025636105094042065
GARAN.IS : 0.03581677477836783
GUBRF.IS : 0.10307754427829934
ODAS.IS : 0.0956672308546048
TAVHL.IS : 0.11605855033464403
THYAO.IS : 0.022299168238576913
TOASO.IS : 0.2137602232051012
TUPRS.IS : 0.22562649841312224

Max Sharpe Ratio Portfolio:
ALARK.IS : 0.09764589885644467
BIMAS.IS : 0.04511477826775548
ENKAI.IS : 0.05278348691077868
FROTO.IS : 0.018070669361439216
GUBRF.IS : 0.09210171793301866
ISCTR.IS : 0.1755127336304333
ODAS.IS : 0.06655776872281215
PETKM.IS : 0.08383920445348034
THYAO.IS : 0.16097455850590406
TOASO.IS : 0.11787218626567357
TUPRS.IS : 0.08952699709225971

Best 5 Return Portfolio:
ISCTR.IS : 0.2
GARAN.IS : 0.2
PETKM.IS : 0.2
GUBRF.IS : 0.2
THYAO.IS : 0.19999999999999996

Best 10 Return Portfolio:
ISCTR.IS : 0.1
GARAN.IS : 0.1
PETKM.IS : 0.1
GUBRF.IS : 0.1
THYAO.IS : 0.1
TOASO.IS : 0.1
BIMAS.IS : 0.1
TUPRS.IS : 0.1
SAHOL.IS : 0.1
KCHOL.IS : 0.09999999999999998
