Min Volatility Portfolio:
ALARK.IS : 0.03434468795841366
ARCLK.IS : 0.03298062519015159
BIMAS.IS : 0.07161320381474197
ENKAI.IS : 0.09875324772174732
FROTO.IS : 0.059441049260815365
GARAN.IS : 0.07600479041271899
HEKTS.IS : 0.022280048393743694
KCHOL.IS : 0.017999483695235633
KOZAA.IS : 0.02258816337416835
KRDMD.IS : 0.07013618227638634
ODAS.IS : 0.08993125580803588
PETKM.IS : 0.05842437786177518
PGSUS.IS : 0.05656352565248479
SASA.IS : 0.0543778797155187
TAVHL.IS : 0.0650909293633231
TCELL.IS : 0.06391055584447605
THYAO.IS : 0.05669654839323423
TOASO.IS : 0.04886344526302913

Min Daily Loss Portfolio:
ENKAI.IS : 0.06365273125832198
FROTO.IS : 0.06275585107688626
GARAN.IS : 0.33626196524117835
HEKTS.IS : 0.020069402517258913
ODAS.IS : 0.06351317663114209
SASA.IS : 0.2155133961422342
TAVHL.IS : 0.14751497016414844
THYAO.IS : 0.029118623677157108
TOASO.IS : 0.0615998832916726

Max Sharpe Ratio Portfolio:
ENKAI.IS : 0.04638953208861629
HEKTS.IS : 0.2858795413197284
KCHOL.IS : 0.05866538145289636
KRDMD.IS : 0.05784887226724249
ODAS.IS : 0.1027322803033373
PGSUS.IS : 0.09847533799563388
SAHOL.IS : 0.04119577036473452
TAVHL.IS : 0.041707463485717064
TCELL.IS : 0.026762697702703668
THYAO.IS : 0.20010800485509989
TUPRS.IS : 0.040235118164290075

Best 5 Return Portfolio:
HEKTS.IS : 0.2
ODAS.IS : 0.2
ALARK.IS : 0.2
KCHOL.IS : 0.2
THYAO.IS : 0.19999999999999996

Best 10 Return Portfolio:
HEKTS.IS : 0.1
ODAS.IS : 0.1
ALARK.IS : 0.1
KCHOL.IS : 0.1
THYAO.IS : 0.1
ISCTR.IS : 0.1
YKBNK.IS : 0.1
SAHOL.IS : 0.1
AKBNK.IS : 0.1
PGSUS.IS : 0.09999999999999998
