Min Volatility Portfolio:
ALARK.IS : 0.174120835351078
ARCLK.IS : 0.07455799899835748
EKGYO.IS : 0.14597619617966878
ENKAI.IS : 0.09457569224830664
FROTO.IS : 0.07090526173992362
GUBRF.IS : 0.09181817538250239
KCHOL.IS : 0.038750796959939014
KOZAL.IS : 0.060426711460305316
ODAS.IS : 0.11471146794888241
PGSUS.IS : 0.05133887501444322
TAVHL.IS : 0.03614944036065676
TCELL.IS : 0.03125641043360486
TOASO.IS : 0.01541213792233151

Min Daily Loss Portfolio:
ALARK.IS : 0.28053845491135565
ENKAI.IS : 0.01896271166736272
FROTO.IS : 0.14595859473693013
GUBRF.IS : 0.16884769405754468
HEKTS.IS : 0.08499176573791857
KOZAA.IS : 0.050378097901670575
ODAS.IS : 0.2503226809872177

Max Sharpe Ratio Portfolio:
ALARK.IS : 0.139287343334112
ENKAI.IS : 0.06357223917276662
FROTO.IS : 0.04726804551612007
GUBRF.IS : 0.2781302649259808
HEKTS.IS : 0.014879664081423572
ODAS.IS : 0.3970224652279949
TOASO.IS : 0.05983997774160225

Best 5 Return Portfolio:
ODAS.IS : 0.2
GUBRF.IS : 0.2
ALARK.IS : 0.2
TOASO.IS : 0.2
ISCTR.IS : 0.19999999999999996

Best 10 Return Portfolio:
ODAS.IS : 0.1
GUBRF.IS : 0.1
ALARK.IS : 0.1
TOASO.IS : 0.1
ISCTR.IS : 0.1
HEKTS.IS : 0.1
BIMAS.IS : 0.1
EKGYO.IS : 0.1
FROTO.IS : 0.1
SASA.IS : 0.09999999999999998
