Min Volatility Portfolio:
AKBNK.IS : 0.023574073179976094
ALARK.IS : 0.11178702194862339
ARCLK.IS : 0.05987676692019375
ASELS.IS : 0.022833680699861823
BIMAS.IS : 0.04053957264924274
ENKAI.IS : 0.0695301648559413
FROTO.IS : 0.058788742020336626
GARAN.IS : 0.032651585486550116
GUBRF.IS : 0.03269333306513081
KOZAL.IS : 0.05945728067270688
KRDMD.IS : 0.020883571722187327
ODAS.IS : 0.02732521770857853
PETKM.IS : 0.016283605252745748
PGSUS.IS : 0.06746515320637635
SASA.IS : 0.036407137426413785
SISE.IS : 0.048076269698864256
TAVHL.IS : 0.09005049197402874
THYAO.IS : 0.0814173770918914
TOASO.IS : 0.0845633368512277
TUPRS.IS : 0.015795617569122677

Min Daily Loss Portfolio:
ALARK.IS : 0.28767752705692734
ASELS.IS : 0.01528620902965294
EREGL.IS : 0.15062820256032047
FROTO.IS : 0.06250557633014843
GUBRF.IS : 0.11802295600023381
KOZAL.IS : 0.17646554465865757
PETKM.IS : 0.01960207154010598
SASA.IS : 0.09814386872084704
TOASO.IS : 0.07166804410310651

Max Sharpe Ratio Portfolio:
ALARK.IS : 0.10091532422369277
ARCLK.IS : 0.07957796801189844
ASELS.IS : 0.01150935980032962
EKGYO.IS : 0.07201815958884364
EREGL.IS : 0.012493442762870734
KCHOL.IS : 0.02879788270174023
KOZAL.IS : 0.23871860521601143
ODAS.IS : 0.25918728614678693
SASA.IS : 0.14184529172742671
YKBNK.IS : 0.054936679820399514

Best 5 Return Portfolio:
SASA.IS : 0.2
ODAS.IS : 0.2
KOZAL.IS : 0.2
ASELS.IS : 0.2
TOASO.IS : 0.19999999999999996

Best 10 Return Portfolio:
SASA.IS : 0.1
ODAS.IS : 0.1
KOZAL.IS : 0.1
ASELS.IS : 0.1
TOASO.IS : 0.1
EREGL.IS : 0.1
HEKTS.IS : 0.1
TCELL.IS : 0.1
EKGYO.IS : 0.1
ALARK.IS : 0.09999999999999998
