Min Volatility Portfolio:
ALARK.IS : 0.13165331823017362
ARCLK.IS : 0.048162700773156604
BIMAS.IS : 0.08482975485203681
ENKAI.IS : 0.10408248607716701
FROTO.IS : 0.05862311361618481
GUBRF.IS : 0.040562309856652004
KOZAA.IS : 0.04414756410015501
KOZAL.IS : 0.019113584490457903
ODAS.IS : 0.09527608443219432
PETKM.IS : 0.018310938632452204
TAVHL.IS : 0.09349644680719911
TCELL.IS : 0.021382441976701402
THYAO.IS : 0.06125779454594571
TOASO.IS : 0.09366349470102991
TUPRS.IS : 0.08543796690849371

Min Daily Loss Portfolio:
ALARK.IS : 0.19685451508450136
BIMAS.IS : 0.18895618848653573
GARAN.IS : 0.036878069679805114
THYAO.IS : 0.3585582480865259
TUPRS.IS : 0.1581313807702635
YKBNK.IS : 0.060621597892368394

Max Sharpe Ratio Portfolio:
ALARK.IS : 0.19930212013305704
GARAN.IS : 0.3634986363909204
GUBRF.IS : 0.02664300366138152
PETKM.IS : 0.26296792465887914
TOASO.IS : 0.07030166795293132
YKBNK.IS : 0.07728664720283061

Best 5 Return Portfolio:
GARAN.IS : 0.2
YKBNK.IS : 0.2
PETKM.IS : 0.2
AKBNK.IS : 0.2
ISCTR.IS : 0.19999999999999996

Best 10 Return Portfolio:
GARAN.IS : 0.1
YKBNK.IS : 0.1
PETKM.IS : 0.1
AKBNK.IS : 0.1
ISCTR.IS : 0.1
ALARK.IS : 0.1
TCELL.IS : 0.1
THYAO.IS : 0.1
KCHOL.IS : 0.1
GUBRF.IS : 0.09999999999999998
