Min Volatility Portfolio:
AKBNK.IS : 0.024277915153357293
ALARK.IS : 0.010625340644287076
ARCLK.IS : 0.03148978107176947
ASELS.IS : 0.05260302737883519
BIMAS.IS : 0.04346773699490973
EKGYO.IS : 0.05344306171552309
ENKAI.IS : 0.0514204763489457
EREGL.IS : 0.025081813135240494
GARAN.IS : 0.09682533632307413
GUBRF.IS : 0.012386238638232435
KOZAL.IS : 0.013790154216663431
KRDMD.IS : 0.0747628395645154
ODAS.IS : 0.09495742358290461
PETKM.IS : 0.06048260879002116
PGSUS.IS : 0.06354512699504476
SISE.IS : 0.03769869864764348
TCELL.IS : 0.07295787968579863
THYAO.IS : 0.09166062874136811
TOASO.IS : 0.03865400062103623
TUPRS.IS : 0.03217107424313342
YKBNK.IS : 0.017698837507696158

Min Daily Loss Portfolio:
ENKAI.IS : 0.2639712368486835
FROTO.IS : 0.028252874749184625
GARAN.IS : 0.2276803362585371
HEKTS.IS : 0.035935774516201745
KRDMD.IS : 0.0256329733258297
ODAS.IS : 0.09638280173124107
PGSUS.IS : 0.018147387147554466
SASA.IS : 0.11612282203169155
SISE.IS : 0.04818438254067728
TCELL.IS : 0.015836488743764265
THYAO.IS : 0.12385292210663466

Max Sharpe Ratio Portfolio:
ALARK.IS : 0.08643571643808454
FROTO.IS : 0.033936186752568695
HEKTS.IS : 0.33018674783309715
KOZAA.IS : 0.04119664090103921
KRDMD.IS : 0.20669069861221695
ODAS.IS : 0.2411876458973127
TCELL.IS : 0.023393215526549754
THYAO.IS : 0.03697314803913109

Best 5 Return Portfolio:
HEKTS.IS : 0.2
ODAS.IS : 0.2
KRDMD.IS : 0.2
SASA.IS : 0.2
ALARK.IS : 0.19999999999999996

Best 10 Return Portfolio:
HEKTS.IS : 0.1
ODAS.IS : 0.1
KRDMD.IS : 0.1
SASA.IS : 0.1
ALARK.IS : 0.1
KOZAA.IS : 0.1
KOZAL.IS : 0.1
ENKAI.IS : 0.1
EREGL.IS : 0.1
KCHOL.IS : 0.09999999999999998
