Min Volatility Portfolio:
ARCLK.IS : 0.033503117075125356
BIMAS.IS : 0.08953241419226532
ENKAI.IS : 0.14644260579157928
EREGL.IS : 0.04717865371080964
GARAN.IS : 0.06332413232623868
GUBRF.IS : 0.07654383317487816
HEKTS.IS : 0.10747736359939904
ISCTR.IS : 0.09586980149698854
KCHOL.IS : 0.08722579634442822
KRDMD.IS : 0.023529050671887975
PETKM.IS : 0.020049250580051022
PGSUS.IS : 0.01077347025593867
SAHOL.IS : 0.024428180807910736
SASA.IS : 0.030669008733747356
TAVHL.IS : 0.11809246383887005
TCELL.IS : 0.013290859107228319
TUPRS.IS : 0.012069998292653662

Min Daily Loss Portfolio:
ISCTR.IS : 0.16809475835358337
KCHOL.IS : 0.23805343890036723
TAVHL.IS : 0.5938518027460494

Max Sharpe Ratio Portfolio:
ENKAI.IS : 0.06292029804821571
HEKTS.IS : 0.3990881413421507
PGSUS.IS : 0.3014543760529827
SASA.IS : 0.23653718455665085

Best 5 Return Portfolio:
HEKTS.IS : 0.2
PGSUS.IS : 0.2
SASA.IS : 0.2
TAVHL.IS : 0.2
ENKAI.IS : 0.19999999999999996

Best 10 Return Portfolio:
HEKTS.IS : 0.1
PGSUS.IS : 0.1
SASA.IS : 0.1
TAVHL.IS : 0.1
ENKAI.IS : 0.1
ALARK.IS : 0.1
ODAS.IS : 0.1
SISE.IS : 0.1
ARCLK.IS : 0.1
THYAO.IS : 0.09999999999999998
