Min Volatility Portfolio:
ALARK.IS : 0.04887810725079575
ARCLK.IS : 0.030447519027787768
ASELS.IS : 0.05925710046643266
BIMAS.IS : 0.06559786476329373
EKGYO.IS : 0.014208397774029331
ENKAI.IS : 0.08077826130045906
EREGL.IS : 0.03566827806660633
FROTO.IS : 0.01753106847538271
GARAN.IS : 0.0907906210989943
KCHOL.IS : 0.01200847645281443
KOZAA.IS : 0.022925185164014768
KOZAL.IS : 0.03857757270209497
KRDMD.IS : 0.08621344304332706
ODAS.IS : 0.07547309613829635
PETKM.IS : 0.027936436887671334
PGSUS.IS : 0.06720700772024474
SAHOL.IS : 0.026101622165833515
SASA.IS : 0.014569723038954503
TAVHL.IS : 0.034369603951784115
TCELL.IS : 0.0625129154680329
THYAO.IS : 0.05138633541321201
TOASO.IS : 0.02725997769001118
TUPRS.IS : 0.010301385939926464

Min Daily Loss Portfolio:
ENKAI.IS : 0.24023607202228178
FROTO.IS : 0.08577402786054907
GARAN.IS : 0.22162164137564133
KRDMD.IS : 0.027409326187329316
ODAS.IS : 0.10062409561498299
PGSUS.IS : 0.04444000841164028
SASA.IS : 0.09331825828401837
SISE.IS : 0.08445605730903558
TOASO.IS : 0.1021205129345213

Max Sharpe Ratio Portfolio:
ALARK.IS : 0.10383740440596674
ENKAI.IS : 0.030016172521406755
FROTO.IS : 0.06220444459422163
HEKTS.IS : 0.09972772593946286
KCHOL.IS : 0.08518054262108621
KOZAA.IS : 0.019871552274551386
KOZAL.IS : 0.016080463133268143
KRDMD.IS : 0.05247251623773864
ODAS.IS : 0.12602808845485913
PGSUS.IS : 0.03316170399249293
SISE.IS : 0.10687211994014327
TAVHL.IS : 0.14958006785279093
THYAO.IS : 0.06377431755915419
TUPRS.IS : 0.05119288047285714

Best 5 Return Portfolio:
SISE.IS : 0.2
HEKTS.IS : 0.2
THYAO.IS : 0.2
TAVHL.IS : 0.2
FROTO.IS : 0.19999999999999996

Best 10 Return Portfolio:
SISE.IS : 0.1
HEKTS.IS : 0.1
THYAO.IS : 0.1
TAVHL.IS : 0.1
FROTO.IS : 0.1
KCHOL.IS : 0.1
KOZAA.IS : 0.1
ALARK.IS : 0.1
SASA.IS : 0.1
ENKAI.IS : 0.09999999999999998
