Min Volatility Portfolio:
ARCLK.IS : 0.040262055004643325
BIMAS.IS : 0.08076520129428362
ENKAI.IS : 0.16542689187003226
FROTO.IS : 0.06086070300606423
GARAN.IS : 0.08194721961947138
GUBRF.IS : 0.08546325119496181
HEKTS.IS : 0.08111685853812042
ISCTR.IS : 0.05855759424901953
KOZAL.IS : 0.08834192121207007
SISE.IS : 0.029301163729715404
TOASO.IS : 0.12518709461461325
TUPRS.IS : 0.10277004566700468

Min Daily Loss Portfolio:
ENKAI.IS : 0.350404688768867
GARAN.IS : 0.044081061445444096
HEKTS.IS : 0.012629731340838467
ODAS.IS : 0.05107745397373977
PGSUS.IS : 0.12425485747235263
SISE.IS : 0.05170919157928327
TUPRS.IS : 0.3658430154194748

Max Sharpe Ratio Portfolio:
ARCLK.IS : 0.10180052244221925
ENKAI.IS : 0.022094920107428136
HEKTS.IS : 0.749598145159949
ODAS.IS : 0.05345248006993164
SISE.IS : 0.024610507602056318
TUPRS.IS : 0.0484434246184156

Best 5 Return Portfolio:
HEKTS.IS : 0.2
SASA.IS : 0.2
ALARK.IS : 0.2
ARCLK.IS : 0.2
ODAS.IS : 0.19999999999999996

Best 10 Return Portfolio:
HEKTS.IS : 0.1
SASA.IS : 0.1
ALARK.IS : 0.1
ARCLK.IS : 0.1
ODAS.IS : 0.1
SISE.IS : 0.1
THYAO.IS : 0.1
TUPRS.IS : 0.1
GARAN.IS : 0.1
PGSUS.IS : 0.09999999999999998
