Min Volatility Portfolio:
AKBNK.IS : 0.02733731494216592
ALARK.IS : 0.08080603458164086
ARCLK.IS : 0.08456940236432528
ASELS.IS : 0.034901754491008706
BIMAS.IS : 0.044705153909467506
ENKAI.IS : 0.056843969195480994
FROTO.IS : 0.07840608480005709
GARAN.IS : 0.027385474796972373
KOZAA.IS : 0.02195000117323295
KOZAL.IS : 0.03811746277893797
ODAS.IS : 0.021358292951367538
PGSUS.IS : 0.07825500016220906
SAHOL.IS : 0.012118791156872309
TAVHL.IS : 0.07512010262616024
TCELL.IS : 0.0604185668714839
THYAO.IS : 0.08867917613676607
TOASO.IS : 0.12350938311565669
YKBNK.IS : 0.04551803394619457

Min Daily Loss Portfolio:
ALARK.IS : 0.14814832101452277
ARCLK.IS : 0.02199518628084868
EKGYO.IS : 0.014789952783161921
GUBRF.IS : 0.04039923563542629
KOZAL.IS : 0.10779260870113946
ODAS.IS : 0.14554241290451986
PETKM.IS : 0.032186078721047603
PGSUS.IS : 0.02065263406879508
TOASO.IS : 0.39161859552852857
YKBNK.IS : 0.07687497436200981

Max Sharpe Ratio Portfolio:
AKBNK.IS : 0.03412050447813947
ALARK.IS : 0.07875187724859706
EKGYO.IS : 0.059858985663713164
GARAN.IS : 0.03537191452850383
KOZAL.IS : 0.5470748815264916
PGSUS.IS : 0.02998005604074886
TOASO.IS : 0.05823314500506954
YKBNK.IS : 0.15660863550873652

Best 5 Return Portfolio:
KOZAL.IS : 0.2
EKGYO.IS : 0.2
ASELS.IS : 0.2
TCELL.IS : 0.2
KOZAA.IS : 0.19999999999999996

Best 10 Return Portfolio:
KOZAL.IS : 0.1
EKGYO.IS : 0.1
ASELS.IS : 0.1
TCELL.IS : 0.1
KOZAA.IS : 0.1
EREGL.IS : 0.1
ODAS.IS : 0.1
TOASO.IS : 0.1
PETKM.IS : 0.1
GUBRF.IS : 0.09999999999999998
