Min Volatility Portfolio:
AKBNK.IS : 0.023040457824742358
ALARK.IS : 0.062271247124965845
ARCLK.IS : 0.09898377419275106
ASELS.IS : 0.03733832114957587
EKGYO.IS : 0.02462920298388663
ENKAI.IS : 0.08041315318710651
FROTO.IS : 0.04376414616061304
GARAN.IS : 0.03529028015232138
GUBRF.IS : 0.0983773030928853
HEKTS.IS : 0.07942709141522439
ISCTR.IS : 0.010342452712776175
KOZAL.IS : 0.028611011613773392
KRDMD.IS : 0.027910895635331303
ODAS.IS : 0.03206080646662501
PETKM.IS : 0.13034120648544095
SASA.IS : 0.08947616398625512
SISE.IS : 0.0306427153499994
TAVHL.IS : 0.02498026195045245
TOASO.IS : 0.04209950851527383

Min Daily Loss Portfolio:
ALARK.IS : 0.16242653904931226
ARCLK.IS : 0.08098862479332665
GARAN.IS : 0.08925996304120459
HEKTS.IS : 0.09673239098385866
PGSUS.IS : 0.1665581213143937
SASA.IS : 0.2913256958681081
TCELL.IS : 0.11270866494979612

Max Sharpe Ratio Portfolio:
AKBNK.IS : 0.0227889872322254
ALARK.IS : 0.04589901649795315
ASELS.IS : 0.01797069315837114
EREGL.IS : 0.01034626198825835
GARAN.IS : 0.05958112524586217
HEKTS.IS : 0.2365250461311063
KOZAA.IS : 0.017982750741781607
KRDMD.IS : 0.04752915659879768
ODAS.IS : 0.06780687016953683
PETKM.IS : 0.011322947035458403
SASA.IS : 0.44453939807467086
TCELL.IS : 0.017707747125978057

Best 5 Return Portfolio:
SASA.IS : 0.2
HEKTS.IS : 0.2
PGSUS.IS : 0.2
TUPRS.IS : 0.2
THYAO.IS : 0.19999999999999996

Best 10 Return Portfolio:
SASA.IS : 0.1
HEKTS.IS : 0.1
PGSUS.IS : 0.1
TUPRS.IS : 0.1
THYAO.IS : 0.1
TCELL.IS : 0.1
SAHOL.IS : 0.1
KOZAA.IS : 0.1
ALARK.IS : 0.1
EREGL.IS : 0.09999999999999998
