Min Volatility Portfolio:
AKBNK.IS : 0.014481929003040264
ALARK.IS : 0.11313049963266146
ARCLK.IS : 0.04037094944368238
ASELS.IS : 0.029304850111048344
BIMAS.IS : 0.03050254899134207
EKGYO.IS : 0.0686783096845329
ENKAI.IS : 0.040104437422552194
EREGL.IS : 0.016500748521091454
FROTO.IS : 0.06213046902884176
GARAN.IS : 0.05623265928258159
GUBRF.IS : 0.03592155342191369
KCHOL.IS : 0.02614889134983552
KOZAA.IS : 0.05509518996795507
KOZAL.IS : 0.027177873970190013
ODAS.IS : 0.06482947189049419
PETKM.IS : 0.0167236356521657
PGSUS.IS : 0.052242869120610685
TAVHL.IS : 0.040605245380250406
THYAO.IS : 0.04993485353928704
TOASO.IS : 0.10154582945510707
TUPRS.IS : 0.058337185130816344

Min Daily Loss Portfolio:
ALARK.IS : 0.13015241130822047
FROTO.IS : 0.03854557052374202
GARAN.IS : 0.07730719384896949
GUBRF.IS : 0.07710593222068157
ODAS.IS : 0.09795531106432176
TAVHL.IS : 0.07986088429025893
TOASO.IS : 0.28803774509865965
TUPRS.IS : 0.21103495164514605

Max Sharpe Ratio Portfolio:
AKBNK.IS : 0.014624641797375753
ALARK.IS : 0.06897163988395821
BIMAS.IS : 0.07145434428553481
EKGYO.IS : 0.04195685377050303
ENKAI.IS : 0.014714797441384223
FROTO.IS : 0.07580622442570632
GARAN.IS : 0.055398854746048484
GUBRF.IS : 0.1211436359380711
KOZAA.IS : 0.03820841499622418
ODAS.IS : 0.12181234170885298
SAHOL.IS : 0.035138214622151935
TAVHL.IS : 0.018402947670619896
THYAO.IS : 0.09563141396218797
TOASO.IS : 0.17650933310742895
TUPRS.IS : 0.03340976588530114
YKBNK.IS : 0.01681657575865106

Best 5 Return Portfolio:
ODAS.IS : 0.2
TOASO.IS : 0.2
GUBRF.IS : 0.2
ISCTR.IS : 0.2
THYAO.IS : 0.19999999999999996

Best 10 Return Portfolio:
ODAS.IS : 0.1
TOASO.IS : 0.1
GUBRF.IS : 0.1
ISCTR.IS : 0.1
THYAO.IS : 0.1
YKBNK.IS : 0.1
SASA.IS : 0.1
BIMAS.IS : 0.1
HEKTS.IS : 0.1
GARAN.IS : 0.09999999999999998
