Min Volatility Portfolio:
ALARK.IS : 0.05611440885236388
ARCLK.IS : 0.017919540216265763
ENKAI.IS : 0.08567099476027852
FROTO.IS : 0.10352271579841767
GARAN.IS : 0.0679487408995602
HEKTS.IS : 0.08858396514957409
KOZAL.IS : 0.02668163401919469
PGSUS.IS : 0.11665448374829568
SASA.IS : 0.021520532859423555
SISE.IS : 0.08094963539298694
TAVHL.IS : 0.08350951727462225
TCELL.IS : 0.15193440603090033
THYAO.IS : 0.0645722262006083
TUPRS.IS : 0.034417198797508174

Min Daily Loss Portfolio:
GARAN.IS : 0.3341331935517103
HEKTS.IS : 0.27202497135281967
ODAS.IS : 0.02757186719757877
PGSUS.IS : 0.3021049328965141
TCELL.IS : 0.06416503500137721

Max Sharpe Ratio Portfolio:
GARAN.IS : 0.23279146255686098
ODAS.IS : 0.4519938139816964
PGSUS.IS : 0.13828242951814004
TCELL.IS : 0.052566714193980145
THYAO.IS : 0.12436557974932237

Best 5 Return Portfolio:
ODAS.IS : 0.2
HEKTS.IS : 0.2
THYAO.IS : 0.2
PGSUS.IS : 0.2
AKBNK.IS : 0.19999999999999996

Best 10 Return Portfolio:
ODAS.IS : 0.1
HEKTS.IS : 0.1
THYAO.IS : 0.1
PGSUS.IS : 0.1
AKBNK.IS : 0.1
YKBNK.IS : 0.1
GARAN.IS : 0.1
KOZAL.IS : 0.1
KOZAA.IS : 0.1
ISCTR.IS : 0.09999999999999998
