Min Volatility Portfolio:
ALARK.IS : 0.04196628741900732
ARCLK.IS : 0.016085920083911492
BIMAS.IS : 0.07934218992471578
ENKAI.IS : 0.06741349102578359
EREGL.IS : 0.030431874159733502
FROTO.IS : 0.07612814694027582
GARAN.IS : 0.08644738628340723
HEKTS.IS : 0.054795019289222875
KOZAL.IS : 0.036310001187518065
KRDMD.IS : 0.02008823795855756
ODAS.IS : 0.08897999677213567
PGSUS.IS : 0.11238999440493923
SASA.IS : 0.025758478440697334
SISE.IS : 0.024142138767916554
TAVHL.IS : 0.04557133086847725
TCELL.IS : 0.07926597801555323
THYAO.IS : 0.050638020976173106
TUPRS.IS : 0.06424550748197436

Min Daily Loss Portfolio:
EKGYO.IS : 0.017681104248560713
GARAN.IS : 0.3583008238526995
KOZAL.IS : 0.10955711954880216
ODAS.IS : 0.18466767522550312
PGSUS.IS : 0.3297932771244345

Max Sharpe Ratio Portfolio:
AKBNK.IS : 0.08235196260092947
GARAN.IS : 0.0753021214761306
KOZAA.IS : 0.027869142913204772
KOZAL.IS : 0.013802701675693703
ODAS.IS : 0.22709916237433392
PGSUS.IS : 0.16087970024448553
SISE.IS : 0.023686218696060832
THYAO.IS : 0.24188269159926443
TUPRS.IS : 0.06271195209721583
YKBNK.IS : 0.08441434632268094

Best 5 Return Portfolio:
ODAS.IS : 0.2
THYAO.IS : 0.2
PGSUS.IS : 0.2
YKBNK.IS : 0.2
AKBNK.IS : 0.19999999999999996

Best 10 Return Portfolio:
ODAS.IS : 0.1
THYAO.IS : 0.1
PGSUS.IS : 0.1
YKBNK.IS : 0.1
AKBNK.IS : 0.1
ISCTR.IS : 0.1
SAHOL.IS : 0.1
SISE.IS : 0.1
TUPRS.IS : 0.1
EKGYO.IS : 0.09999999999999998
