Min Volatility Portfolio:
AKBNK.IS : 0.04050237091111013
ALARK.IS : 0.11117458802297452
ARCLK.IS : 0.06946661465059162
ASELS.IS : 0.025915306414599115
BIMAS.IS : 0.04524516902374414
ENKAI.IS : 0.09859580641839533
FROTO.IS : 0.050425370504249147
GARAN.IS : 0.06482378411087325
GUBRF.IS : 0.052135451141916304
ISCTR.IS : 0.035280281881172375
KRDMD.IS : 0.014083213983350025
ODAS.IS : 0.037089559529395064
PGSUS.IS : 0.07064122831489801
SASA.IS : 0.0655811538259944
SISE.IS : 0.05770352246955046
TAVHL.IS : 0.08765013719753752
THYAO.IS : 0.0438002246351673
TOASO.IS : 0.012671229016817992
TUPRS.IS : 0.01721498794766348

Min Daily Loss Portfolio:
ALARK.IS : 0.1617874627948695
ARCLK.IS : 0.09416643560853848
BIMAS.IS : 0.020443601239383245
ENKAI.IS : 0.17107311696185784
HEKTS.IS : 0.05024059806423953
PGSUS.IS : 0.18079851823764143
SASA.IS : 0.2613170934805353
TUPRS.IS : 0.0601731736129347

Max Sharpe Ratio Portfolio:
AKBNK.IS : 0.07375884491090874
ALARK.IS : 0.09443018689183504
ASELS.IS : 0.012625392541838391
GARAN.IS : 0.10577929542484252
HEKTS.IS : 0.087458901813176
ODAS.IS : 0.05253449986981251
SASA.IS : 0.5734128785475868

Best 5 Return Portfolio:
SASA.IS : 0.2
HEKTS.IS : 0.2
TCELL.IS : 0.2
ODAS.IS : 0.2
EKGYO.IS : 0.19999999999999996

Best 10 Return Portfolio:
SASA.IS : 0.1
HEKTS.IS : 0.1
TCELL.IS : 0.1
ODAS.IS : 0.1
EKGYO.IS : 0.1
ASELS.IS : 0.1
PGSUS.IS : 0.1
SAHOL.IS : 0.1
TUPRS.IS : 0.1
ENKAI.IS : 0.09999999999999998
