Min Volatility Portfolio:
ASELS.IS : 0.1060775263644069
BIMAS.IS : 0.0497128229825998
ENKAI.IS : 0.0603003516223459
EREGL.IS : 0.0379184390690292
FROTO.IS : 0.0578298978985725
GARAN.IS : 0.0353322405423396
ISCTR.IS : 0.0266847053823141
KOZAA.IS : 0.0580543572803473
KOZAL.IS : 0.159844163954604
KRDMD.IS : 0.0613494641376321
PGSUS.IS : 0.0628526845764888
TCELL.IS : 0.0516411964404143
TOASO.IS : 0.0830117092258817
TUPRS.IS : 0.1493904405230237

Min Daily Loss Portfolio:
AKBNK.IS : 0.052865140415968015
ASELS.IS : 0.03088192380583739
BIMAS.IS : 0.07368867295534075
ISCTR.IS : 0.15414734911653655
KOZAL.IS : 0.21784767508162248
KRDMD.IS : 0.0698742089891634
TOASO.IS : 0.15085035434915098
YKBNK.IS : 0.24984467528638038

Max Sharpe Ratio Portfolio:
ISCTR.IS : 0.4870488064749645
KOZAL.IS : 0.18080482059728428
KRDMD.IS : 0.06914515576397089
TOASO.IS : 0.15673605779061545
YKBNK.IS : 0.10626515937316493

Best 5 Return Portfolio:
ISCTR.IS : 0.2
YKBNK.IS : 0.2
ARCLK.IS : 0.2
GARAN.IS : 0.2
AKBNK.IS : 0.19999999999999996

Best 10 Return Portfolio:
ISCTR.IS : 0.1
YKBNK.IS : 0.1
ARCLK.IS : 0.1
GARAN.IS : 0.1
AKBNK.IS : 0.1
ALARK.IS : 0.1
TOASO.IS : 0.1
GUBRF.IS : 0.1
ENKAI.IS : 0.1
TAVHL.IS : 0.09999999999999998
