Min Volatility Portfolio:
AKBNK.IS : 0.030883981578824
BIMAS.IS : 0.17633849160430584
EKGYO.IS : 0.17762448052846025
ENKAI.IS : 0.014039146193058119
EREGL.IS : 0.05541310833752682
FROTO.IS : 0.06755410341270898
GARAN.IS : 0.027219160990236937
HEKTS.IS : 0.013545908946399891
ISCTR.IS : 0.06193383355165115
ODAS.IS : 0.01407473760860432
PGSUS.IS : 0.029730281845439046
SASA.IS : 0.067202693620472
TAVHL.IS : 0.0746007038137029
TCELL.IS : 0.06398680520545323
TOASO.IS : 0.07304848795879594
YKBNK.IS : 0.052804074804360605

Min Daily Loss Portfolio:
AKBNK.IS : 0.08820041958842091
BIMAS.IS : 0.439533555291361
EKGYO.IS : 0.20661648123664939
ODAS.IS : 0.05809045944332024
PGSUS.IS : 0.08417835331254306
TAVHL.IS : 0.10779817152255004
TCELL.IS : 0.01558255960515525

Max Sharpe Ratio Portfolio:
AKBNK.IS : 0.13207573259816813
EKGYO.IS : 0.011196366539637181
GARAN.IS : 0.11965390084322901
ODAS.IS : 0.7370740000189656

Best 5 Return Portfolio:
ODAS.IS : 0.2
ASELS.IS : 0.2
TCELL.IS : 0.2
PGSUS.IS : 0.2
AKBNK.IS : 0.19999999999999996

Best 10 Return Portfolio:
ODAS.IS : 0.1
ASELS.IS : 0.1
TCELL.IS : 0.1
PGSUS.IS : 0.1
AKBNK.IS : 0.1
ALARK.IS : 0.1
TAVHL.IS : 0.1
THYAO.IS : 0.1
TUPRS.IS : 0.1
FROTO.IS : 0.09999999999999998
