Min Volatility Portfolio:
ARCLK.IS : 0.07369560386692063
ASELS.IS : 0.06521239176360101
BIMAS.IS : 0.07655438247310463
EKGYO.IS : 0.027131898670103415
ENKAI.IS : 0.07879505298890163
FROTO.IS : 0.04869268223653569
KOZAA.IS : 0.06994575112496569
KOZAL.IS : 0.09891438543813597
KRDMD.IS : 0.017419737274522108
ODAS.IS : 0.04845239329075453
PGSUS.IS : 0.037804557285408845
SAHOL.IS : 0.02662183000642687
SASA.IS : 0.025466569182352867
TAVHL.IS : 0.011945794040203083
TCELL.IS : 0.0799371031635773
TOASO.IS : 0.10031156685857513
TUPRS.IS : 0.11309830033591065

Min Daily Loss Portfolio:
ARCLK.IS : 0.35892999428944283
BIMAS.IS : 0.12226136461351367
FROTO.IS : 0.051225805315259054
ISCTR.IS : 0.044835208565228
KOZAA.IS : 0.1235249406107797
KOZAL.IS : 0.1671481388401904
ODAS.IS : 0.08405123616571841
TOASO.IS : 0.04802331159986806

Max Sharpe Ratio Portfolio:
ARCLK.IS : 0.14181258982393122
ENKAI.IS : 0.04017689680648589
GUBRF.IS : 0.046222844335682425
ISCTR.IS : 0.32187757282499857
KOZAL.IS : 0.1325049183244423
KRDMD.IS : 0.031958470416914554
ODAS.IS : 0.08283191927157514
TOASO.IS : 0.20261478819596998

Best 5 Return Portfolio:
ISCTR.IS : 0.2
TOASO.IS : 0.2
GUBRF.IS : 0.2
ARCLK.IS : 0.2
ODAS.IS : 0.19999999999999996

Best 10 Return Portfolio:
ISCTR.IS : 0.1
TOASO.IS : 0.1
GUBRF.IS : 0.1
ARCLK.IS : 0.1
ODAS.IS : 0.1
YKBNK.IS : 0.1
KRDMD.IS : 0.1
SASA.IS : 0.1
ENKAI.IS : 0.1
ALARK.IS : 0.09999999999999998
