Min Volatility Portfolio:
AKBNK.IS : 0.04935415469478542
ENKAI.IS : 0.054752212867168824
EREGL.IS : 0.012855692213977804
FROTO.IS : 0.10652412812014694
GARAN.IS : 0.09759241792036084
GUBRF.IS : 0.17327889905023128
HEKTS.IS : 0.06782750301057953
KCHOL.IS : 0.08521803082431684
KOZAL.IS : 0.03349687945432031
ODAS.IS : 0.05430842928907192
SASA.IS : 0.04587203644021452
SISE.IS : 0.06857607791892682
TAVHL.IS : 0.04994247400080042
TOASO.IS : 0.05967150523467043
YKBNK.IS : 0.04072955896042822

Min Daily Loss Portfolio:
ENKAI.IS : 0.021419194787415972
FROTO.IS : 0.16851524712546195
GUBRF.IS : 0.618552488301997
ISCTR.IS : 0.15229804378632664
KOZAL.IS : 0.020494674678994407
TUPRS.IS : 0.01872035131980393

Max Sharpe Ratio Portfolio:
ISCTR.IS : 0.5472428703192957
KOZAA.IS : 0.01105672207892095
KOZAL.IS : 0.3427222973329918
TOASO.IS : 0.07914292286156853
TUPRS.IS : 0.019835187407223103

Best 5 Return Portfolio:
ISCTR.IS : 0.2
TUPRS.IS : 0.2
KOZAA.IS : 0.2
KOZAL.IS : 0.2
GUBRF.IS : 0.19999999999999996

Best 10 Return Portfolio:
ISCTR.IS : 0.1
TUPRS.IS : 0.1
KOZAA.IS : 0.1
KOZAL.IS : 0.1
GUBRF.IS : 0.1
EREGL.IS : 0.1
KRDMD.IS : 0.1
TCELL.IS : 0.1
ASELS.IS : 0.1
SISE.IS : 0.09999999999999998
