Min Volatility Portfolio:
AKBNK.IS : 0.030926169049946394
ALARK.IS : 0.056728025844708464
ARCLK.IS : 0.02045267740214898
ASELS.IS : 0.029644814385502503
BIMAS.IS : 0.0383578140577681
EKGYO.IS : 0.0407241832910038
ENKAI.IS : 0.037331487372398095
EREGL.IS : 0.0468852948163884
FROTO.IS : 0.026366691939482177
GARAN.IS : 0.034436268139859665
GUBRF.IS : 0.07368754453182863
HEKTS.IS : 0.033425784500792734
ISCTR.IS : 0.038703146416714074
KCHOL.IS : 0.029518922898662193
KOZAA.IS : 0.05283447954871115
KOZAL.IS : 0.06319227661673968
KRDMD.IS : 0.03614429583829298
ODAS.IS : 0.04773353749389156
PETKM.IS : 0.04785639095057564
PGSUS.IS : 0.01860348717880377
SAHOL.IS : 0.019920256907782187
SISE.IS : 0.01331202405423305
TAVHL.IS : 0.020464989077202997
TCELL.IS : 0.029148311036248244
THYAO.IS : 0.02546547878195174
TOASO.IS : 0.029067179334465426
TUPRS.IS : 0.02362176134506228
YKBNK.IS : 0.03544670718883517

Min Daily Loss Portfolio:
ALARK.IS : 0.37065790882826477
GUBRF.IS : 0.4665991675823833
KCHOL.IS : 0.0637877655866719
KOZAA.IS : 0.09895515800268011

Max Sharpe Ratio Portfolio:
ALARK.IS : 0.03118160081860602
EKGYO.IS : 0.10249192300124141
HEKTS.IS : 0.03598053214456078
ISCTR.IS : 0.0204945520755968
KCHOL.IS : 0.015958121588133433
KOZAA.IS : 0.16254968011563353
KOZAL.IS : 0.2818874781495107
KRDMD.IS : 0.04165552356387328
ODAS.IS : 0.09972131791840033
SASA.IS : 0.11917416616271552
TAVHL.IS : 0.029312174571937123
YKBNK.IS : 0.05959292988979111

Best 5 Return Portfolio:
SASA.IS : 0.2
KOZAL.IS : 0.2
EKGYO.IS : 0.2
KOZAA.IS : 0.2
KRDMD.IS : 0.19999999999999996

Best 10 Return Portfolio:
SASA.IS : 0.1
KOZAL.IS : 0.1
EKGYO.IS : 0.1
KOZAA.IS : 0.1
KRDMD.IS : 0.1
ODAS.IS : 0.1
ALARK.IS : 0.1
TAVHL.IS : 0.1
YKBNK.IS : 0.1
THYAO.IS : 0.09999999999999998
