Min Volatility Portfolio:
AKBNK.IS : 0.03541245921991363
ALARK.IS : 0.04677936306687892
ARCLK.IS : 0.03019247299172768
ASELS.IS : 0.025790986354238925
BIMAS.IS : 0.040875590910003944
EKGYO.IS : 0.03079975009866209
ENKAI.IS : 0.03854437255218411
EREGL.IS : 0.04389759429209657
FROTO.IS : 0.025929817633807098
GARAN.IS : 0.03214541995058007
GUBRF.IS : 0.08248475910262712
HEKTS.IS : 0.03842286445323247
ISCTR.IS : 0.04001849783269786
KCHOL.IS : 0.0393381914256455
KOZAA.IS : 0.035666192245115656
KOZAL.IS : 0.048691487355740706
KRDMD.IS : 0.024998023116930224
ODAS.IS : 0.04487993804539905
PETKM.IS : 0.046294213089905015
PGSUS.IS : 0.028309320775527558
SAHOL.IS : 0.02854992628812699
SISE.IS : 0.01689949499189888
TAVHL.IS : 0.028779135562764863
TCELL.IS : 0.02842705988910798
THYAO.IS : 0.02633692866141319
TOASO.IS : 0.02461110749933975
TUPRS.IS : 0.02582972111413532
YKBNK.IS : 0.04109531148029891

Min Daily Loss Portfolio:
ALARK.IS : 0.3706579077290892
GUBRF.IS : 0.46659916795622686
KCHOL.IS : 0.06378776686112447
KOZAA.IS : 0.09895515745355953

Max Sharpe Ratio Portfolio:
EKGYO.IS : 0.21494772906303525
GUBRF.IS : 0.16987553843122932
KOZAA.IS : 0.37419018225438955
KRDMD.IS : 0.24098655025134585

Best 5 Return Portfolio:
SASA.IS : 0.2
KOZAA.IS : 0.2
GUBRF.IS : 0.2
EKGYO.IS : 0.2
KRDMD.IS : 0.19999999999999996

Best 10 Return Portfolio:
SASA.IS : 0.1
KOZAA.IS : 0.1
GUBRF.IS : 0.1
EKGYO.IS : 0.1
KRDMD.IS : 0.1
THYAO.IS : 0.1
ALARK.IS : 0.1
KOZAL.IS : 0.1
SISE.IS : 0.1
ASELS.IS : 0.09999999999999998
