Min Volatility Portfolio:
ALARK.IS : 0.04005618853919151
BIMAS.IS : 0.18694920382641664
EKGYO.IS : 0.08325719559813362
ENKAI.IS : 0.04586374439265651
EREGL.IS : 0.054685389551557016
FROTO.IS : 0.036579032088626805
GUBRF.IS : 0.18900571966384616
HEKTS.IS : 0.016147571169850505
PGSUS.IS : 0.13135406470596184
SASA.IS : 0.06324189503860872
TAVHL.IS : 0.08540964000328341
THYAO.IS : 0.054434644333431016
YKBNK.IS : 0.013015711088436204

Min Daily Loss Portfolio:
BIMAS.IS : 0.48660254957950455
EKGYO.IS : 0.09841534996096019
GUBRF.IS : 0.2627679565307303
PETKM.IS : 0.0331737955099831
PGSUS.IS : 0.0584623212361508
SASA.IS : 0.0605780271826711

Max Sharpe Ratio Portfolio:
ALARK.IS : 0.2974048839479071
BIMAS.IS : 0.1679737109357178
GARAN.IS : 0.3083096312699241
ODAS.IS : 0.1535295664760016
PGSUS.IS : 0.07278220737044945

Best 5 Return Portfolio:
ODAS.IS : 0.2
ALARK.IS : 0.2
BIMAS.IS : 0.2
GARAN.IS : 0.2
PGSUS.IS : 0.19999999999999996

Best 10 Return Portfolio:
ODAS.IS : 0.1
ALARK.IS : 0.1
BIMAS.IS : 0.1
GARAN.IS : 0.1
PGSUS.IS : 0.1
TUPRS.IS : 0.1
TCELL.IS : 0.1
THYAO.IS : 0.1
KCHOL.IS : 0.1
AKBNK.IS : 0.09999999999999998
