Min Volatility Portfolio:
AKBNK.IS : 0.03505350193243533
ALARK.IS : 0.053776903691727745
ARCLK.IS : 0.022192524749975382
ASELS.IS : 0.02435537881255348
BIMAS.IS : 0.05105983110979451
EKGYO.IS : 0.021732070746888824
ENKAI.IS : 0.035783130006175036
EREGL.IS : 0.038381835950013085
FROTO.IS : 0.04036268088247466
GARAN.IS : 0.03389544390472676
GUBRF.IS : 0.051536167093923564
HEKTS.IS : 0.02578839608503438
ISCTR.IS : 0.04023580871892589
KCHOL.IS : 0.02648237154813278
KOZAA.IS : 0.04097874892507471
KOZAL.IS : 0.0427683922202455
KRDMD.IS : 0.02666416134172574
ODAS.IS : 0.048625241022415513
PETKM.IS : 0.04386425750411069
PGSUS.IS : 0.02757013769504657
SAHOL.IS : 0.030676435593341805
SISE.IS : 0.02274869970373894
TAVHL.IS : 0.02504028141368734
TCELL.IS : 0.03273575746367466
THYAO.IS : 0.03548787607021854
TOASO.IS : 0.045845813752130156
TUPRS.IS : 0.037283835580059176
YKBNK.IS : 0.039074316481749284

Min Daily Loss Portfolio:
ALARK.IS : 0.47417375586413724
ODAS.IS : 0.2131948702674194
THYAO.IS : 0.3126313738684434

Max Sharpe Ratio Portfolio:
ALARK.IS : 0.13058685332304057
ASELS.IS : 0.01419234270683093
FROTO.IS : 0.0217044985331297
KOZAA.IS : 0.025960376749059665
KOZAL.IS : 0.0809330157687856
KRDMD.IS : 0.0714175131271013
ODAS.IS : 0.14067465710944602
PGSUS.IS : 0.18687853753696573
SASA.IS : 0.04105028166680928
TAVHL.IS : 0.06617017756475346
THYAO.IS : 0.19347493659770237
TOASO.IS : 0.013450547868363414
YKBNK.IS : 0.01350626144801179

Best 5 Return Portfolio:
SASA.IS : 0.2
KOZAL.IS : 0.2
KOZAA.IS : 0.2
KRDMD.IS : 0.2
THYAO.IS : 0.19999999999999996

Best 10 Return Portfolio:
SASA.IS : 0.1
KOZAL.IS : 0.1
KOZAA.IS : 0.1
KRDMD.IS : 0.1
THYAO.IS : 0.1
PGSUS.IS : 0.1
ALARK.IS : 0.1
ODAS.IS : 0.1
EKGYO.IS : 0.1
ASELS.IS : 0.09999999999999998
