Min Volatility Portfolio:
AKBNK.IS : 0.04634624842172325
ARCLK.IS : 0.027165790450217393
BIMAS.IS : 0.04848269730367999
ENKAI.IS : 0.017945159941325613
EREGL.IS : 0.06949382891595123
FROTO.IS : 0.05149151602962908
GARAN.IS : 0.018949694812791483
GUBRF.IS : 0.016152327604736866
HEKTS.IS : 0.031422191026585236
ISCTR.IS : 0.015942387548368665
KCHOL.IS : 0.06152279774218636
KOZAL.IS : 0.06924452411666054
KRDMD.IS : 0.07933201934760956
PGSUS.IS : 0.0680806213490433
SAHOL.IS : 0.03609075383502269
SASA.IS : 0.07016677096115921
SISE.IS : 0.04742136170466079
TAVHL.IS : 0.015762135922396347
TCELL.IS : 0.05242576651931453
TOASO.IS : 0.09863699437068911
TUPRS.IS : 0.057924412076248696

Min Daily Loss Portfolio:
FROTO.IS : 0.47090074253593883
GUBRF.IS : 0.19140522500230064
KRDMD.IS : 0.3376940324617605

Max Sharpe Ratio Portfolio:
ASELS.IS : 0.16860423847780112
EREGL.IS : 0.11752839050700387
FROTO.IS : 0.10385578518512115
GUBRF.IS : 0.24916894359998787
KCHOL.IS : 0.013241626601447246
KOZAL.IS : 0.026870699097685646
KRDMD.IS : 0.17370989060307537
ODAS.IS : 0.040588757065081915
TOASO.IS : 0.07241357457412666
TUPRS.IS : 0.03401809428866922

Best 5 Return Portfolio:
GUBRF.IS : 0.2
ALARK.IS : 0.2
ASELS.IS : 0.2
ARCLK.IS : 0.2
ISCTR.IS : 0.19999999999999996

Best 10 Return Portfolio:
GUBRF.IS : 0.1
ALARK.IS : 0.1
ASELS.IS : 0.1
ARCLK.IS : 0.1
ISCTR.IS : 0.1
FROTO.IS : 0.1
KRDMD.IS : 0.1
ENKAI.IS : 0.1
THYAO.IS : 0.1
GARAN.IS : 0.09999999999999998
