Min Volatility Portfolio:
AKBNK.IS : 0.01437035619808025
ALARK.IS : 0.012261556845393243
ARCLK.IS : 0.04200411007815438
ASELS.IS : 0.03953898813732078
BIMAS.IS : 0.03424305732398125
EKGYO.IS : 0.04309791355828914
ENKAI.IS : 0.06200717031711529
EREGL.IS : 0.020493520461881878
FROTO.IS : 0.03727649728958621
GUBRF.IS : 0.031072520658297142
HEKTS.IS : 0.04102755014461676
ISCTR.IS : 0.016569505348284868
KCHOL.IS : 0.041801704983727025
KOZAA.IS : 0.035577928668037384
KOZAL.IS : 0.053573489938187474
KRDMD.IS : 0.02631640337440703
ODAS.IS : 0.02965840296823988
PETKM.IS : 0.022384641365124223
PGSUS.IS : 0.04004004290206
SAHOL.IS : 0.03345630688140248
SASA.IS : 0.03476918832883602
SISE.IS : 0.1058058588795136
TAVHL.IS : 0.04601700316593719
TCELL.IS : 0.02815534643692108
THYAO.IS : 0.024688726255851275
TOASO.IS : 0.05005594085031372
TUPRS.IS : 0.03373626864044051

Min Daily Loss Portfolio:
ALARK.IS : 0.22305045385583022
GARAN.IS : 0.08832768245406274
ODAS.IS : 0.029604045431313723
SISE.IS : 0.6590178182587934

Max Sharpe Ratio Portfolio:
AKBNK.IS : 0.037795776183878776
ALARK.IS : 0.018539297677937865
ARCLK.IS : 0.022405127209062712
BIMAS.IS : 0.02817258104476046
EKGYO.IS : 0.04028698352593558
FROTO.IS : 0.012482403970139857
GARAN.IS : 0.03969068694384219
GUBRF.IS : 0.040158990504094584
HEKTS.IS : 0.03819511461697953
ISCTR.IS : 0.0339244712049048
KCHOL.IS : 0.04764717719771513
KOZAA.IS : 0.023952703702209612
KRDMD.IS : 0.06139241639426416
ODAS.IS : 0.04098159136664515
PETKM.IS : 0.020620751514684264
PGSUS.IS : 0.021336662723573707
SAHOL.IS : 0.028836309604607892
SASA.IS : 0.02021573590131961
SISE.IS : 0.2485945861226289
TCELL.IS : 0.07226693660740796
THYAO.IS : 0.032076696531308305
TUPRS.IS : 0.031626623435978614
YKBNK.IS : 0.03880037601612036

Best 5 Return Portfolio:
SISE.IS : 0.2
GARAN.IS : 0.2
ASELS.IS : 0.2
ODAS.IS : 0.2
ALARK.IS : 0.19999999999999996

Best 10 Return Portfolio:
SISE.IS : 0.1
GARAN.IS : 0.1
ASELS.IS : 0.1
ODAS.IS : 0.1
ALARK.IS : 0.1
ISCTR.IS : 0.1
TCELL.IS : 0.1
AKBNK.IS : 0.1
TOASO.IS : 0.1
SAHOL.IS : 0.09999999999999998
