Min Volatility Portfolio:
AKBNK.IS : 0.04894966519881826
ALARK.IS : 0.09869253142994495
ARCLK.IS : 0.061508004013179414
ASELS.IS : 0.037829654088529126
BIMAS.IS : 0.011443631255740305
EKGYO.IS : 0.019164478539766345
ENKAI.IS : 0.05737861514147522
FROTO.IS : 0.038405277659050475
GARAN.IS : 0.04618765773580757
ISCTR.IS : 0.03822695965621025
KCHOL.IS : 0.0407721043235402
KOZAA.IS : 0.023181528658734747
KOZAL.IS : 0.02438637679478684
KRDMD.IS : 0.0360076744972764
ODAS.IS : 0.012622706026590302
PGSUS.IS : 0.01809053675452198
SAHOL.IS : 0.01624456166335405
SASA.IS : 0.0431478472763821
SISE.IS : 0.08092550148619897
TAVHL.IS : 0.04749537676297096
TCELL.IS : 0.04237625863904574
THYAO.IS : 0.05436547840130084
TOASO.IS : 0.016166870168709033
TUPRS.IS : 0.05918203467378615
YKBNK.IS : 0.027248669154279693

Min Daily Loss Portfolio:
ALARK.IS : 0.6290952424591686
GUBRF.IS : 0.11057431694621417
KOZAL.IS : 0.2329937790165267
SAHOL.IS : 0.027336661578090556

Max Sharpe Ratio Portfolio:
AKBNK.IS : 0.01473941555951238
ALARK.IS : 0.13458903564735702
GUBRF.IS : 0.18500209665032594
KCHOL.IS : 0.011125424206420119
KOZAL.IS : 0.4516420727731146
SAHOL.IS : 0.06148550666123026
SISE.IS : 0.04039160081809186
THYAO.IS : 0.0740246268916477
TUPRS.IS : 0.027000220792300144

Best 5 Return Portfolio:
GUBRF.IS : 0.2
HEKTS.IS : 0.2
KOZAL.IS : 0.2
SAHOL.IS : 0.2
ALARK.IS : 0.19999999999999996

Best 10 Return Portfolio:
GUBRF.IS : 0.1
HEKTS.IS : 0.1
KOZAL.IS : 0.1
SAHOL.IS : 0.1
ALARK.IS : 0.1
EKGYO.IS : 0.1
KRDMD.IS : 0.1
AKBNK.IS : 0.1
TOASO.IS : 0.1
KCHOL.IS : 0.09999999999999998
