Min Volatility Portfolio:
AKBNK.IS : 0.08522669850027706
ALARK.IS : 0.028140169185598484
EKGYO.IS : 0.05693194192201759
EREGL.IS : 0.03309674176694191
FROTO.IS : 0.01813606769941202
GARAN.IS : 0.09039432644104349
ISCTR.IS : 0.07323405881596255
KCHOL.IS : 0.04537353155736621
KOZAL.IS : 0.05043761952041192
KRDMD.IS : 0.032126670086617924
PETKM.IS : 0.03274855221314941
PGSUS.IS : 0.013142606039215127
SAHOL.IS : 0.03471685471782681
SISE.IS : 0.03955190945073892
TCELL.IS : 0.1218121754293295
THYAO.IS : 0.026857054976554808
TOASO.IS : 0.06405620296627393
TUPRS.IS : 0.05341438614905374
YKBNK.IS : 0.10060243256220859

Min Daily Loss Portfolio:
ARCLK.IS : 0.3138558159510809
ASELS.IS : 0.03194734801683372
EKGYO.IS : 0.0949795140325329
TCELL.IS : 0.5592173219995524

Max Sharpe Ratio Portfolio:
AKBNK.IS : 0.05632569093908558
ASELS.IS : 0.3742937908058554
GARAN.IS : 0.11774231519668073
ISCTR.IS : 0.044566420645185935
SISE.IS : 0.11095938186713943
TCELL.IS : 0.123367036231558
YKBNK.IS : 0.17274536431449491

Best 5 Return Portfolio:
ASELS.IS : 0.2
GUBRF.IS : 0.2
HEKTS.IS : 0.2
BIMAS.IS : 0.2
ARCLK.IS : 0.19999999999999996

Best 10 Return Portfolio:
ASELS.IS : 0.1
GUBRF.IS : 0.1
HEKTS.IS : 0.1
BIMAS.IS : 0.1
ARCLK.IS : 0.1
KOZAL.IS : 0.1
KOZAA.IS : 0.1
SISE.IS : 0.1
SASA.IS : 0.1
TAVHL.IS : 0.09999999999999998
