Min Volatility Portfolio:
ARCLK.IS : 0.023313943306443822
ASELS.IS : 0.015812788705435867
BIMAS.IS : 0.08890785056661606
EKGYO.IS : 0.011166669680690716
ENKAI.IS : 0.07874351427064381
EREGL.IS : 0.08353751456483557
GUBRF.IS : 0.033437235249666436
HEKTS.IS : 0.1820153566684247
ISCTR.IS : 0.01463856164259288
KCHOL.IS : 0.02645721263060283
KOZAL.IS : 0.02726242551728484
KRDMD.IS : 0.014355266910421185
ODAS.IS : 0.06781580985820701
PETKM.IS : 0.05575242987680162
SAHOL.IS : 0.020010826161486042
SASA.IS : 0.03274905326153545
SISE.IS : 0.13348956301240333
TCELL.IS : 0.04300462235410559
TUPRS.IS : 0.04752935576180229

Min Daily Loss Portfolio:
EREGL.IS : 0.19194789493864256
HEKTS.IS : 0.4681029289255782
KOZAA.IS : 0.1335543186729785
SASA.IS : 0.20639485746280067

Max Sharpe Ratio Portfolio:
EREGL.IS : 0.23685114136667
FROTO.IS : 0.011619690638109038
GUBRF.IS : 0.09475010993246188
HEKTS.IS : 0.32386217561622843
KCHOL.IS : 0.024954295827966384
KOZAA.IS : 0.043556448940270436
SASA.IS : 0.026174522594546612
SISE.IS : 0.1239488453249379
TAVHL.IS : 0.07160320418893659
TCELL.IS : 0.04267956556987272

Best 5 Return Portfolio:
EREGL.IS : 0.2
ODAS.IS : 0.2
HEKTS.IS : 0.2
GUBRF.IS : 0.2
KOZAA.IS : 0.19999999999999996

Best 10 Return Portfolio:
EREGL.IS : 0.1
ODAS.IS : 0.1
HEKTS.IS : 0.1
GUBRF.IS : 0.1
KOZAA.IS : 0.1
ALARK.IS : 0.1
YKBNK.IS : 0.1
SASA.IS : 0.1
EKGYO.IS : 0.1
SISE.IS : 0.09999999999999998
