Min Volatility Portfolio:
AKBNK.IS : 0.02141866964117926
ALARK.IS : 0.018983972122315756
ARCLK.IS : 0.048762192983752735
ASELS.IS : 0.07284570360943275
BIMAS.IS : 0.059580818372853096
EKGYO.IS : 0.10391203974949756
ENKAI.IS : 0.04329880441710339
EREGL.IS : 0.03874804876954762
FROTO.IS : 0.026760691964525612
GUBRF.IS : 0.06768301662756596
HEKTS.IS : 0.10786530604215688
ISCTR.IS : 0.011788934036683867
KCHOL.IS : 0.020053499255515996
KOZAA.IS : 0.02632607274490267
KOZAL.IS : 0.03953534054120518
KRDMD.IS : 0.03659507872489517
ODAS.IS : 0.015020688746709886
PGSUS.IS : 0.01652647640213808
SASA.IS : 0.054275181662113585
SISE.IS : 0.04935088080077539
TAVHL.IS : 0.02687994499573414
THYAO.IS : 0.031261618212848626
TOASO.IS : 0.06252701957654684

Min Daily Loss Portfolio:
ARCLK.IS : 0.2107185333043973
FROTO.IS : 0.18865325942723962
GUBRF.IS : 0.2004089942123777
HEKTS.IS : 0.30691866006698515
ISCTR.IS : 0.0933005529890003

Max Sharpe Ratio Portfolio:
ARCLK.IS : 0.14650609059542757
ASELS.IS : 0.025634897752767227
BIMAS.IS : 0.054197899973179704
EKGYO.IS : 0.16766002643303435
FROTO.IS : 0.08609059456746615
GUBRF.IS : 0.10776055179325282
HEKTS.IS : 0.1232553257045465
ISCTR.IS : 0.11401516364669745
KCHOL.IS : 0.0579723594181095
KRDMD.IS : 0.015173479927309661
YKBNK.IS : 0.10173361018820909

Best 5 Return Portfolio:
ODAS.IS : 0.2
ARCLK.IS : 0.2
YKBNK.IS : 0.2
TCELL.IS : 0.2
ISCTR.IS : 0.19999999999999996

Best 10 Return Portfolio:
ODAS.IS : 0.1
ARCLK.IS : 0.1
YKBNK.IS : 0.1
TCELL.IS : 0.1
ISCTR.IS : 0.1
FROTO.IS : 0.1
TOASO.IS : 0.1
EKGYO.IS : 0.1
KRDMD.IS : 0.1
KCHOL.IS : 0.09999999999999998
