Min Volatility Portfolio:
AKBNK.IS : 0.024046054159221276
ALARK.IS : 0.03432869440808213
ARCLK.IS : 0.06054328727452901
ASELS.IS : 0.06164437172945476
BIMAS.IS : 0.05136537966547795
ENKAI.IS : 0.038983595267356355
EREGL.IS : 0.04379067557083988
FROTO.IS : 0.01721926946099703
GARAN.IS : 0.042570028895865954
GUBRF.IS : 0.04636190451628146
HEKTS.IS : 0.08683757946779062
ISCTR.IS : 0.024986518325408647
KCHOL.IS : 0.03793251133096691
KOZAA.IS : 0.06274470662579194
KOZAL.IS : 0.06650723320033329
KRDMD.IS : 0.03315289859373357
ODAS.IS : 0.08610561980524242
SAHOL.IS : 0.02937795261442906
SASA.IS : 0.027500671781633308
SISE.IS : 0.03138451458165479
TCELL.IS : 0.013667794202483274
TOASO.IS : 0.02959552184862447
TUPRS.IS : 0.02550153006388519
YKBNK.IS : 0.023851686609916704

Min Daily Loss Portfolio:
BIMAS.IS : 0.321157022127673
EKGYO.IS : 0.08650574549440354
KOZAL.IS : 0.18802450635074686
ODAS.IS : 0.30282816063975654
PGSUS.IS : 0.10148456538741996

Max Sharpe Ratio Portfolio:
ARCLK.IS : 0.0895622488113949
ASELS.IS : 0.05024822793023855
BIMAS.IS : 0.23514405242928188
EKGYO.IS : 0.03683302516689249
GUBRF.IS : 0.043550730182107394
KOZAA.IS : 0.03486843268264636
KOZAL.IS : 0.10560921979488416
ODAS.IS : 0.2130075681493344
PETKM.IS : 0.018522727929120734
PGSUS.IS : 0.17265376692409914

Best 5 Return Portfolio:
ODAS.IS : 0.2
HEKTS.IS : 0.2
PGSUS.IS : 0.2
EKGYO.IS : 0.2
BIMAS.IS : 0.19999999999999996

Best 10 Return Portfolio:
ODAS.IS : 0.1
HEKTS.IS : 0.1
PGSUS.IS : 0.1
EKGYO.IS : 0.1
BIMAS.IS : 0.1
KOZAA.IS : 0.1
KOZAL.IS : 0.1
ASELS.IS : 0.1
GARAN.IS : 0.1
TUPRS.IS : 0.09999999999999998
