Min Volatility Portfolio:
AKBNK.IS : 0.053498177875373865
ALARK.IS : 0.014207675960926954
ARCLK.IS : 0.026023051146565095
ASELS.IS : 0.01339504769190697
BIMAS.IS : 0.05621834840428468
ENKAI.IS : 0.054511283152188006
EREGL.IS : 0.0541319804978414
FROTO.IS : 0.06557322751112903
GARAN.IS : 0.06581749843192172
ISCTR.IS : 0.03619544431823491
KCHOL.IS : 0.021033381135849082
KOZAA.IS : 0.020471883171497587
KOZAL.IS : 0.05553131525868818
KRDMD.IS : 0.023021298010575685
PETKM.IS : 0.033396830705907994
PGSUS.IS : 0.045596628760875446
SAHOL.IS : 0.02580444511302559
SASA.IS : 0.05646857380317294
SISE.IS : 0.07128648044788694
TAVHL.IS : 0.05901721345824935
TCELL.IS : 0.032282279245366224
THYAO.IS : 0.013701419316023852
TOASO.IS : 0.02919699906475757
TUPRS.IS : 0.036726779426170725
YKBNK.IS : 0.03689273809158005

Min Daily Loss Portfolio:
ARCLK.IS : 0.11458871689013354
EREGL.IS : 0.2119561161042299
ODAS.IS : 0.23133040950161385
TUPRS.IS : 0.44212475750402275

Max Sharpe Ratio Portfolio:
AKBNK.IS : 0.01724723940590478
ARCLK.IS : 0.11485173068694944
BIMAS.IS : 0.053024016963885326
EREGL.IS : 0.3036013682247611
FROTO.IS : 0.08985854921938985
GARAN.IS : 0.07169101186049237
GUBRF.IS : 0.02996987940844032
HEKTS.IS : 0.025133440484111074
ODAS.IS : 0.14717058493918936
PETKM.IS : 0.04610076363912004
SASA.IS : 0.026147364957849622
TUPRS.IS : 0.07520405020990674

Best 5 Return Portfolio:
EREGL.IS : 0.2
ODAS.IS : 0.2
HEKTS.IS : 0.2
TUPRS.IS : 0.2
ARCLK.IS : 0.19999999999999996

Best 10 Return Portfolio:
EREGL.IS : 0.1
ODAS.IS : 0.1
HEKTS.IS : 0.1
TUPRS.IS : 0.1
ARCLK.IS : 0.1
KRDMD.IS : 0.1
TOASO.IS : 0.1
GARAN.IS : 0.1
KOZAA.IS : 0.1
SAHOL.IS : 0.09999999999999998
