Min Volatility Portfolio:
AKBNK.IS : 0.05475291561702109
ALARK.IS : 0.09212695416393268
ARCLK.IS : 0.01425976425778673
ASELS.IS : 0.049921332180851125
BIMAS.IS : 0.0700885742882954
ENKAI.IS : 0.020123062933369705
EREGL.IS : 0.05444728960169621
GARAN.IS : 0.05473040401162807
GUBRF.IS : 0.09180490302719432
HEKTS.IS : 0.09294557724781927
ISCTR.IS : 0.04849611163378553
KCHOL.IS : 0.030802274864436492
KOZAA.IS : 0.025762385013858333
ODAS.IS : 0.06490714699008249
PETKM.IS : 0.011877273165502978
SAHOL.IS : 0.053553787120505555
SISE.IS : 0.025257813652126523
TCELL.IS : 0.0791294209655146
TUPRS.IS : 0.025422509628605698
YKBNK.IS : 0.03959049963598691

Min Daily Loss Portfolio:
ALARK.IS : 0.18647481272212926
ASELS.IS : 0.11309428551264936
EKGYO.IS : 0.06610005957836262
HEKTS.IS : 0.22222804633259702
TCELL.IS : 0.4121027958542616

Max Sharpe Ratio Portfolio:
ALARK.IS : 0.16197612277542595
ARCLK.IS : 0.03388477728324067
ASELS.IS : 0.10313988160028265
EKGYO.IS : 0.03338418995351933
ENKAI.IS : 0.05742832257251622
EREGL.IS : 0.028335853515570757
HEKTS.IS : 0.14187548895631838
SISE.IS : 0.0758401343199537
TCELL.IS : 0.2174118790560697
TOASO.IS : 0.14672334996710257

Best 5 Return Portfolio:
TOASO.IS : 0.2
ALARK.IS : 0.2
SISE.IS : 0.2
TCELL.IS : 0.2
ENKAI.IS : 0.19999999999999996

Best 10 Return Portfolio:
TOASO.IS : 0.1
ALARK.IS : 0.1
SISE.IS : 0.1
TCELL.IS : 0.1
ENKAI.IS : 0.1
GUBRF.IS : 0.1
HEKTS.IS : 0.1
ASELS.IS : 0.1
ARCLK.IS : 0.1
ODAS.IS : 0.09999999999999998
