Min Volatility Portfolio:
ALARK.IS : 0.04605487605350381
ARCLK.IS : 0.09130945528827443
ASELS.IS : 0.0279657588068969
BIMAS.IS : 0.24137123213186068
EKGYO.IS : 0.08119241567509947
ENKAI.IS : 0.1372218602963516
FROTO.IS : 0.07033908555361262
HEKTS.IS : 0.0418315000014013
KOZAL.IS : 0.05407370692671122
ODAS.IS : 0.0326911038637843
SASA.IS : 0.07870243407836386
TCELL.IS : 0.05986702494174029
TOASO.IS : 0.022076177240028444
TUPRS.IS : 0.015303369142371119

Min Daily Loss Portfolio:
BIMAS.IS : 0.7206872049065625
EREGL.IS : 0.05906724324919111
GUBRF.IS : 0.15629724590447733
KRDMD.IS : 0.06394830593976915

Max Sharpe Ratio Portfolio:
AKBNK.IS : 0.03448275862068966
ALARK.IS : 0.03448275862068966
ARCLK.IS : 0.03448275862068966
ASELS.IS : 0.03448275862068966
BIMAS.IS : 0.03448275862068966
EKGYO.IS : 0.03448275862068966
ENKAI.IS : 0.03448275862068966
EREGL.IS : 0.03448275862068966
FROTO.IS : 0.03448275862068966
GARAN.IS : 0.03448275862068966
GUBRF.IS : 0.03448275862068966
HEKTS.IS : 0.03448275862068966
ISCTR.IS : 0.03448275862068966
KCHOL.IS : 0.03448275862068966
KOZAA.IS : 0.03448275862068966
KOZAL.IS : 0.03448275862068966
KRDMD.IS : 0.03448275862068966
ODAS.IS : 0.03448275862068966
PETKM.IS : 0.03448275862068966
PGSUS.IS : 0.03448275862068966
SAHOL.IS : 0.03448275862068966
SASA.IS : 0.03448275862068966
SISE.IS : 0.03448275862068966
TAVHL.IS : 0.03448275862068966
TCELL.IS : 0.03448275862068966
THYAO.IS : 0.03448275862068966
TOASO.IS : 0.03448275862068966
TUPRS.IS : 0.03448275862068966
YKBNK.IS : 0.03448275862068966

Best 5 Return Portfolio:
GUBRF.IS : 0.2
KRDMD.IS : 0.2
TOASO.IS : 0.2
EKGYO.IS : 0.2
TAVHL.IS : 0.19999999999999996

Best 10 Return Portfolio:
GUBRF.IS : 0.1
KRDMD.IS : 0.1
TOASO.IS : 0.1
EKGYO.IS : 0.1
TAVHL.IS : 0.1
KOZAA.IS : 0.1
HEKTS.IS : 0.1
KOZAL.IS : 0.1
ARCLK.IS : 0.1
SISE.IS : 0.09999999999999998
