Min Volatility Portfolio:
AKBNK.IS : 0.03828792361865425
ALARK.IS : 0.02731254550170319
ARCLK.IS : 0.050504320691105574
ASELS.IS : 0.027456793899573114
BIMAS.IS : 0.0677848534115602
EKGYO.IS : 0.07846913836822932
ENKAI.IS : 0.019059302132733925
FROTO.IS : 0.03162360412749928
GARAN.IS : 0.05968048136068173
GUBRF.IS : 0.014000122268943357
ISCTR.IS : 0.06297348180739541
KOZAA.IS : 0.010982309179287499
KOZAL.IS : 0.021305097387748783
ODAS.IS : 0.0279080280293148
SAHOL.IS : 0.08568415697101346
SASA.IS : 0.013100754973182993
SISE.IS : 0.05222398107240904
TAVHL.IS : 0.051034744358122504
TCELL.IS : 0.026542055086456063
THYAO.IS : 0.07398092379383989
TOASO.IS : 0.05290583009543736
TUPRS.IS : 0.04863136889830558
YKBNK.IS : 0.05854818296680249

Min Daily Loss Portfolio:
EKGYO.IS : 0.3949661232340317
HEKTS.IS : 0.020548627333052825
ISCTR.IS : 0.11344604785437246
ODAS.IS : 0.13327566042661362
YKBNK.IS : 0.3377635411519294

Max Sharpe Ratio Portfolio:
BIMAS.IS : 0.01723524058023313
EKGYO.IS : 0.27846004875947616
ENKAI.IS : 0.023086601557689893
FROTO.IS : 0.03365366934686849
HEKTS.IS : 0.014568986452533456
ISCTR.IS : 0.12022201672809896
KRDMD.IS : 0.014400653421901896
ODAS.IS : 0.06616343483019126
SAHOL.IS : 0.015651130419481876
TOASO.IS : 0.1695753922475049
YKBNK.IS : 0.24698282565602

Best 5 Return Portfolio:
HEKTS.IS : 0.2
EKGYO.IS : 0.2
YKBNK.IS : 0.2
ISCTR.IS : 0.2
KRDMD.IS : 0.19999999999999996

Best 10 Return Portfolio:
HEKTS.IS : 0.1
EKGYO.IS : 0.1
YKBNK.IS : 0.1
ISCTR.IS : 0.1
KRDMD.IS : 0.1
TOASO.IS : 0.1
FROTO.IS : 0.1
EREGL.IS : 0.1
KCHOL.IS : 0.1
ODAS.IS : 0.09999999999999998
