Min Volatility Portfolio:
ALARK.IS : 0.04403557452504835
ARCLK.IS : 0.026671821231572048
ASELS.IS : 0.058617410198109204
BIMAS.IS : 0.05515858335161369
ENKAI.IS : 0.09382319541735604
EREGL.IS : 0.02493445564146651
FROTO.IS : 0.10062210821907341
GUBRF.IS : 0.036899879167253936
HEKTS.IS : 0.04444848424249008
KCHOL.IS : 0.024282680457990008
KOZAA.IS : 0.021474020403503175
KOZAL.IS : 0.021177234051582772
KRDMD.IS : 0.032383845613659965
ODAS.IS : 0.022165135718018408
PETKM.IS : 0.04411039791858205
PGSUS.IS : 0.04444495368623047
SAHOL.IS : 0.02334495126980686
SASA.IS : 0.0621998920829429
SISE.IS : 0.024555860712126266
TAVHL.IS : 0.02475709595452168
TCELL.IS : 0.0708418888279898
THYAO.IS : 0.05446450120320049
TOASO.IS : 0.044586030105861874

Min Daily Loss Portfolio:
PGSUS.IS : 1.0

Max Sharpe Ratio Portfolio:
AKBNK.IS : 0.03448275862068966
ALARK.IS : 0.03448275862068966
ARCLK.IS : 0.03448275862068966
ASELS.IS : 0.03448275862068966
BIMAS.IS : 0.03448275862068966
EKGYO.IS : 0.03448275862068966
ENKAI.IS : 0.03448275862068966
EREGL.IS : 0.03448275862068966
FROTO.IS : 0.03448275862068966
GARAN.IS : 0.03448275862068966
GUBRF.IS : 0.03448275862068966
HEKTS.IS : 0.03448275862068966
ISCTR.IS : 0.03448275862068966
KCHOL.IS : 0.03448275862068966
KOZAA.IS : 0.03448275862068966
KOZAL.IS : 0.03448275862068966
KRDMD.IS : 0.03448275862068966
ODAS.IS : 0.03448275862068966
PETKM.IS : 0.03448275862068966
PGSUS.IS : 0.03448275862068966
SAHOL.IS : 0.03448275862068966
SASA.IS : 0.03448275862068966
SISE.IS : 0.03448275862068966
TAVHL.IS : 0.03448275862068966
TCELL.IS : 0.03448275862068966
THYAO.IS : 0.03448275862068966
TOASO.IS : 0.03448275862068966
TUPRS.IS : 0.03448275862068966
YKBNK.IS : 0.03448275862068966

Best 5 Return Portfolio:
PGSUS.IS : 0.2
TAVHL.IS : 0.2
KOZAA.IS : 0.2
ENKAI.IS : 0.2
THYAO.IS : 0.19999999999999996

Best 10 Return Portfolio:
PGSUS.IS : 0.1
TAVHL.IS : 0.1
KOZAA.IS : 0.1
ENKAI.IS : 0.1
THYAO.IS : 0.1
GARAN.IS : 0.1
KOZAL.IS : 0.1
KCHOL.IS : 0.1
AKBNK.IS : 0.1
SISE.IS : 0.09999999999999998
