Min Volatility Portfolio:
ARCLK.IS : 0.04092701791012169
BIMAS.IS : 0.12967458882324598
ENKAI.IS : 0.09764327478185236
EREGL.IS : 0.05061364389879649
PGSUS.IS : 0.058336041799678745
SASA.IS : 0.40425592115796455
SISE.IS : 0.0901596594248621
TCELL.IS : 0.128389852203478

Min Daily Loss Portfolio:
HEKTS.IS : 0.01970912612803022
SASA.IS : 0.9802908738719698

Max Sharpe Ratio Portfolio:
AKBNK.IS : 0.03448275862068966
ALARK.IS : 0.03448275862068966
ARCLK.IS : 0.03448275862068966
ASELS.IS : 0.03448275862068966
BIMAS.IS : 0.03448275862068966
EKGYO.IS : 0.03448275862068966
ENKAI.IS : 0.03448275862068966
EREGL.IS : 0.03448275862068966
FROTO.IS : 0.03448275862068966
GARAN.IS : 0.03448275862068966
GUBRF.IS : 0.03448275862068966
HEKTS.IS : 0.03448275862068966
ISCTR.IS : 0.03448275862068966
KCHOL.IS : 0.03448275862068966
KOZAA.IS : 0.03448275862068966
KOZAL.IS : 0.03448275862068966
KRDMD.IS : 0.03448275862068966
ODAS.IS : 0.03448275862068966
PETKM.IS : 0.03448275862068966
PGSUS.IS : 0.03448275862068966
SAHOL.IS : 0.03448275862068966
SASA.IS : 0.03448275862068966
SISE.IS : 0.03448275862068966
TAVHL.IS : 0.03448275862068966
TCELL.IS : 0.03448275862068966
THYAO.IS : 0.03448275862068966
TOASO.IS : 0.03448275862068966
TUPRS.IS : 0.03448275862068966
YKBNK.IS : 0.03448275862068966

Best 5 Return Portfolio:
SASA.IS : 0.2
HEKTS.IS : 0.2
PGSUS.IS : 0.2
KOZAL.IS : 0.2
KOZAA.IS : 0.19999999999999996

Best 10 Return Portfolio:
SASA.IS : 0.1
HEKTS.IS : 0.1
PGSUS.IS : 0.1
KOZAL.IS : 0.1
KOZAA.IS : 0.1
TAVHL.IS : 0.1
TOASO.IS : 0.1
FROTO.IS : 0.1
ASELS.IS : 0.1
THYAO.IS : 0.09999999999999998
