Min Volatility Portfolio:
AKBNK.IS : 0.033498225061346844
ARCLK.IS : 0.018540832572919434
ASELS.IS : 0.028234957159638568
BIMAS.IS : 0.021993559758554198
EKGYO.IS : 0.019788185948993457
ENKAI.IS : 0.0825204873209113
EREGL.IS : 0.04857422139445895
FROTO.IS : 0.02701585868978523
GARAN.IS : 0.03019208181581408
GUBRF.IS : 0.06799364929237993
HEKTS.IS : 0.018014813499927028
ISCTR.IS : 0.03254071510639261
KCHOL.IS : 0.04408436479989405
KOZAA.IS : 0.10533570478511245
KOZAL.IS : 0.05888565326839147
ODAS.IS : 0.05557485439047922
PETKM.IS : 0.08290074019090565
SAHOL.IS : 0.0360034431753861
SASA.IS : 0.032774121551578904
SISE.IS : 0.01770177389214752
TCELL.IS : 0.07545735788355637
THYAO.IS : 0.019577246976456898
TUPRS.IS : 0.028158293153424867
YKBNK.IS : 0.01463885831154493

Min Daily Loss Portfolio:
FROTO.IS : 0.3882497342156853
KOZAA.IS : 0.46858532125285046
SASA.IS : 0.1431649445314643

Max Sharpe Ratio Portfolio:
EKGYO.IS : 0.19208034767908505
ENKAI.IS : 0.04829374181059499
FROTO.IS : 0.07518936774905846
GUBRF.IS : 0.06278481507468107
KCHOL.IS : 0.15832653739117908
KOZAA.IS : 0.16287412313535113
KRDMD.IS : 0.027164970368231282
PETKM.IS : 0.10287557690395886
SASA.IS : 0.04968352356062991
SISE.IS : 0.0318446569953707
TCELL.IS : 0.08888233933185946

Best 5 Return Portfolio:
EKGYO.IS : 0.2
KOZAA.IS : 0.2
SASA.IS : 0.2
KRDMD.IS : 0.2
ENKAI.IS : 0.19999999999999996

Best 10 Return Portfolio:
EKGYO.IS : 0.1
KOZAA.IS : 0.1
SASA.IS : 0.1
KRDMD.IS : 0.1
ENKAI.IS : 0.1
PETKM.IS : 0.1
FROTO.IS : 0.1
KOZAL.IS : 0.1
ARCLK.IS : 0.1
ASELS.IS : 0.09999999999999998
