Min Volatility Portfolio:
AKBNK.IS : 0.0179850471123965
ALARK.IS : 0.0558704248095681
ARCLK.IS : 0.0302933856839516
ASELS.IS : 0.0353755152641771
EKGYO.IS : 0.0780060624354714
ENKAI.IS : 0.0674485149565886
GARAN.IS : 0.0370023501271256
GUBRF.IS : 0.0299564101310624
ISCTR.IS : 0.0550639613509906
KOZAA.IS : 0.0726228147788759
KOZAL.IS : 0.0622079784986829
KRDMD.IS : 0.0288720672827562
ODAS.IS : 0.0436863770682077
PETKM.IS : 0.0134131060914186
PGSUS.IS : 0.1577902889196216
SAHOL.IS : 0.0128842598103254
SASA.IS : 0.0122207306570299
SISE.IS : 0.0675855548043838
TCELL.IS : 0.0441322740912448
THYAO.IS : 0.0445597234024438
YKBNK.IS : 0.0330231527236775

Min Daily Loss Portfolio:
HEKTS.IS : 0.3674805003744309
PGSUS.IS : 0.563113992345204
TOASO.IS : 0.06940550728036508

Max Sharpe Ratio Portfolio:
FROTO.IS : 0.017932687043403176
HEKTS.IS : 0.22559167237589067
KCHOL.IS : 0.016329122554123138
ODAS.IS : 0.16815135377949336
PGSUS.IS : 0.3885650970618242
SISE.IS : 0.09247587118757512
TAVHL.IS : 0.05842898048815206
TCELL.IS : 0.012853454469973359
THYAO.IS : 0.019671761039565024

Best 5 Return Portfolio:
PGSUS.IS : 0.2
ODAS.IS : 0.2
HEKTS.IS : 0.2
ARCLK.IS : 0.2
TOASO.IS : 0.19999999999999996

Best 10 Return Portfolio:
PGSUS.IS : 0.1
ODAS.IS : 0.1
HEKTS.IS : 0.1
ARCLK.IS : 0.1
TOASO.IS : 0.1
FROTO.IS : 0.1
ALARK.IS : 0.1
GUBRF.IS : 0.1
EKGYO.IS : 0.1
THYAO.IS : 0.09999999999999998
