Min Volatility Portfolio:
AKBNK.IS : 0.0353353749026127
ALARK.IS : 0.0278428648944303
ARCLK.IS : 0.0340224837646168
ASELS.IS : 0.0350989818362325
BIMAS.IS : 0.0312625167236143
EKGYO.IS : 0.0386730133466971
ENKAI.IS : 0.0334166854300919
EREGL.IS : 0.032468392213465
FROTO.IS : 0.0378529464718244
GARAN.IS : 0.035503092756965
GUBRF.IS : 0.028263226096941
HEKTS.IS : 0.0380961218905758
ISCTR.IS : 0.0348293725306624
KCHOL.IS : 0.0345261327963352
KOZAA.IS : 0.0320285559599467
KOZAL.IS : 0.0354044480679859
KRDMD.IS : 0.0335941609728053
ODAS.IS : 0.035593603528571
PETKM.IS : 0.0352084363240396
PGSUS.IS : 0.0318349545426703
SAHOL.IS : 0.0353492225922716
SASA.IS : 0.0368556879057766
SISE.IS : 0.0371863098019759
TAVHL.IS : 0.0368615322820218
TCELL.IS : 0.0350084392043348
THYAO.IS : 0.0331531305429032
TOASO.IS : 0.0342725097074268
TUPRS.IS : 0.035409374156025
YKBNK.IS : 0.0350484287561811

Min Daily Loss Portfolio:
EKGYO.IS : 0.20546664179885454
GUBRF.IS : 0.36048063551040643
HEKTS.IS : 0.4340527226907391

Max Sharpe Ratio Portfolio:
AKBNK.IS : 0.03448275862068966
ALARK.IS : 0.03448275862068966
ARCLK.IS : 0.03448275862068966
ASELS.IS : 0.03448275862068966
BIMAS.IS : 0.03448275862068966
EKGYO.IS : 0.03448275862068966
ENKAI.IS : 0.03448275862068966
EREGL.IS : 0.03448275862068966
FROTO.IS : 0.03448275862068966
GARAN.IS : 0.03448275862068966
GUBRF.IS : 0.03448275862068966
HEKTS.IS : 0.03448275862068966
ISCTR.IS : 0.03448275862068966
KCHOL.IS : 0.03448275862068966
KOZAA.IS : 0.03448275862068966
KOZAL.IS : 0.03448275862068966
KRDMD.IS : 0.03448275862068966
ODAS.IS : 0.03448275862068966
PETKM.IS : 0.03448275862068966
PGSUS.IS : 0.03448275862068966
SAHOL.IS : 0.03448275862068966
SASA.IS : 0.03448275862068966
SISE.IS : 0.03448275862068966
TAVHL.IS : 0.03448275862068966
TCELL.IS : 0.03448275862068966
THYAO.IS : 0.03448275862068966
TOASO.IS : 0.03448275862068966
TUPRS.IS : 0.03448275862068966
YKBNK.IS : 0.03448275862068966

Best 5 Return Portfolio:
HEKTS.IS : 0.2
BIMAS.IS : 0.2
TAVHL.IS : 0.2
GUBRF.IS : 0.2
ALARK.IS : 0.19999999999999996

Best 10 Return Portfolio:
HEKTS.IS : 0.1
BIMAS.IS : 0.1
TAVHL.IS : 0.1
GUBRF.IS : 0.1
ALARK.IS : 0.1
EKGYO.IS : 0.1
TOASO.IS : 0.1
TCELL.IS : 0.1
THYAO.IS : 0.1
PGSUS.IS : 0.09999999999999998
