Min Volatility Portfolio:
AKBNK.IS : 0.013489779519027606
ALARK.IS : 0.06474977043061272
ARCLK.IS : 0.08296454580371163
ASELS.IS : 0.05574074519782862
BIMAS.IS : 0.07372341447100572
EKGYO.IS : 0.02899455477097131
ENKAI.IS : 0.025457204774000108
EREGL.IS : 0.03174352009297221
FROTO.IS : 0.09712520072959713
GARAN.IS : 0.013533591969949105
GUBRF.IS : 0.025969239589763007
KCHOL.IS : 0.05281885220880292
KRDMD.IS : 0.011617787198358204
PETKM.IS : 0.07817359822476233
SAHOL.IS : 0.038728046746248315
SASA.IS : 0.014672174452314805
SISE.IS : 0.042949321848390315
TCELL.IS : 0.05845145279083102
THYAO.IS : 0.03023468574685261
TUPRS.IS : 0.14083580530661366
YKBNK.IS : 0.018026708127386708

Min Daily Loss Portfolio:
FROTO.IS : 0.27615615817986416
PGSUS.IS : 0.14463891811798174
SASA.IS : 0.051399667557731586
TUPRS.IS : 0.5278052561444224

Max Sharpe Ratio Portfolio:
ALARK.IS : 0.03217618387868745
ASELS.IS : 0.016654607750389055
EKGYO.IS : 0.016007447176056257
FROTO.IS : 0.4837231550793749
GUBRF.IS : 0.08019272450281546
PETKM.IS : 0.06208481730473766
PGSUS.IS : 0.0519216254637373
SASA.IS : 0.04851504005935599
SISE.IS : 0.0409674650858857
THYAO.IS : 0.027377658489308124
TUPRS.IS : 0.14037927520965213

Best 5 Return Portfolio:
SASA.IS : 0.2
FROTO.IS : 0.2
PETKM.IS : 0.2
ODAS.IS : 0.2
ALARK.IS : 0.19999999999999996

Best 10 Return Portfolio:
SASA.IS : 0.1
FROTO.IS : 0.1
PETKM.IS : 0.1
ODAS.IS : 0.1
ALARK.IS : 0.1
TOASO.IS : 0.1
ARCLK.IS : 0.1
TUPRS.IS : 0.1
ENKAI.IS : 0.1
KOZAA.IS : 0.09999999999999998
