Min Volatility Portfolio:
AKBNK.IS : 0.027563305759839535
ASELS.IS : 0.03269154550742904
BIMAS.IS : 0.0739434509429265
ENKAI.IS : 0.04426281465844054
EREGL.IS : 0.0664422558533596
FROTO.IS : 0.049771967686743086
GARAN.IS : 0.04458425231638382
HEKTS.IS : 0.027085925848224248
ISCTR.IS : 0.04393702081425171
KCHOL.IS : 0.045041777594280505
KOZAL.IS : 0.03584646393682212
PETKM.IS : 0.055132462534450595
PGSUS.IS : 0.04752833111616912
SAHOL.IS : 0.031231124449144252
SASA.IS : 0.0459444855149327
SISE.IS : 0.05386745523668034
TAVHL.IS : 0.026982295534985858
TCELL.IS : 0.07428078061902914
THYAO.IS : 0.04276948554857186
TOASO.IS : 0.06976420082085628
TUPRS.IS : 0.06132859770647933

Min Daily Loss Portfolio:
ASELS.IS : 0.1050745122097062
PETKM.IS : 0.6575143919218709
SASA.IS : 0.2374110958684229

Max Sharpe Ratio Portfolio:
ASELS.IS : 0.036392509695258084
BIMAS.IS : 0.06642362146804141
ENKAI.IS : 0.05540065979667003
FROTO.IS : 0.05276451292501042
GUBRF.IS : 0.021003825954772657
ISCTR.IS : 0.015056765582951109
KCHOL.IS : 0.06943780236798976
KRDMD.IS : 0.0383204224680649
PETKM.IS : 0.3306182301687508
PGSUS.IS : 0.03329921519442154
SASA.IS : 0.11642448434569455
TCELL.IS : 0.06194106378997221
TOASO.IS : 0.02403737590431877
TUPRS.IS : 0.07887951033808363

Best 5 Return Portfolio:
KRDMD.IS : 0.2
PETKM.IS : 0.2
SASA.IS : 0.2
YKBNK.IS : 0.2
ODAS.IS : 0.19999999999999996

Best 10 Return Portfolio:
KRDMD.IS : 0.1
PETKM.IS : 0.1
SASA.IS : 0.1
YKBNK.IS : 0.1
ODAS.IS : 0.1
ENKAI.IS : 0.1
ALARK.IS : 0.1
THYAO.IS : 0.1
SAHOL.IS : 0.1
EKGYO.IS : 0.09999999999999998
