Min Volatility Portfolio:
ALARK.IS : 0.01708230634094417
ARCLK.IS : 0.014480719637467976
BIMAS.IS : 0.18885490014578382
EKGYO.IS : 0.044839125685296854
ENKAI.IS : 0.011667681655883777
EREGL.IS : 0.10761049625771704
FROTO.IS : 0.015293930712779824
GARAN.IS : 0.025796076408936122
HEKTS.IS : 0.15665456119244234
ISCTR.IS : 0.02285759428979219
KCHOL.IS : 0.03886678430976297
KRDMD.IS : 0.019506016573043378
PETKM.IS : 0.057180238434522676
SAHOL.IS : 0.06574743022227993
SASA.IS : 0.02010952474691878
SISE.IS : 0.03472402363472484
TCELL.IS : 0.060572573032497135
TOASO.IS : 0.054697412110548314
TUPRS.IS : 0.043458604608657886

Min Daily Loss Portfolio:
ASELS.IS : 0.04428111995176013
BIMAS.IS : 0.39022061208973835
HEKTS.IS : 0.06550642380372683
KRDMD.IS : 0.03250194320154036
TOASO.IS : 0.4674899009532342

Max Sharpe Ratio Portfolio:
ASELS.IS : 0.05995551007270222
BIMAS.IS : 0.18121777985431606
ENKAI.IS : 0.056999025082742426
EREGL.IS : 0.14464235083352048
HEKTS.IS : 0.29080990375265225
KRDMD.IS : 0.06330044405967997
PGSUS.IS : 0.04229623418319529
TOASO.IS : 0.1356313119645157
TUPRS.IS : 0.02514744019667565

Best 5 Return Portfolio:
ODAS.IS : 0.2
HEKTS.IS : 0.2
KRDMD.IS : 0.2
EREGL.IS : 0.2
ASELS.IS : 0.19999999999999996

Best 10 Return Portfolio:
ODAS.IS : 0.1
HEKTS.IS : 0.1
KRDMD.IS : 0.1
EREGL.IS : 0.1
ASELS.IS : 0.1
BIMAS.IS : 0.1
TAVHL.IS : 0.1
THYAO.IS : 0.1
TOASO.IS : 0.1
SISE.IS : 0.09999999999999998
