Min Volatility Portfolio:
AKBNK.IS : 0.02184142629261148
ALARK.IS : 0.019160001247097713
ARCLK.IS : 0.03995156277614714
ASELS.IS : 0.026219610402919574
BIMAS.IS : 0.05362783181855589
EKGYO.IS : 0.03574445642712324
ENKAI.IS : 0.0316657571807927
EREGL.IS : 0.049695409462540654
FROTO.IS : 0.0469490064562774
GARAN.IS : 0.02492093991181216
GUBRF.IS : 0.02674522669695048
HEKTS.IS : 0.03592013267216856
ISCTR.IS : 0.02454594625457669
KCHOL.IS : 0.029473925544473742
KOZAA.IS : 0.06482571693396533
KOZAL.IS : 0.07681287408422917
KRDMD.IS : 0.05121954811771999
ODAS.IS : 0.042425690277183965
PETKM.IS : 0.04508613705813307
SAHOL.IS : 0.024873678818984727
SASA.IS : 0.031101111098734164
SISE.IS : 0.03023857319397711
TCELL.IS : 0.040057268531400715
TOASO.IS : 0.06531987276632066
TUPRS.IS : 0.020075860795647098
YKBNK.IS : 0.04150243517965654

Min Daily Loss Portfolio:
EREGL.IS : 0.568890886000023
GUBRF.IS : 0.05931793138729764
ODAS.IS : 0.34595277761817134
YKBNK.IS : 0.025838404994507923

Max Sharpe Ratio Portfolio:
ARCLK.IS : 0.036110979461856235
ENKAI.IS : 0.010793563197711459
EREGL.IS : 0.06734517766853043
FROTO.IS : 0.06327355525324868
GARAN.IS : 0.029568124146049844
GUBRF.IS : 0.020041897478177174
ISCTR.IS : 0.09303857697026131
KCHOL.IS : 0.1311868759303135
KOZAA.IS : 0.06542909831563443
KOZAL.IS : 0.0759901032940373
KRDMD.IS : 0.05073942700504632
ODAS.IS : 0.13926267801861922
SAHOL.IS : 0.04030472318652711
SASA.IS : 0.011424893449567652
TCELL.IS : 0.010712104407035104
THYAO.IS : 0.04259320271117349
TOASO.IS : 0.058752352902162186
YKBNK.IS : 0.053432666604048586

Best 5 Return Portfolio:
PGSUS.IS : 0.2
THYAO.IS : 0.2
SAHOL.IS : 0.2
EREGL.IS : 0.2
YKBNK.IS : 0.19999999999999996

Best 10 Return Portfolio:
PGSUS.IS : 0.1
THYAO.IS : 0.1
SAHOL.IS : 0.1
EREGL.IS : 0.1
YKBNK.IS : 0.1
TAVHL.IS : 0.1
KCHOL.IS : 0.1
ODAS.IS : 0.1
ISCTR.IS : 0.1
FROTO.IS : 0.09999999999999998
