Min Volatility Portfolio:
AKBNK.IS : 0.046005606462619406
ASELS.IS : 0.035530129064852575
BIMAS.IS : 0.08383059683689727
EREGL.IS : 0.0863745790166393
FROTO.IS : 0.026612347573163515
GARAN.IS : 0.04809821570010155
GUBRF.IS : 0.04635498368113072
ISCTR.IS : 0.037296768143740416
PGSUS.IS : 0.03486829171009596
SASA.IS : 0.04552590904603186
SISE.IS : 0.18643256533146255
TAVHL.IS : 0.03539355169779012
TCELL.IS : 0.16111070061345115
THYAO.IS : 0.048236406604208554
TUPRS.IS : 0.05368561050665314
YKBNK.IS : 0.024643738011161896

Min Daily Loss Portfolio:
ARCLK.IS : 0.07186013656699626
EREGL.IS : 0.23448073562602817
SASA.IS : 0.11274979707356307
SISE.IS : 0.14482652188497147
TCELL.IS : 0.43608280884844086

Max Sharpe Ratio Portfolio:
ALARK.IS : 0.1499374060678711
EREGL.IS : 0.0707637962320872
PGSUS.IS : 0.11051146494897611
SASA.IS : 0.32442760132369036
SISE.IS : 0.20299202302997058
TCELL.IS : 0.1413677083974047

Best 5 Return Portfolio:
ALARK.IS : 0.2
SASA.IS : 0.2
SISE.IS : 0.2
KRDMD.IS : 0.2
ENKAI.IS : 0.19999999999999996

Best 10 Return Portfolio:
ALARK.IS : 0.1
SASA.IS : 0.1
SISE.IS : 0.1
KRDMD.IS : 0.1
ENKAI.IS : 0.1
GUBRF.IS : 0.1
TCELL.IS : 0.1
FROTO.IS : 0.1
HEKTS.IS : 0.1
ARCLK.IS : 0.09999999999999998
