Min Volatility Portfolio:
ALARK.IS : 0.014156396098974103
ARCLK.IS : 0.018890427304158696
ASELS.IS : 0.015338602518838163
BIMAS.IS : 0.12486295278185748
EKGYO.IS : 0.012714196913425064
ENKAI.IS : 0.05391761791914827
EREGL.IS : 0.07703406184981977
FROTO.IS : 0.02592740154967048
GUBRF.IS : 0.016764186045973798
HEKTS.IS : 0.038653560516798545
KCHOL.IS : 0.025050395189611614
KOZAA.IS : 0.02196537641639172
KOZAL.IS : 0.044588179082776284
KRDMD.IS : 0.03581972663434885
ODAS.IS : 0.02053915578667405
PETKM.IS : 0.08441534276944469
PGSUS.IS : 0.01988999021981892
SAHOL.IS : 0.03860965571224967
SASA.IS : 0.08730523121718715
TAVHL.IS : 0.01754435747185319
TCELL.IS : 0.06076036607458839
THYAO.IS : 0.04850806858432091
TOASO.IS : 0.03453250662322932
TUPRS.IS : 0.04303517277402332
YKBNK.IS : 0.019177071944817516

Min Daily Loss Portfolio:
ARCLK.IS : 0.43679741596595617
KRDMD.IS : 0.11903737129956284
ODAS.IS : 0.40312941695880977
TOASO.IS : 0.04103579577567123

Max Sharpe Ratio Portfolio:
BIMAS.IS : 0.1238373146976181
EREGL.IS : 0.03977790845805904
GUBRF.IS : 0.2162348467603787
KOZAA.IS : 0.0393265488989496
ODAS.IS : 0.4304563834723119
SASA.IS : 0.05358378315606342
TCELL.IS : 0.04956841808555719
YKBNK.IS : 0.047214796471062026

Best 5 Return Portfolio:
ODAS.IS : 0.2
ARCLK.IS : 0.2
TOASO.IS : 0.2
KRDMD.IS : 0.2
SISE.IS : 0.19999999999999996

Best 10 Return Portfolio:
ODAS.IS : 0.1
ARCLK.IS : 0.1
TOASO.IS : 0.1
KRDMD.IS : 0.1
SISE.IS : 0.1
ISCTR.IS : 0.1
ENKAI.IS : 0.1
KOZAA.IS : 0.1
EKGYO.IS : 0.1
GUBRF.IS : 0.09999999999999998
