Min Volatility Portfolio:
AKBNK.IS : 0.05258803896632112
ALARK.IS : 0.08808739961817287
ASELS.IS : 0.03502111513502711
BIMAS.IS : 0.024100744594387408
EKGYO.IS : 0.04672907951564865
ENKAI.IS : 0.06591047250974358
EREGL.IS : 0.04244850791870204
FROTO.IS : 0.08022553099098073
GARAN.IS : 0.05512045796322402
GUBRF.IS : 0.015473925670847918
ISCTR.IS : 0.05602758200318847
KCHOL.IS : 0.02109143954449974
KOZAA.IS : 0.07574116521751662
KOZAL.IS : 0.021939747081033138
PGSUS.IS : 0.01795549895386305
SAHOL.IS : 0.036363406275265756
SASA.IS : 0.08214272537956607
TAVHL.IS : 0.023103306955925437
TCELL.IS : 0.01765495033759359
THYAO.IS : 0.06250820255302224
TOASO.IS : 0.04677770937484127
YKBNK.IS : 0.03298899344062914

Min Daily Loss Portfolio:
BIMAS.IS : 0.033070314089798436
PETKM.IS : 0.19138947709061674
SASA.IS : 0.6643428211642189
TAVHL.IS : 0.11119738765536584

Max Sharpe Ratio Portfolio:
ARCLK.IS : 0.07101594459493164
BIMAS.IS : 0.022194859664727694
FROTO.IS : 0.110797086379765
HEKTS.IS : 0.10509332953636887
PETKM.IS : 0.1996948001003101
PGSUS.IS : 0.13452346287355993
SASA.IS : 0.2524714818613628
TAVHL.IS : 0.04443502850561244
TOASO.IS : 0.059774006483361404

Best 5 Return Portfolio:
PETKM.IS : 0.2
PGSUS.IS : 0.2
TAVHL.IS : 0.2
KRDMD.IS : 0.2
ODAS.IS : 0.19999999999999996

Best 10 Return Portfolio:
PETKM.IS : 0.1
PGSUS.IS : 0.1
TAVHL.IS : 0.1
KRDMD.IS : 0.1
ODAS.IS : 0.1
EREGL.IS : 0.1
SASA.IS : 0.1
HEKTS.IS : 0.1
EKGYO.IS : 0.1
BIMAS.IS : 0.09999999999999998
