Min Volatility Portfolio:
AKBNK.IS : 0.03703182047672491
ALARK.IS : 0.021568175073040863
ARCLK.IS : 0.0756379271391193
ASELS.IS : 0.020808074720199583
BIMAS.IS : 0.05455209825116798
EKGYO.IS : 0.1111947250177704
EREGL.IS : 0.0391336285966614
FROTO.IS : 0.013863729789882354
GARAN.IS : 0.03771924029797808
GUBRF.IS : 0.020947108506973056
ISCTR.IS : 0.030532880673614617
KCHOL.IS : 0.02905705200452722
KOZAA.IS : 0.013096527849953694
KOZAL.IS : 0.037296716798084675
KRDMD.IS : 0.02448251126264796
ODAS.IS : 0.0163143400181608
PETKM.IS : 0.014663455561724732
PGSUS.IS : 0.033734974530527664
SAHOL.IS : 0.08776482400831974
SISE.IS : 0.048515473216168566
TAVHL.IS : 0.07250716675960367
TCELL.IS : 0.03275014528680002
THYAO.IS : 0.03290241263497998
TOASO.IS : 0.02544876996133583
TUPRS.IS : 0.0324529484126731
YKBNK.IS : 0.03602327315135971

Min Daily Loss Portfolio:
EKGYO.IS : 0.4931599936204725
GUBRF.IS : 0.14072328282693075
SASA.IS : 0.36611672355259683

Max Sharpe Ratio Portfolio:
AKBNK.IS : 0.03448275862068966
ALARK.IS : 0.03448275862068966
ARCLK.IS : 0.03448275862068966
ASELS.IS : 0.03448275862068966
BIMAS.IS : 0.03448275862068966
EKGYO.IS : 0.03448275862068966
ENKAI.IS : 0.03448275862068966
EREGL.IS : 0.03448275862068966
FROTO.IS : 0.03448275862068966
GARAN.IS : 0.03448275862068966
GUBRF.IS : 0.03448275862068966
HEKTS.IS : 0.03448275862068966
ISCTR.IS : 0.03448275862068966
KCHOL.IS : 0.03448275862068966
KOZAA.IS : 0.03448275862068966
KOZAL.IS : 0.03448275862068966
KRDMD.IS : 0.03448275862068966
ODAS.IS : 0.03448275862068966
PETKM.IS : 0.03448275862068966
PGSUS.IS : 0.03448275862068966
SAHOL.IS : 0.03448275862068966
SASA.IS : 0.03448275862068966
SISE.IS : 0.03448275862068966
TAVHL.IS : 0.03448275862068966
TCELL.IS : 0.03448275862068966
THYAO.IS : 0.03448275862068966
TOASO.IS : 0.03448275862068966
TUPRS.IS : 0.03448275862068966
YKBNK.IS : 0.03448275862068966

Best 5 Return Portfolio:
SASA.IS : 0.2
GUBRF.IS : 0.2
ENKAI.IS : 0.2
KOZAA.IS : 0.2
FROTO.IS : 0.19999999999999996

Best 10 Return Portfolio:
SASA.IS : 0.1
GUBRF.IS : 0.1
ENKAI.IS : 0.1
KOZAA.IS : 0.1
FROTO.IS : 0.1
EKGYO.IS : 0.1
TOASO.IS : 0.1
ARCLK.IS : 0.1
ODAS.IS : 0.1
KOZAL.IS : 0.09999999999999998
