Min Volatility Portfolio:
AKBNK.IS : 0.04305248429682041
ALARK.IS : 0.024292129450008894
ARCLK.IS : 0.06174127795705404
BIMAS.IS : 0.023615285686510244
EKGYO.IS : 0.03759635932124058
ENKAI.IS : 0.0631961157874722
EREGL.IS : 0.03625908545765411
FROTO.IS : 0.016790089156905785
GARAN.IS : 0.03916466493219508
GUBRF.IS : 0.04765812850887485
HEKTS.IS : 0.01006528955710977
ISCTR.IS : 0.04663666963709619
KCHOL.IS : 0.03282763359856731
KRDMD.IS : 0.07954320061704871
ODAS.IS : 0.05086919041057187
PETKM.IS : 0.059703922096739796
PGSUS.IS : 0.06323783029344718
SASA.IS : 0.027632817866647712
SISE.IS : 0.023664545049271547
TAVHL.IS : 0.04486974017517813
TCELL.IS : 0.03296727083656761
THYAO.IS : 0.055880302925946986
TOASO.IS : 0.02451232584579287
TUPRS.IS : 0.030476321801015064
YKBNK.IS : 0.02374731873426306

Min Daily Loss Portfolio:
EKGYO.IS : 0.10684949056607901
EREGL.IS : 0.7362652093890473
GUBRF.IS : 0.05414054259724033
PETKM.IS : 0.1027447574476334

Max Sharpe Ratio Portfolio:
AKBNK.IS : 0.016987373650057633
ARCLK.IS : 0.04474142667428395
BIMAS.IS : 0.05686893396841249
EKGYO.IS : 0.10990546568786748
ENKAI.IS : 0.026985895337434146
EREGL.IS : 0.22792623030446071
FROTO.IS : 0.05730124662355149
GARAN.IS : 0.019232780915488978
KCHOL.IS : 0.14468582988569248
KRDMD.IS : 0.06070741588791713
PETKM.IS : 0.09056378281852442
PGSUS.IS : 0.03730931532497082
TCELL.IS : 0.05398050998537812
THYAO.IS : 0.052803792935960166

Best 5 Return Portfolio:
EKGYO.IS : 0.2
GUBRF.IS : 0.2
KCHOL.IS : 0.2
FROTO.IS : 0.2
EREGL.IS : 0.19999999999999996

Best 10 Return Portfolio:
EKGYO.IS : 0.1
GUBRF.IS : 0.1
KCHOL.IS : 0.1
FROTO.IS : 0.1
EREGL.IS : 0.1
SAHOL.IS : 0.1
PETKM.IS : 0.1
YKBNK.IS : 0.1
GARAN.IS : 0.1
ASELS.IS : 0.09999999999999998
