Min Volatility Portfolio:
AKBNK.IS : 0.06402868248543021
ALARK.IS : 0.055637442764938906
ARCLK.IS : 0.029454299817941003
ASELS.IS : 0.012219525014626401
BIMAS.IS : 0.11881001587306352
EKGYO.IS : 0.056026582166773906
ENKAI.IS : 0.07448715095457072
EREGL.IS : 0.03928111293957641
GARAN.IS : 0.03282530574269701
HEKTS.IS : 0.07216843222218751
ISCTR.IS : 0.04412237976175411
KCHOL.IS : 0.022683719424221503
KOZAA.IS : 0.04294415340606491
KOZAL.IS : 0.037037028277810406
KRDMD.IS : 0.030401078874609504
PETKM.IS : 0.017822748423527802
SAHOL.IS : 0.044245080011447405
SISE.IS : 0.03170895240058011
TAVHL.IS : 0.03940890516348221
TCELL.IS : 0.07239018285007622
THYAO.IS : 0.023104347448571202
TUPRS.IS : 0.018391416913673003
YKBNK.IS : 0.020801457062376204

Min Daily Loss Portfolio:
ALARK.IS : 0.03444223962222661
BIMAS.IS : 0.4264376826537039
TCELL.IS : 0.5391200777240696

Max Sharpe Ratio Portfolio:
AKBNK.IS : 0.010364012465701575
ALARK.IS : 0.05547729510055787
ARCLK.IS : 0.035272596132261885
BIMAS.IS : 0.28404371442917375
EKGYO.IS : 0.03389035314809587
GARAN.IS : 0.039777761307263244
ISCTR.IS : 0.04926565887738941
KRDMD.IS : 0.044602593796116904
PETKM.IS : 0.015142116630605747
PGSUS.IS : 0.025233878360929118
SAHOL.IS : 0.0724419281678575
SISE.IS : 0.011713570082206366
TAVHL.IS : 0.012659016755377065
TCELL.IS : 0.2483093379565606
TOASO.IS : 0.017887586934614706
YKBNK.IS : 0.0439185798552885

Best 5 Return Portfolio:
TCELL.IS : 0.2
BIMAS.IS : 0.2
ENKAI.IS : 0.2
HEKTS.IS : 0.2
GUBRF.IS : 0.19999999999999996

Best 10 Return Portfolio:
TCELL.IS : 0.1
BIMAS.IS : 0.1
ENKAI.IS : 0.1
HEKTS.IS : 0.1
GUBRF.IS : 0.1
EREGL.IS : 0.1
PETKM.IS : 0.1
SISE.IS : 0.1
EKGYO.IS : 0.1
ALARK.IS : 0.09999999999999998
