Min Volatility Portfolio:
ALARK.IS : 0.069457304509777
ARCLK.IS : 0.052212233569059
ASELS.IS : 0.0198564938855074
BIMAS.IS : 0.1121716598716478
EKGYO.IS : 0.0949282092256657
ENKAI.IS : 0.0377680510051126
EREGL.IS : 0.0608653251687457
GUBRF.IS : 0.0378108802445821
HEKTS.IS : 0.0634597210490358
KCHOL.IS : 0.0351074183883567
KOZAA.IS : 0.0464694183012576
KOZAL.IS : 0.0580014598185342
KRDMD.IS : 0.0577031556743054
ODAS.IS : 0.0405268979723262
PETKM.IS : 0.104434840806313
TCELL.IS : 0.0453335367822282
TOASO.IS : 0.0306028498309739
TUPRS.IS : 0.0332905438965717

Min Daily Loss Portfolio:
ALARK.IS : 0.16838508538797153
KOZAL.IS : 0.4367512701140227
PETKM.IS : 0.13100038700396496
TCELL.IS : 0.26386325749404077

Max Sharpe Ratio Portfolio:
AKBNK.IS : 0.019633041892948868
ALARK.IS : 0.019633041892948868
ARCLK.IS : 0.019633041892948868
ASELS.IS : 0.019633041892948868
BIMAS.IS : 0.033603455972023424
EKGYO.IS : 0.019633041892948868
ENKAI.IS : 0.019633041892948868
EREGL.IS : 0.019633041892948868
FROTO.IS : 0.019633041892948868
GARAN.IS : 0.019633041892948868
GUBRF.IS : 0.019633041892948868
HEKTS.IS : 0.019633041892948868
ISCTR.IS : 0.019633041892948868
KCHOL.IS : 0.019633041892948868
KOZAA.IS : 0.019633041892948868
KOZAL.IS : 0.019633041892948868
KRDMD.IS : 0.019633041892948868
ODAS.IS : 0.019633041892948868
PETKM.IS : 0.22796872740565302
PGSUS.IS : 0.019633041892948868
SAHOL.IS : 0.019633041892948868
SASA.IS : 0.22796872740565302
SISE.IS : 0.019633041892948868
TAVHL.IS : 0.019633041892948868
TCELL.IS : 0.019633041892948868
THYAO.IS : 0.019633041892948868
TOASO.IS : 0.019633041892948868
TUPRS.IS : 0.019633041892948868
YKBNK.IS : 0.019633041892948868

Best 5 Return Portfolio:
SASA.IS : 0.2
PETKM.IS : 0.2
ALARK.IS : 0.2
FROTO.IS : 0.2
EREGL.IS : 0.19999999999999996

Best 10 Return Portfolio:
SASA.IS : 0.1
PETKM.IS : 0.1
ALARK.IS : 0.1
FROTO.IS : 0.1
EREGL.IS : 0.1
TAVHL.IS : 0.1
PGSUS.IS : 0.1
THYAO.IS : 0.1
KOZAL.IS : 0.1
TUPRS.IS : 0.09999999999999998
