Min Volatility Portfolio:
AKBNK.IS : 0.03448275862068965
ALARK.IS : 0.03448275862068965
ARCLK.IS : 0.03448275862068965
ASELS.IS : 0.03448275862068965
BIMAS.IS : 0.03448275862068965
EKGYO.IS : 0.03448275862068965
ENKAI.IS : 0.03448275862068965
EREGL.IS : 0.03448275862068965
FROTO.IS : 0.03448275862068965
GARAN.IS : 0.03448275862068965
GUBRF.IS : 0.03448275862068965
HEKTS.IS : 0.03448275862068965
ISCTR.IS : 0.03448275862068965
KCHOL.IS : 0.03448275862068965
KOZAA.IS : 0.03448275862068965
KOZAL.IS : 0.03448275862068965
KRDMD.IS : 0.03448275862068965
ODAS.IS : 0.03448275862068965
PETKM.IS : 0.03448275862068965
PGSUS.IS : 0.03448275862068965
SAHOL.IS : 0.03448275862068965
SASA.IS : 0.03448275862068965
SISE.IS : 0.03448275862068965
TAVHL.IS : 0.03448275862068965
TCELL.IS : 0.03448275862068965
THYAO.IS : 0.03448275862068965
TOASO.IS : 0.03448275862068965
TUPRS.IS : 0.03448275862068965
YKBNK.IS : 0.03448275862068965

Min Daily Loss Portfolio:
TOASO.IS : 1.0

Max Sharpe Ratio Portfolio:
AKBNK.IS : 0.03448275862068966
ALARK.IS : 0.03448275862068966
ARCLK.IS : 0.03448275862068966
ASELS.IS : 0.03448275862068966
BIMAS.IS : 0.03448275862068966
EKGYO.IS : 0.03448275862068966
ENKAI.IS : 0.03448275862068966
EREGL.IS : 0.03448275862068966
FROTO.IS : 0.03448275862068966
GARAN.IS : 0.03448275862068966
GUBRF.IS : 0.03448275862068966
HEKTS.IS : 0.03448275862068966
ISCTR.IS : 0.03448275862068966
KCHOL.IS : 0.03448275862068966
KOZAA.IS : 0.03448275862068966
KOZAL.IS : 0.03448275862068966
KRDMD.IS : 0.03448275862068966
ODAS.IS : 0.03448275862068966
PETKM.IS : 0.03448275862068966
PGSUS.IS : 0.03448275862068966
SAHOL.IS : 0.03448275862068966
SASA.IS : 0.03448275862068966
SISE.IS : 0.03448275862068966
TAVHL.IS : 0.03448275862068966
TCELL.IS : 0.03448275862068966
THYAO.IS : 0.03448275862068966
TOASO.IS : 0.03448275862068966
TUPRS.IS : 0.03448275862068966
YKBNK.IS : 0.03448275862068966

Best 5 Return Portfolio:
ENKAI.IS : 0.2
PETKM.IS : 0.2
TOASO.IS : 0.2
SAHOL.IS : 0.2
ASELS.IS : 0.19999999999999996

Best 10 Return Portfolio:
ENKAI.IS : 0.1
PETKM.IS : 0.1
TOASO.IS : 0.1
SAHOL.IS : 0.1
ASELS.IS : 0.1
EKGYO.IS : 0.1
ALARK.IS : 0.1
KRDMD.IS : 0.1
EREGL.IS : 0.1
BIMAS.IS : 0.09999999999999998
