Min Volatility Portfolio:
AKBNK.IS : 0.028393282048011503
ALARK.IS : 0.07054079647352701
ARCLK.IS : 0.042220262793196406
ASELS.IS : 0.028841633911643804
BIMAS.IS : 0.04282042020285331
EKGYO.IS : 0.03694614105628681
ENKAI.IS : 0.021989217611946905
EREGL.IS : 0.060585481891635304
FROTO.IS : 0.06748069814506522
GARAN.IS : 0.022024446754864202
ISCTR.IS : 0.07919110301706012
KCHOL.IS : 0.10138724335989702
KOZAL.IS : 0.06809381408959671
KRDMD.IS : 0.05685602663773911
ODAS.IS : 0.022234488819893202
SAHOL.IS : 0.04435398248630261
SASA.IS : 0.029097284165635902
SISE.IS : 0.05386415584729991
TAVHL.IS : 0.022212868604736202
TCELL.IS : 0.013257646099003102
TOASO.IS : 0.06452645918729921
YKBNK.IS : 0.023082546796506603

Min Daily Loss Portfolio:
GARAN.IS : 0.2504729806570575
SASA.IS : 0.6971686834924664
TUPRS.IS : 0.0523583358504762

Max Sharpe Ratio Portfolio:
AKBNK.IS : 0.03448275862068966
ALARK.IS : 0.03448275862068966
ARCLK.IS : 0.03448275862068966
ASELS.IS : 0.03448275862068966
BIMAS.IS : 0.03448275862068966
EKGYO.IS : 0.03448275862068966
ENKAI.IS : 0.03448275862068966
EREGL.IS : 0.03448275862068966
FROTO.IS : 0.03448275862068966
GARAN.IS : 0.03448275862068966
GUBRF.IS : 0.03448275862068966
HEKTS.IS : 0.03448275862068966
ISCTR.IS : 0.03448275862068966
KCHOL.IS : 0.03448275862068966
KOZAA.IS : 0.03448275862068966
KOZAL.IS : 0.03448275862068966
KRDMD.IS : 0.03448275862068966
ODAS.IS : 0.03448275862068966
PETKM.IS : 0.03448275862068966
PGSUS.IS : 0.03448275862068966
SAHOL.IS : 0.03448275862068966
SASA.IS : 0.03448275862068966
SISE.IS : 0.03448275862068966
TAVHL.IS : 0.03448275862068966
TCELL.IS : 0.03448275862068966
THYAO.IS : 0.03448275862068966
TOASO.IS : 0.03448275862068966
TUPRS.IS : 0.03448275862068966
YKBNK.IS : 0.03448275862068966

Best 5 Return Portfolio:
SASA.IS : 0.2
KOZAA.IS : 0.2
KOZAL.IS : 0.2
ALARK.IS : 0.2
GUBRF.IS : 0.19999999999999996

Best 10 Return Portfolio:
SASA.IS : 0.1
KOZAA.IS : 0.1
KOZAL.IS : 0.1
ALARK.IS : 0.1
GUBRF.IS : 0.1
KCHOL.IS : 0.1
TUPRS.IS : 0.1
TAVHL.IS : 0.1
EREGL.IS : 0.1
EKGYO.IS : 0.09999999999999998
