Min Volatility Portfolio:
AKBNK.IS : 0.046033517103997126
ALARK.IS : 0.02851398693999363
ARCLK.IS : 0.04242801805558935
ASELS.IS : 0.030227878968241542
EKGYO.IS : 0.03327393664090565
ENKAI.IS : 0.058870627507138916
EREGL.IS : 0.027816945802044142
FROTO.IS : 0.015068567079751388
GARAN.IS : 0.052471278969522125
ISCTR.IS : 0.033605886741846364
KCHOL.IS : 0.033485740595931214
KOZAA.IS : 0.04910236158484355
KOZAL.IS : 0.06995595955202466
KRDMD.IS : 0.02968318843598835
ODAS.IS : 0.03224177992632892
PETKM.IS : 0.04558420820417837
PGSUS.IS : 0.03520418551607568
SAHOL.IS : 0.025943897838189754
SASA.IS : 0.031068842572720107
SISE.IS : 0.021179414931339957
TAVHL.IS : 0.03213430517358196
TCELL.IS : 0.028486653365870692
THYAO.IS : 0.025357104041349745
TOASO.IS : 0.06747568704698585
TUPRS.IS : 0.04583678401201393
YKBNK.IS : 0.05894924339354712

Min Daily Loss Portfolio:
GARAN.IS : 0.8147120123687388
GUBRF.IS : 0.18528798763126114

Max Sharpe Ratio Portfolio:
AKBNK.IS : 0.02825957100311052
ALARK.IS : 0.014177705827334297
ARCLK.IS : 0.013882652808908796
ASELS.IS : 0.030134307526567337
ENKAI.IS : 0.02977240489990722
EREGL.IS : 0.01507364970381097
GARAN.IS : 0.5676424990912949
GUBRF.IS : 0.1017629240895362
HEKTS.IS : 0.035266579240192296
KOZAL.IS : 0.023086424929382638
SASA.IS : 0.024534037212776846
THYAO.IS : 0.043677653582248135
YKBNK.IS : 0.07272959008492987

Best 5 Return Portfolio:
GUBRF.IS : 0.2
GARAN.IS : 0.2
HEKTS.IS : 0.2
AKBNK.IS : 0.2
YKBNK.IS : 0.19999999999999996

Best 10 Return Portfolio:
GUBRF.IS : 0.1
GARAN.IS : 0.1
HEKTS.IS : 0.1
AKBNK.IS : 0.1
YKBNK.IS : 0.1
THYAO.IS : 0.1
ALARK.IS : 0.1
SAHOL.IS : 0.1
KCHOL.IS : 0.1
SASA.IS : 0.09999999999999998
