Min Volatility Portfolio:
AKBNK.IS : 0.045258115362529897
ARCLK.IS : 0.08079637572165374
BIMAS.IS : 0.04114697133741846
EKGYO.IS : 0.06531470810153991
ENKAI.IS : 0.07143552820411476
EREGL.IS : 0.03713031432875234
FROTO.IS : 0.07883189716259986
GARAN.IS : 0.04334403618293319
HEKTS.IS : 0.020435488226738577
ISCTR.IS : 0.04899017989695176
KCHOL.IS : 0.010400473685862948
KRDMD.IS : 0.016844150091270688
ODAS.IS : 0.02521895949449133
PETKM.IS : 0.05260803583630156
SAHOL.IS : 0.035701933706550754
SASA.IS : 0.022178075914532077
SISE.IS : 0.035410434157579045
TAVHL.IS : 0.029442271909513183
TCELL.IS : 0.06335274955408891
THYAO.IS : 0.011041712233664128
TOASO.IS : 0.05595223742732474
TUPRS.IS : 0.03584661121878048
YKBNK.IS : 0.0733187402448074

Min Daily Loss Portfolio:
ARCLK.IS : 0.6908045476816609
HEKTS.IS : 0.07151774083218823
TAVHL.IS : 0.23767771148615094

Max Sharpe Ratio Portfolio:
AKBNK.IS : 0.03448275862068966
ALARK.IS : 0.03448275862068966
ARCLK.IS : 0.03448275862068966
ASELS.IS : 0.03448275862068966
BIMAS.IS : 0.03448275862068966
EKGYO.IS : 0.03448275862068966
ENKAI.IS : 0.03448275862068966
EREGL.IS : 0.03448275862068966
FROTO.IS : 0.03448275862068966
GARAN.IS : 0.03448275862068966
GUBRF.IS : 0.03448275862068966
HEKTS.IS : 0.03448275862068966
ISCTR.IS : 0.03448275862068966
KCHOL.IS : 0.03448275862068966
KOZAA.IS : 0.03448275862068966
KOZAL.IS : 0.03448275862068966
KRDMD.IS : 0.03448275862068966
ODAS.IS : 0.03448275862068966
PETKM.IS : 0.03448275862068966
PGSUS.IS : 0.03448275862068966
SAHOL.IS : 0.03448275862068966
SASA.IS : 0.03448275862068966
SISE.IS : 0.03448275862068966
TAVHL.IS : 0.03448275862068966
TCELL.IS : 0.03448275862068966
THYAO.IS : 0.03448275862068966
TOASO.IS : 0.03448275862068966
TUPRS.IS : 0.03448275862068966
YKBNK.IS : 0.03448275862068966

Best 5 Return Portfolio:
HEKTS.IS : 0.2
TAVHL.IS : 0.2
PGSUS.IS : 0.2
THYAO.IS : 0.2
SASA.IS : 0.19999999999999996

Best 10 Return Portfolio:
HEKTS.IS : 0.1
TAVHL.IS : 0.1
PGSUS.IS : 0.1
THYAO.IS : 0.1
SASA.IS : 0.1
ARCLK.IS : 0.1
KCHOL.IS : 0.1
PETKM.IS : 0.1
KOZAL.IS : 0.1
SISE.IS : 0.09999999999999998
