Min Volatility Portfolio:
AKBNK.IS : 0.05052609153907394
ALARK.IS : 0.04948649835982303
ASELS.IS : 0.055604020646237956
BIMAS.IS : 0.07616395784737306
EKGYO.IS : 0.04456298339427207
EREGL.IS : 0.03130942389424845
FROTO.IS : 0.043084744534040355
GARAN.IS : 0.04809659010950015
GUBRF.IS : 0.020073716265053648
HEKTS.IS : 0.0844148101932132
ISCTR.IS : 0.04521755111639844
KCHOL.IS : 0.017210023038708683
KOZAA.IS : 0.05980045115819582
KOZAL.IS : 0.07827722358382502
ODAS.IS : 0.048681748524219026
PETKM.IS : 0.055164951922571835
SAHOL.IS : 0.023651956758693873
SISE.IS : 0.039934165975298336
TCELL.IS : 0.031366065209997095
TOASO.IS : 0.03832105516449559
TUPRS.IS : 0.01921766133360007
YKBNK.IS : 0.03983430943116039

Min Daily Loss Portfolio:
HEKTS.IS : 0.3318423100325205
ODAS.IS : 0.13995593065662895
TAVHL.IS : 0.2111176181280784
YKBNK.IS : 0.3170841411827721

Max Sharpe Ratio Portfolio:
AKBNK.IS : 0.03448275862068966
ALARK.IS : 0.03448275862068966
ARCLK.IS : 0.03448275862068966
ASELS.IS : 0.03448275862068966
BIMAS.IS : 0.03448275862068966
EKGYO.IS : 0.03448275862068966
ENKAI.IS : 0.03448275862068966
EREGL.IS : 0.03448275862068966
FROTO.IS : 0.03448275862068966
GARAN.IS : 0.03448275862068966
GUBRF.IS : 0.03448275862068966
HEKTS.IS : 0.03448275862068966
ISCTR.IS : 0.03448275862068966
KCHOL.IS : 0.03448275862068966
KOZAA.IS : 0.03448275862068966
KOZAL.IS : 0.03448275862068966
KRDMD.IS : 0.03448275862068966
ODAS.IS : 0.03448275862068966
PETKM.IS : 0.03448275862068966
PGSUS.IS : 0.03448275862068966
SAHOL.IS : 0.03448275862068966
SASA.IS : 0.03448275862068966
SISE.IS : 0.03448275862068966
TAVHL.IS : 0.03448275862068966
TCELL.IS : 0.03448275862068966
THYAO.IS : 0.03448275862068966
TOASO.IS : 0.03448275862068966
TUPRS.IS : 0.03448275862068966
YKBNK.IS : 0.03448275862068966

Best 5 Return Portfolio:
TAVHL.IS : 0.2
HEKTS.IS : 0.2
SASA.IS : 0.2
KOZAL.IS : 0.2
TOASO.IS : 0.19999999999999996

Best 10 Return Portfolio:
TAVHL.IS : 0.1
HEKTS.IS : 0.1
SASA.IS : 0.1
KOZAL.IS : 0.1
TOASO.IS : 0.1
KOZAA.IS : 0.1
SISE.IS : 0.1
PETKM.IS : 0.1
YKBNK.IS : 0.1
ARCLK.IS : 0.09999999999999998
