Min Volatility Portfolio:
ARCLK.IS : 0.07212498256207514
ASELS.IS : 0.07783828291608154
BIMAS.IS : 0.022102174641210125
ENKAI.IS : 0.11884251018937651
EREGL.IS : 0.01649356003064045
FROTO.IS : 0.0638309928038679
GUBRF.IS : 0.05131183239352938
HEKTS.IS : 0.09617820976000538
ISCTR.IS : 0.037886959661615115
KCHOL.IS : 0.013129881554566881
KOZAA.IS : 0.04288503606289439
KOZAL.IS : 0.04748656180194639
KRDMD.IS : 0.06378990375003468
ODAS.IS : 0.0188612952820683
SAHOL.IS : 0.060030686317700234
SASA.IS : 0.020753254500915228
SISE.IS : 0.047586323214323205
TAVHL.IS : 0.018122503704674102
TCELL.IS : 0.03973781933222055
THYAO.IS : 0.026899266355010686
TUPRS.IS : 0.02961507611252822
YKBNK.IS : 0.014492887052715635

Min Daily Loss Portfolio:
ASELS.IS : 0.30503184668292466
THYAO.IS : 0.31088624908034956
TUPRS.IS : 0.3840819042367258

Max Sharpe Ratio Portfolio:
ENKAI.IS : 0.07323209159715126
KCHOL.IS : 0.0867511392537245
TAVHL.IS : 0.12697940963161644
THYAO.IS : 0.32691901256639105
TUPRS.IS : 0.38611834695111685

Best 5 Return Portfolio:
TUPRS.IS : 0.2
KCHOL.IS : 0.2
ALARK.IS : 0.2
THYAO.IS : 0.2
TOASO.IS : 0.19999999999999996

Best 10 Return Portfolio:
TUPRS.IS : 0.1
KCHOL.IS : 0.1
ALARK.IS : 0.1
THYAO.IS : 0.1
TOASO.IS : 0.1
PGSUS.IS : 0.1
TAVHL.IS : 0.1
PETKM.IS : 0.1
ASELS.IS : 0.1
ARCLK.IS : 0.09999999999999998
