Min Volatility Portfolio:
ALARK.IS : 0.013004570897485601
ARCLK.IS : 0.03896360587418621
ASELS.IS : 0.018915185311535705
BIMAS.IS : 0.053649630443273005
ENKAI.IS : 0.026793698583555303
EREGL.IS : 0.021211494798357804
FROTO.IS : 0.044512419842876905
GUBRF.IS : 0.036763334863914504
HEKTS.IS : 0.03974695505803471
ISCTR.IS : 0.016379788796279403
KOZAA.IS : 0.06217728720716921
KOZAL.IS : 0.07011516749465552
KRDMD.IS : 0.05167256910602921
ODAS.IS : 0.038022966703925604
PETKM.IS : 0.06102598502943251
PGSUS.IS : 0.08417295311054461
SAHOL.IS : 0.026309596332305403
SASA.IS : 0.035150756550988205
SISE.IS : 0.047395822758687305
TAVHL.IS : 0.04600023390078291
TCELL.IS : 0.05097798327168421
THYAO.IS : 0.049609892129798806
TOASO.IS : 0.028846723008325102
TUPRS.IS : 0.038581378926172305

Min Daily Loss Portfolio:
HEKTS.IS : 0.09932186327627483
KOZAL.IS : 0.10792283690559018
KRDMD.IS : 0.25204212702857304
PGSUS.IS : 0.35700990962179957
SASA.IS : 0.18370326316776242

Max Sharpe Ratio Portfolio:
ALARK.IS : 0.11610408975104261
EKGYO.IS : 0.10581012041508808
HEKTS.IS : 0.13025085171821982
KOZAL.IS : 0.07890314305282664
KRDMD.IS : 0.07592726808175605
PGSUS.IS : 0.09078043678457555
SASA.IS : 0.324244527499896
SISE.IS : 0.031603752408830406
TAVHL.IS : 0.018858221534107003
TCELL.IS : 0.02751758875365796

Best 5 Return Portfolio:
KOZAL.IS : 0.2
ODAS.IS : 0.2
EKGYO.IS : 0.2
FROTO.IS : 0.2
SASA.IS : 0.19999999999999996

Best 10 Return Portfolio:
KOZAL.IS : 0.1
ODAS.IS : 0.1
EKGYO.IS : 0.1
FROTO.IS : 0.1
SASA.IS : 0.1
ALARK.IS : 0.1
KCHOL.IS : 0.1
KRDMD.IS : 0.1
KOZAA.IS : 0.1
GARAN.IS : 0.09999999999999998
