Min Volatility Portfolio:
ALARK.IS : 0.04616012353195387
ARCLK.IS : 0.0816829427090894
BIMAS.IS : 0.028979495838169125
EKGYO.IS : 0.04860753612047731
EREGL.IS : 0.017595080765952
GUBRF.IS : 0.09185098744752448
HEKTS.IS : 0.10240477411028956
ISCTR.IS : 0.017838171218102033
KCHOL.IS : 0.03051641847075447
KOZAA.IS : 0.08248476992498313
KOZAL.IS : 0.058365817787138834
ODAS.IS : 0.08754892568435031
PETKM.IS : 0.015297158310207035
PGSUS.IS : 0.03076478891628802
SASA.IS : 0.04482501944242216
SISE.IS : 0.03615784616833761
TAVHL.IS : 0.06370347662361805
TCELL.IS : 0.01919690858089051
THYAO.IS : 0.06212878453117599
TUPRS.IS : 0.03389097381827612

Min Daily Loss Portfolio:
GUBRF.IS : 0.16606804374164305
HEKTS.IS : 0.10420740969033364
ODAS.IS : 0.25838617313575535
THYAO.IS : 0.471338373432268

Max Sharpe Ratio Portfolio:
GARAN.IS : 0.041564386601296965
GUBRF.IS : 0.16679186015367428
HEKTS.IS : 0.15231981253250348
KCHOL.IS : 0.05695029179527298
KOZAA.IS : 0.029556401023918974
ODAS.IS : 0.2883022277771463
PGSUS.IS : 0.07725093534918831
TAVHL.IS : 0.08757492564708232
THYAO.IS : 0.08038081080600863
TUPRS.IS : 0.01930834831390769

Best 5 Return Portfolio:
GUBRF.IS : 0.2
PGSUS.IS : 0.2
ODAS.IS : 0.2
TUPRS.IS : 0.2
PETKM.IS : 0.19999999999999996

Best 10 Return Portfolio:
GUBRF.IS : 0.1
PGSUS.IS : 0.1
ODAS.IS : 0.1
TUPRS.IS : 0.1
PETKM.IS : 0.1
HEKTS.IS : 0.1
GARAN.IS : 0.1
KOZAA.IS : 0.1
ASELS.IS : 0.1
KCHOL.IS : 0.09999999999999998
