Min Volatility Portfolio:
AKBNK.IS : 0.05038786067017467
ARCLK.IS : 0.01937072161731172
BIMAS.IS : 0.10051314966804072
EKGYO.IS : 0.0990121178172952
ENKAI.IS : 0.050857481612993465
FROTO.IS : 0.07076844284174327
GARAN.IS : 0.053782160185965475
GUBRF.IS : 0.07180191456784227
HEKTS.IS : 0.06784634843945707
ISCTR.IS : 0.02531661110683499
KOZAA.IS : 0.14424555662077995
KOZAL.IS : 0.06554354444081736
ODAS.IS : 0.038650911771339024
PETKM.IS : 0.037994041446043854
SAHOL.IS : 0.04018754514436631
SISE.IS : 0.03704045784957499
TOASO.IS : 0.011889002039678935
YKBNK.IS : 0.014792132159740665

Min Daily Loss Portfolio:
ENKAI.IS : 0.28691074866699584
HEKTS.IS : 0.6520834914185417
SASA.IS : 0.0610057599144625

Max Sharpe Ratio Portfolio:
ARCLK.IS : 0.009097973815196276
BIMAS.IS : 0.016465856858166456
EKGYO.IS : 0.007524202863330485
ENKAI.IS : 0.04041808892412365
EREGL.IS : 0.008693244415593321
FROTO.IS : 0.016336157214186017
KOZAA.IS : 0.326333646746428
KOZAL.IS : 0.017823224272230664
SASA.IS : 0.5135836331689251
SISE.IS : 0.015840007943154356
TOASO.IS : 0.027883963778665723

Best 5 Return Portfolio:
SASA.IS : 0.2
TOASO.IS : 0.2
ASELS.IS : 0.2
HEKTS.IS : 0.2
ENKAI.IS : 0.19999999999999996

Best 10 Return Portfolio:
SASA.IS : 0.1
TOASO.IS : 0.1
ASELS.IS : 0.1
HEKTS.IS : 0.1
ENKAI.IS : 0.1
FROTO.IS : 0.1
GUBRF.IS : 0.1
SISE.IS : 0.1
EREGL.IS : 0.1
ARCLK.IS : 0.09999999999999998
