Min Volatility Portfolio:
AKBNK.IS : 0.04571107929047669
ASELS.IS : 0.03670366964233467
BIMAS.IS : 0.05208034951019338
ENKAI.IS : 0.09855754616284322
EREGL.IS : 0.1069887076330361
FROTO.IS : 0.01008917935415639
GARAN.IS : 0.04385134969372799
HEKTS.IS : 0.0673877256264012
KOZAA.IS : 0.03247081785571712
KOZAL.IS : 0.04414395066021325
KRDMD.IS : 0.06293114771687543
ODAS.IS : 0.14840888888951487
PETKM.IS : 0.019609630314439092
SAHOL.IS : 0.025139758341923984
SASA.IS : 0.010663843494321808
SISE.IS : 0.022440578687295206
TCELL.IS : 0.12496002832001199
THYAO.IS : 0.012321601573016433
TUPRS.IS : 0.035540147233501254

Min Daily Loss Portfolio:
EREGL.IS : 0.863976418424428
TCELL.IS : 0.13602358157557204

Max Sharpe Ratio Portfolio:
ENKAI.IS : 0.015022345841292918
EREGL.IS : 0.6327711744578873
KRDMD.IS : 0.04824851224170627
PGSUS.IS : 0.03023951533278137
TAVHL.IS : 0.025922810833694694
TCELL.IS : 0.13853669529180196
THYAO.IS : 0.10925894600083542

Best 5 Return Portfolio:
EREGL.IS : 0.2
KRDMD.IS : 0.2
ODAS.IS : 0.2
PETKM.IS : 0.2
ENKAI.IS : 0.19999999999999996

Best 10 Return Portfolio:
EREGL.IS : 0.1
KRDMD.IS : 0.1
ODAS.IS : 0.1
PETKM.IS : 0.1
ENKAI.IS : 0.1
SISE.IS : 0.1
TCELL.IS : 0.1
BIMAS.IS : 0.1
ASELS.IS : 0.1
GARAN.IS : 0.09999999999999998
