Min Volatility Portfolio:
ALARK.IS : 0.04429928147382146
ASELS.IS : 0.010827962490648385
BIMAS.IS : 0.09944652890237239
ENKAI.IS : 0.0210312500632983
EREGL.IS : 0.023258310373803503
FROTO.IS : 0.06873484448017343
HEKTS.IS : 0.06822599804252463
KOZAA.IS : 0.018795115290817493
KOZAL.IS : 0.053886410674444024
KRDMD.IS : 0.03992132718888686
ODAS.IS : 0.03640727695894088
PETKM.IS : 0.06337437693593978
PGSUS.IS : 0.05032441198034538
TAVHL.IS : 0.023963071346772887
TCELL.IS : 0.08936672656559805
THYAO.IS : 0.09241031344475423
TOASO.IS : 0.07628975934750781
TUPRS.IS : 0.11943703443935058

Min Daily Loss Portfolio:
ENKAI.IS : 0.38557368921750784
ISCTR.IS : 0.03886522423597874
PGSUS.IS : 0.5177338320873369
SISE.IS : 0.05782725445917653

Max Sharpe Ratio Portfolio:
BIMAS.IS : 0.011039872043091667
ENKAI.IS : 0.4532547557316016
ODAS.IS : 0.05201571863823097
PETKM.IS : 0.18111231108541906
PGSUS.IS : 0.02511749011313524
THYAO.IS : 0.1259548071705924
TOASO.IS : 0.04863671629539697
TUPRS.IS : 0.10286832892253192

Best 5 Return Portfolio:
PETKM.IS : 0.2
ENKAI.IS : 0.2
SAHOL.IS : 0.2
SASA.IS : 0.2
KOZAL.IS : 0.19999999999999996

Best 10 Return Portfolio:
PETKM.IS : 0.1
ENKAI.IS : 0.1
SAHOL.IS : 0.1
SASA.IS : 0.1
KOZAL.IS : 0.1
SISE.IS : 0.1
YKBNK.IS : 0.1
ISCTR.IS : 0.1
KOZAA.IS : 0.1
KCHOL.IS : 0.09999999999999998
