Min Volatility Portfolio:
ARCLK.IS : 0.020399049772717913
ASELS.IS : 0.12132087567754814
BIMAS.IS : 0.10190823008245915
EREGL.IS : 0.018172047489777406
GUBRF.IS : 0.07535547386812495
HEKTS.IS : 0.019754808931681456
KOZAA.IS : 0.052299685122101806
KOZAL.IS : 0.0424187434284003
ODAS.IS : 0.03143257733861844
PETKM.IS : 0.054184865494216285
PGSUS.IS : 0.1541727937670248
SAHOL.IS : 0.04967560626515173
SASA.IS : 0.11821500327126827
TCELL.IS : 0.030013756816155025
THYAO.IS : 0.06359334966192096
TUPRS.IS : 0.04708313301283343

Min Daily Loss Portfolio:
GUBRF.IS : 0.17895005447287793
HEKTS.IS : 0.12516393326755754
PGSUS.IS : 0.3966146719015075
SASA.IS : 0.29927134035805697

Max Sharpe Ratio Portfolio:
ASELS.IS : 0.05156874934357931
BIMAS.IS : 0.01446688527033007
HEKTS.IS : 0.14171461970784707
KOZAA.IS : 0.07744901607997658
KOZAL.IS : 0.07196794717589586
ODAS.IS : 0.02674112205582216
PGSUS.IS : 0.48427757519574544
SASA.IS : 0.09441245432740142
TAVHL.IS : 0.03740163084340211

Best 5 Return Portfolio:
PGSUS.IS : 0.2
TAVHL.IS : 0.2
THYAO.IS : 0.2
PETKM.IS : 0.2
TUPRS.IS : 0.19999999999999996

Best 10 Return Portfolio:
PGSUS.IS : 0.1
TAVHL.IS : 0.1
THYAO.IS : 0.1
PETKM.IS : 0.1
TUPRS.IS : 0.1
KCHOL.IS : 0.1
EREGL.IS : 0.1
SISE.IS : 0.1
GUBRF.IS : 0.1
KRDMD.IS : 0.09999999999999998
