Min Volatility Portfolio:
AKBNK.IS : 0.026266940558933378
ARCLK.IS : 0.1258527673781071
BIMAS.IS : 0.062464536955125355
ENKAI.IS : 0.13436698174095033
EREGL.IS : 0.05859096108791341
FROTO.IS : 0.06915526949273144
GARAN.IS : 0.07003336942179285
ISCTR.IS : 0.0370067863585698
KOZAA.IS : 0.024672715621490864
KOZAL.IS : 0.10292634194659676
KRDMD.IS : 0.03993509782501619
PGSUS.IS : 0.017316480130339287
SAHOL.IS : 0.02591423878976002
SISE.IS : 0.029163114441633515
TCELL.IS : 0.011194595091739286
THYAO.IS : 0.01224061072048808
TOASO.IS : 0.05352414636923555
TUPRS.IS : 0.03292830896227733
YKBNK.IS : 0.06644673710729951

Min Daily Loss Portfolio:
ARCLK.IS : 0.45836786115229194
ENKAI.IS : 0.2910347208916758
FROTO.IS : 0.11285863198570588
GARAN.IS : 0.13773878597032643

Max Sharpe Ratio Portfolio:
AKBNK.IS : 0.01676390375566995
ALARK.IS : 0.05462505033347003
ARCLK.IS : 0.39095535131523507
ENKAI.IS : 0.14631507586908832
GARAN.IS : 0.0839234385821724
KOZAA.IS : 0.06402928894616536
KOZAL.IS : 0.20080209810228475
ODAS.IS : 0.04258579309591409

Best 5 Return Portfolio:
ALARK.IS : 0.2
ARCLK.IS : 0.2
GARAN.IS : 0.2
KCHOL.IS : 0.2
FROTO.IS : 0.19999999999999996

Best 10 Return Portfolio:
ALARK.IS : 0.1
ARCLK.IS : 0.1
GARAN.IS : 0.1
KCHOL.IS : 0.1
FROTO.IS : 0.1
TOASO.IS : 0.1
AKBNK.IS : 0.1
SAHOL.IS : 0.1
KRDMD.IS : 0.1
PGSUS.IS : 0.09999999999999998
