Min Volatility Portfolio:
AKBNK.IS : 0.017661769436740304
ALARK.IS : 0.04689626130862691
ARCLK.IS : 0.03809990914875161
ASELS.IS : 0.037349058981289804
BIMAS.IS : 0.028315016086965804
EKGYO.IS : 0.028045949061377605
ENKAI.IS : 0.025195064660760904
EREGL.IS : 0.04544849939593561
FROTO.IS : 0.051457920139390906
GARAN.IS : 0.023968223966020302
GUBRF.IS : 0.025288806997728702
HEKTS.IS : 0.07490805913750512
ISCTR.IS : 0.015148479431217101
KCHOL.IS : 0.032285465562979405
KOZAA.IS : 0.03629919074203411
KOZAL.IS : 0.035893486148565905
KRDMD.IS : 0.03227225548205571
ODAS.IS : 0.044861461094228304
PETKM.IS : 0.04710195395810931
PGSUS.IS : 0.03864768013094721
SAHOL.IS : 0.019638090960763303
SASA.IS : 0.03148997244787441
SISE.IS : 0.031024209882685304
TAVHL.IS : 0.024654459905502402
TCELL.IS : 0.04284212074275031
THYAO.IS : 0.05029350193388701
TOASO.IS : 0.021349682556254104
TUPRS.IS : 0.03548274133104821
YKBNK.IS : 0.018080709368004304

Min Daily Loss Portfolio:
PETKM.IS : 0.888759703306761
TOASO.IS : 0.11124029669323902

Max Sharpe Ratio Portfolio:
AKBNK.IS : 0.011696703410260264
BIMAS.IS : 0.025189976615688284
EKGYO.IS : 0.01173542443268799
ENKAI.IS : 0.013134945657824663
FROTO.IS : 0.010508260050910646
ISCTR.IS : 0.018079572601108575
KCHOL.IS : 0.011178633824146033
KOZAA.IS : 0.02041853341003241
KOZAL.IS : 0.019481883675657563
PETKM.IS : 0.7636204428797505
SAHOL.IS : 0.02865155409498548
TOASO.IS : 0.038698707620866114
TUPRS.IS : 0.01151898326967767
YKBNK.IS : 0.016086378456403747

Best 5 Return Portfolio:
PETKM.IS : 0.2
ALARK.IS : 0.2
KRDMD.IS : 0.2
HEKTS.IS : 0.2
ENKAI.IS : 0.19999999999999996

Best 10 Return Portfolio:
PETKM.IS : 0.1
ALARK.IS : 0.1
KRDMD.IS : 0.1
HEKTS.IS : 0.1
ENKAI.IS : 0.1
EREGL.IS : 0.1
TOASO.IS : 0.1
THYAO.IS : 0.1
SISE.IS : 0.1
TUPRS.IS : 0.09999999999999998
