Min Volatility Portfolio:
AKBNK.IS : 0.04700086378453461
ALARK.IS : 0.08533530870173472
ARCLK.IS : 0.03581841175431967
ASELS.IS : 0.06714223604284579
BIMAS.IS : 0.048177726059716625
EKGYO.IS : 0.08842739957434372
ENKAI.IS : 0.04333663537923791
EREGL.IS : 0.02355346285252931
GARAN.IS : 0.043089269563478055
HEKTS.IS : 0.0434899042559837
ISCTR.IS : 0.04050499490836034
KCHOL.IS : 0.02625103776941356
KOZAA.IS : 0.041749655613257795
KOZAL.IS : 0.06750449051712182
ODAS.IS : 0.025135378410573176
PETKM.IS : 0.029571856998300648
SAHOL.IS : 0.032989922271110195
TAVHL.IS : 0.02165216126952844
TCELL.IS : 0.033222381778918085
THYAO.IS : 0.03356352653412529
TOASO.IS : 0.03526580580001115
TUPRS.IS : 0.047622970353620564
YKBNK.IS : 0.039594599806935

Min Daily Loss Portfolio:
ARCLK.IS : 0.4215322569811018
EKGYO.IS : 0.3126070091913741
HEKTS.IS : 0.20954773121573164
ODAS.IS : 0.0563130026117924

Max Sharpe Ratio Portfolio:
ALARK.IS : 0.07164045839567247
ARCLK.IS : 0.457042355599214
EKGYO.IS : 0.07879233694924805
HEKTS.IS : 0.13059610303150843
ODAS.IS : 0.21203958391141503
SASA.IS : 0.0498891621129419

Best 5 Return Portfolio:
ARCLK.IS : 0.2
ODAS.IS : 0.2
FROTO.IS : 0.2
KRDMD.IS : 0.2
SASA.IS : 0.19999999999999996

Best 10 Return Portfolio:
ARCLK.IS : 0.1
ODAS.IS : 0.1
FROTO.IS : 0.1
KRDMD.IS : 0.1
SASA.IS : 0.1
KOZAL.IS : 0.1
TOASO.IS : 0.1
PETKM.IS : 0.1
TAVHL.IS : 0.1
KCHOL.IS : 0.09999999999999998
