Min Volatility Portfolio:
ALARK.IS : 0.051058872027044816
ARCLK.IS : 0.08258758395008949
EKGYO.IS : 0.030342459501166243
ENKAI.IS : 0.08252708628833857
HEKTS.IS : 0.039994389352388145
KOZAA.IS : 0.026209637945579255
KOZAL.IS : 0.04534622153121135
ODAS.IS : 0.04232974984563933
PETKM.IS : 0.023994074736463936
SAHOL.IS : 0.05519846128022168
SASA.IS : 0.04670413959559697
SISE.IS : 0.07528862827111618
TAVHL.IS : 0.16106635926182128
TCELL.IS : 0.04472014565739584
THYAO.IS : 0.10456851965313393
TUPRS.IS : 0.08806367110279291

Min Daily Loss Portfolio:
KOZAA.IS : 0.23297958547597014
PGSUS.IS : 0.09631387718911812
TAVHL.IS : 0.5743361364729265
TOASO.IS : 0.09637040086198528

Max Sharpe Ratio Portfolio:
EKGYO.IS : 0.0625616118872631
KOZAA.IS : 0.1081714954259561
KOZAL.IS : 0.06326303685339182
ODAS.IS : 0.07202951961353316
PETKM.IS : 0.012740494877484203
PGSUS.IS : 0.11856079071064654
SAHOL.IS : 0.016928532889133166
SASA.IS : 0.02576998037757385
SISE.IS : 0.02647458982856528
TAVHL.IS : 0.38676255532862275
THYAO.IS : 0.02684412807110263
TOASO.IS : 0.017702379586880437
TUPRS.IS : 0.06219088454984703

Best 5 Return Portfolio:
TAVHL.IS : 0.2
PGSUS.IS : 0.2
THYAO.IS : 0.2
TOASO.IS : 0.2
TUPRS.IS : 0.19999999999999996

Best 10 Return Portfolio:
TAVHL.IS : 0.1
PGSUS.IS : 0.1
THYAO.IS : 0.1
TOASO.IS : 0.1
TUPRS.IS : 0.1
PETKM.IS : 0.1
ENKAI.IS : 0.1
HEKTS.IS : 0.1
ARCLK.IS : 0.1
SASA.IS : 0.09999999999999998
