Min Volatility Portfolio:
ALARK.IS : 0.023190472705083336
ARCLK.IS : 0.023577118696596205
BIMAS.IS : 0.06784128923346583
EKGYO.IS : 0.0704422432359454
ENKAI.IS : 0.12615099302639782
EREGL.IS : 0.025824141952389645
FROTO.IS : 0.020835300094770987
GARAN.IS : 0.01244805027289616
HEKTS.IS : 0.04713089187129169
ISCTR.IS : 0.08359103810154306
KOZAA.IS : 0.03882999097801698
KOZAL.IS : 0.040273112161224395
ODAS.IS : 0.08898884062074885
SASA.IS : 0.05270316135849367
TCELL.IS : 0.125200963445032
TOASO.IS : 0.09530182135293215
TUPRS.IS : 0.03381764832951969
YKBNK.IS : 0.023852922563652144

Min Daily Loss Portfolio:
HEKTS.IS : 0.09378911122013815
ODAS.IS : 0.3875219174029646
TCELL.IS : 0.5186889713768972

Max Sharpe Ratio Portfolio:
ALARK.IS : 0.17144994894299156
ENKAI.IS : 0.16020997714391816
HEKTS.IS : 0.05553272098124456
ISCTR.IS : 0.08436915464272922
KOZAA.IS : 0.3973198006997125
ODAS.IS : 0.11796237775220283
TUPRS.IS : 0.01315601983720112

Best 5 Return Portfolio:
KOZAA.IS : 0.2
ODAS.IS : 0.2
HEKTS.IS : 0.2
ENKAI.IS : 0.2
BIMAS.IS : 0.19999999999999996

Best 10 Return Portfolio:
KOZAA.IS : 0.1
ODAS.IS : 0.1
HEKTS.IS : 0.1
ENKAI.IS : 0.1
BIMAS.IS : 0.1
ISCTR.IS : 0.1
AKBNK.IS : 0.1
SAHOL.IS : 0.1
SISE.IS : 0.1
YKBNK.IS : 0.09999999999999998
