Min Volatility Portfolio:
AKBNK.IS : 0.027527800452087806
ALARK.IS : 0.018236231047069805
ARCLK.IS : 0.04020490445979811
ASELS.IS : 0.024844859412343007
BIMAS.IS : 0.025305072595495307
EKGYO.IS : 0.029825106000447806
ENKAI.IS : 0.04532792501771261
EREGL.IS : 0.03010660139262491
FROTO.IS : 0.04199219811724251
GARAN.IS : 0.023936056822759205
GUBRF.IS : 0.03771338206011611
HEKTS.IS : 0.039603666964589404
ISCTR.IS : 0.026705979543680206
KCHOL.IS : 0.03665904173144801
KOZAA.IS : 0.013429784717674304
KOZAL.IS : 0.011706816274613802
KRDMD.IS : 0.022035987036135803
ODAS.IS : 0.041531583431155705
PETKM.IS : 0.04420546209813811
PGSUS.IS : 0.027567942583076006
SAHOL.IS : 0.044459915851637104
SASA.IS : 0.029121836920186408
SISE.IS : 0.04621939999091241
TAVHL.IS : 0.06355451401266701
TCELL.IS : 0.029670242784914307
THYAO.IS : 0.046249922320834407
TOASO.IS : 0.04762479625686791
TUPRS.IS : 0.054206752435087616
YKBNK.IS : 0.030426217668684308

Min Daily Loss Portfolio:
KOZAA.IS : 0.16722947184867493
SASA.IS : 0.05908522135023009
THYAO.IS : 0.6598643244184631
TOASO.IS : 0.11382098238263176

Max Sharpe Ratio Portfolio:
ASELS.IS : 0.02281953470818845
EKGYO.IS : 0.03908615070087074
ENKAI.IS : 0.06293871806359365
FROTO.IS : 0.01138575556754721
GARAN.IS : 0.020606891326335145
ISCTR.IS : 0.01084719935674979
KCHOL.IS : 0.012380226114630332
KOZAA.IS : 0.048101509878546875
KOZAL.IS : 0.05472153637626598
ODAS.IS : 0.07848901756603018
SAHOL.IS : 0.08632560492307272
SASA.IS : 0.15879165236406917
SISE.IS : 0.060838156314051345
TAVHL.IS : 0.15824972842374535
THYAO.IS : 0.10405116063412528
TOASO.IS : 0.044848093142178184
TUPRS.IS : 0.02551906453999962

Best 5 Return Portfolio:
TAVHL.IS : 0.2
THYAO.IS : 0.2
SAHOL.IS : 0.2
ENKAI.IS : 0.2
KOZAA.IS : 0.19999999999999996

Best 10 Return Portfolio:
TAVHL.IS : 0.1
THYAO.IS : 0.1
SAHOL.IS : 0.1
ENKAI.IS : 0.1
KOZAA.IS : 0.1
SASA.IS : 0.1
EKGYO.IS : 0.1
TOASO.IS : 0.1
SISE.IS : 0.1
TUPRS.IS : 0.09999999999999998
