Min Volatility Portfolio:
AKBNK.IS : 0.037714010760479894
ALARK.IS : 0.035467860795102994
ARCLK.IS : 0.035442568130905794
ASELS.IS : 0.03401752929304929
BIMAS.IS : 0.03318694490597459
EKGYO.IS : 0.03355368547039679
ENKAI.IS : 0.04587875231328449
EREGL.IS : 0.028755367890727794
FROTO.IS : 0.02792549782771339
GARAN.IS : 0.03691735624019309
GUBRF.IS : 0.038477558119443894
HEKTS.IS : 0.031640809521664495
ISCTR.IS : 0.03564822047664299
KCHOL.IS : 0.03146085172014979
KOZAA.IS : 0.03254691968761549
KOZAL.IS : 0.032614406490065195
KRDMD.IS : 0.026493590006315893
ODAS.IS : 0.037978771564653194
PETKM.IS : 0.036589334509699194
PGSUS.IS : 0.037540740437146794
SAHOL.IS : 0.032189928342030695
SASA.IS : 0.031671548213319994
SISE.IS : 0.032778410785946094
TAVHL.IS : 0.03883210056691729
TCELL.IS : 0.035873379010384995
THYAO.IS : 0.03841605890280219
TOASO.IS : 0.032125022725895194
TUPRS.IS : 0.030083440812513594
YKBNK.IS : 0.038179334478964794

Min Daily Loss Portfolio:
ALARK.IS : 0.4734824725612932
ENKAI.IS : 0.09644627548037263
KOZAA.IS : 0.43007125195833407

Max Sharpe Ratio Portfolio:
ALARK.IS : 0.13313603783710923
ASELS.IS : 0.020691600056935457
ENKAI.IS : 0.06832049097218484
EREGL.IS : 0.02282061428424428
GUBRF.IS : 0.04176431615704912
KOZAA.IS : 0.3937957261894797
ODAS.IS : 0.06052320151526622
PETKM.IS : 0.06476984991060852
PGSUS.IS : 0.03999878308903574
SAHOL.IS : 0.02369302508625076
SASA.IS : 0.04910972947204738
TAVHL.IS : 0.03060669708482941
TCELL.IS : 0.012813942524150159
TUPRS.IS : 0.037955985820809154

Best 5 Return Portfolio:
KOZAA.IS : 0.2
ENKAI.IS : 0.2
ALARK.IS : 0.2
EKGYO.IS : 0.2
GUBRF.IS : 0.19999999999999996

Best 10 Return Portfolio:
KOZAA.IS : 0.1
ENKAI.IS : 0.1
ALARK.IS : 0.1
EKGYO.IS : 0.1
GUBRF.IS : 0.1
GARAN.IS : 0.1
SISE.IS : 0.1
TUPRS.IS : 0.1
TCELL.IS : 0.1
ASELS.IS : 0.09999999999999998
