Min Volatility Portfolio:
AKBNK.IS : 0.053708182588644404
ASELS.IS : 0.06393496824466437
BIMAS.IS : 0.10472096348549799
EKGYO.IS : 0.013712552707181368
EREGL.IS : 0.01721045778972995
FROTO.IS : 0.05193372995610737
GARAN.IS : 0.029432044110941597
GUBRF.IS : 0.05489411561322884
ISCTR.IS : 0.03340113636833658
KOZAA.IS : 0.10707931101732845
KOZAL.IS : 0.03912674277494215
ODAS.IS : 0.14842251462158676
PETKM.IS : 0.03976503795829026
PGSUS.IS : 0.06573148460256484
SAHOL.IS : 0.021978069554478702
SISE.IS : 0.033626474522177235
TAVHL.IS : 0.03319114055498833
THYAO.IS : 0.034477588456677984
TOASO.IS : 0.020737015170239383
TUPRS.IS : 0.03291646990239337

Min Daily Loss Portfolio:
ENKAI.IS : 0.38681148388663744
KOZAA.IS : 0.034346895592287076
ODAS.IS : 0.5788416205210755

Max Sharpe Ratio Portfolio:
BIMAS.IS : 0.12719876863775034
ENKAI.IS : 0.42054850917318987
ODAS.IS : 0.4234751223567254
PETKM.IS : 0.028777599832334338

Best 5 Return Portfolio:
ENKAI.IS : 0.2
PETKM.IS : 0.2
SAHOL.IS : 0.2
TAVHL.IS : 0.2
ODAS.IS : 0.19999999999999996

Best 10 Return Portfolio:
ENKAI.IS : 0.1
PETKM.IS : 0.1
SAHOL.IS : 0.1
TAVHL.IS : 0.1
ODAS.IS : 0.1
THYAO.IS : 0.1
SISE.IS : 0.1
HEKTS.IS : 0.1
ASELS.IS : 0.1
AKBNK.IS : 0.09999999999999998
