Min Volatility Portfolio:
AKBNK.IS : 0.025140528892185526
ALARK.IS : 0.03278617371690796
ARCLK.IS : 0.03447935459313089
ASELS.IS : 0.045859035514115826
BIMAS.IS : 0.061648609305765045
EKGYO.IS : 0.020314916877190108
ENKAI.IS : 0.05507691746252498
EREGL.IS : 0.05060117190355466
FROTO.IS : 0.09549519774868961
GUBRF.IS : 0.020293546678655218
HEKTS.IS : 0.12856115037544663
ISCTR.IS : 0.03863651765179551
KCHOL.IS : 0.025847798918778555
KOZAL.IS : 0.020795329845381825
KRDMD.IS : 0.01970306712220244
ODAS.IS : 0.01714783602701511
PETKM.IS : 0.06870473702720531
PGSUS.IS : 0.012285072357238488
SAHOL.IS : 0.054013733568961116
SASA.IS : 0.028778723196486996
SISE.IS : 0.046838343093290206
TCELL.IS : 0.038865509995916
TUPRS.IS : 0.0367597394049616
YKBNK.IS : 0.021366988722600434

Min Daily Loss Portfolio:
FROTO.IS : 0.22210173070809067
KRDMD.IS : 0.7778982692919093

Max Sharpe Ratio Portfolio:
ARCLK.IS : 0.03546623589435632
ASELS.IS : 0.01993492790371545
EKGYO.IS : 0.04918899899660585
FROTO.IS : 0.14204779977032952
GUBRF.IS : 0.06757756859361973
HEKTS.IS : 0.07228386394888982
KRDMD.IS : 0.546467640148974
TOASO.IS : 0.06703296474350923

Best 5 Return Portfolio:
KRDMD.IS : 0.2
HEKTS.IS : 0.2
PGSUS.IS : 0.2
KOZAL.IS : 0.2
TAVHL.IS : 0.19999999999999996

Best 10 Return Portfolio:
KRDMD.IS : 0.1
HEKTS.IS : 0.1
PGSUS.IS : 0.1
KOZAL.IS : 0.1
TAVHL.IS : 0.1
KOZAA.IS : 0.1
TUPRS.IS : 0.1
THYAO.IS : 0.1
GARAN.IS : 0.1
SAHOL.IS : 0.09999999999999998
