Min Volatility Portfolio:
AKBNK.IS : 0.032474621254839936
ALARK.IS : 0.03309119728321032
ARCLK.IS : 0.04185219057689354
ASELS.IS : 0.010597700807143371
BIMAS.IS : 0.02503205220312702
EKGYO.IS : 0.07225491186197588
ENKAI.IS : 0.05349137894107533
GARAN.IS : 0.040282058917493015
GUBRF.IS : 0.03595071710112294
HEKTS.IS : 0.046799187029570956
ISCTR.IS : 0.01725489134066922
KCHOL.IS : 0.027647364458263508
KOZAL.IS : 0.01039255093624036
KRDMD.IS : 0.04081488732785826
ODAS.IS : 0.024705950475243085
PETKM.IS : 0.07303605359261074
PGSUS.IS : 0.03239338830673566
SAHOL.IS : 0.041017441080845055
SASA.IS : 0.025531795852137384
SISE.IS : 0.0526491068546064
TAVHL.IS : 0.05910078773111627
TCELL.IS : 0.04652819731435735
THYAO.IS : 0.046040776303723614
TOASO.IS : 0.09835073063310892
YKBNK.IS : 0.012710061816031938

Min Daily Loss Portfolio:
GUBRF.IS : 0.503572569193856
PGSUS.IS : 0.16791104147330177
TAVHL.IS : 0.06612404470491813
TOASO.IS : 0.2623923446279241

Max Sharpe Ratio Portfolio:
EKGYO.IS : 0.03083552332274819
FROTO.IS : 0.021296672322210882
GUBRF.IS : 0.06440691205991045
HEKTS.IS : 0.08621749109601866
KCHOL.IS : 0.02248991912042427
KOZAL.IS : 0.03972533759395485
KRDMD.IS : 0.0326360583061642
ODAS.IS : 0.019237951710157596
PETKM.IS : 0.060457924393759785
PGSUS.IS : 0.10099220526181008
SAHOL.IS : 0.015135685101643613
SASA.IS : 0.02079694194937028
SISE.IS : 0.012024557301425308
TAVHL.IS : 0.07563105173395296
THYAO.IS : 0.06614771157177217
TOASO.IS : 0.2655360455581148
TUPRS.IS : 0.066432011596562

Best 5 Return Portfolio:
TOASO.IS : 0.2
SISE.IS : 0.2
GARAN.IS : 0.2
GUBRF.IS : 0.2
ALARK.IS : 0.19999999999999996

Best 10 Return Portfolio:
TOASO.IS : 0.1
SISE.IS : 0.1
GARAN.IS : 0.1
GUBRF.IS : 0.1
ALARK.IS : 0.1
TUPRS.IS : 0.1
ODAS.IS : 0.1
PETKM.IS : 0.1
AKBNK.IS : 0.1
ENKAI.IS : 0.09999999999999998
