Min Volatility Portfolio:
AKBNK.IS : 0.05802183860217874
ALARK.IS : 0.04584705559409027
ARCLK.IS : 0.01563328330592369
ASELS.IS : 0.04038351171449298
BIMAS.IS : 0.023629205408778626
EKGYO.IS : 0.019425697876947323
GARAN.IS : 0.08803493857543002
GUBRF.IS : 0.1030517456630659
HEKTS.IS : 0.07293269251301886
KCHOL.IS : 0.028379390698824086
KOZAA.IS : 0.07834612406330277
KOZAL.IS : 0.047908227233903394
KRDMD.IS : 0.02402540896065778
ODAS.IS : 0.06720467919865343
PETKM.IS : 0.07520338875533432
SAHOL.IS : 0.0686733238913133
SASA.IS : 0.025455969866921262
SISE.IS : 0.013012091980120778
TCELL.IS : 0.039475393116178696
THYAO.IS : 0.024877092552455994
TUPRS.IS : 0.04047894042840783

Min Daily Loss Portfolio:
GUBRF.IS : 0.4207476619836715
HEKTS.IS : 0.23798981783334092
SISE.IS : 0.2818068541717717
TOASO.IS : 0.059455666011215845

Max Sharpe Ratio Portfolio:
GARAN.IS : 0.060665644742789286
GUBRF.IS : 0.2139055512580324
HEKTS.IS : 0.19568244559460948
ODAS.IS : 0.032221654359114955
PETKM.IS : 0.03159570386238873
SAHOL.IS : 0.013393434784291587
SISE.IS : 0.3367946296481224
TOASO.IS : 0.11574093575065111

Best 5 Return Portfolio:
SISE.IS : 0.2
YKBNK.IS : 0.2
ARCLK.IS : 0.2
AKBNK.IS : 0.2
GARAN.IS : 0.19999999999999996

Best 10 Return Portfolio:
SISE.IS : 0.1
YKBNK.IS : 0.1
ARCLK.IS : 0.1
AKBNK.IS : 0.1
GARAN.IS : 0.1
HEKTS.IS : 0.1
ISCTR.IS : 0.1
TOASO.IS : 0.1
GUBRF.IS : 0.1
KRDMD.IS : 0.09999999999999998
