Min Volatility Portfolio:
AKBNK.IS : 0.041061378411514866
ALARK.IS : 0.04224263072303756
ARCLK.IS : 0.05526305653281411
ASELS.IS : 0.06858462345340345
EKGYO.IS : 0.0218460232768371
ENKAI.IS : 0.025113667233999066
EREGL.IS : 0.032766114986842225
FROTO.IS : 0.07051847039272575
GARAN.IS : 0.04921810827266984
GUBRF.IS : 0.042314801812445395
HEKTS.IS : 0.14014616091245077
ISCTR.IS : 0.015696102579751636
KCHOL.IS : 0.04474048936736164
KRDMD.IS : 0.03450074237747763
ODAS.IS : 0.06600852869690708
PETKM.IS : 0.021231776394821815
PGSUS.IS : 0.04628094523989087
SASA.IS : 0.059954591773701785
SISE.IS : 0.010456276423979845
TAVHL.IS : 0.036208198392668194
TCELL.IS : 0.02776992012190366
THYAO.IS : 0.04807739262279574

Min Daily Loss Portfolio:
HEKTS.IS : 0.43784134189153967
ODAS.IS : 0.25083315476902
TOASO.IS : 0.31132550333944026

Max Sharpe Ratio Portfolio:
ASELS.IS : 0.016254984171558448
EKGYO.IS : 0.03550841506723398
EREGL.IS : 0.036669362456714566
FROTO.IS : 0.012815140720749227
GARAN.IS : 0.02880968661128914
GUBRF.IS : 0.07857421452004232
HEKTS.IS : 0.27203603065044635
ISCTR.IS : 0.014788801158034949
KOZAL.IS : 0.023429812269872837
ODAS.IS : 0.23910528440996026
PGSUS.IS : 0.025310029739602443
TAVHL.IS : 0.0472710595699035
TOASO.IS : 0.0912117991264241
YKBNK.IS : 0.07821537952816784

Best 5 Return Portfolio:
GUBRF.IS : 0.2
HEKTS.IS : 0.2
TOASO.IS : 0.2
ODAS.IS : 0.2
TUPRS.IS : 0.19999999999999996

Best 10 Return Portfolio:
GUBRF.IS : 0.1
HEKTS.IS : 0.1
TOASO.IS : 0.1
ODAS.IS : 0.1
TUPRS.IS : 0.1
YKBNK.IS : 0.1
SASA.IS : 0.1
GARAN.IS : 0.1
EKGYO.IS : 0.1
AKBNK.IS : 0.09999999999999998
