Min Volatility Portfolio:
AKBNK.IS : 0.05501339226404812
ALARK.IS : 0.04675846743789616
ARCLK.IS : 0.05007040464997765
ASELS.IS : 0.03709747564358742
BIMAS.IS : 0.041983248945445736
EKGYO.IS : 0.04191032407166708
EREGL.IS : 0.01994186923874443
FROTO.IS : 0.07184072032988222
GARAN.IS : 0.06997447129756024
GUBRF.IS : 0.07552126666385192
HEKTS.IS : 0.03309773334421929
ISCTR.IS : 0.07204993660068515
KOZAA.IS : 0.022669460752246098
KRDMD.IS : 0.017174821620357657
ODAS.IS : 0.05063987700498712
PETKM.IS : 0.01794124134710848
PGSUS.IS : 0.016839618967370785
SAHOL.IS : 0.052160793508545876
SASA.IS : 0.028251326067179002
SISE.IS : 0.025967579183304692
TCELL.IS : 0.05068017625694518
TOASO.IS : 0.016798399820502425
TUPRS.IS : 0.032178367508843786
YKBNK.IS : 0.05343902747504351

Min Daily Loss Portfolio:
ALARK.IS : 0.23422201469581866
FROTO.IS : 0.2256198986247475
GUBRF.IS : 0.11339149739960415
KCHOL.IS : 0.1424294894730891
YKBNK.IS : 0.28433709980674077

Max Sharpe Ratio Portfolio:
AKBNK.IS : 0.03572790688019643
ALARK.IS : 0.07394820153662132
ARCLK.IS : 0.050851461595641176
ASELS.IS : 0.03343372672866448
BIMAS.IS : 0.08029058155788402
FROTO.IS : 0.04680792418861324
GARAN.IS : 0.07437216109067589
GUBRF.IS : 0.20334573197949052
ISCTR.IS : 0.06308429377700281
KOZAA.IS : 0.020059111376468923
KRDMD.IS : 0.07310036424023851
PGSUS.IS : 0.05340853391041317
SISE.IS : 0.02841119181180234
TAVHL.IS : 0.018936329941712987
TCELL.IS : 0.04659999183709254
YKBNK.IS : 0.09762248754748164

Best 5 Return Portfolio:
GUBRF.IS : 0.2
FROTO.IS : 0.2
SASA.IS : 0.2
ALARK.IS : 0.2
YKBNK.IS : 0.19999999999999996

Best 10 Return Portfolio:
GUBRF.IS : 0.1
FROTO.IS : 0.1
SASA.IS : 0.1
ALARK.IS : 0.1
YKBNK.IS : 0.1
EREGL.IS : 0.1
TUPRS.IS : 0.1
KOZAA.IS : 0.1
PETKM.IS : 0.1
KRDMD.IS : 0.09999999999999998
