Min Volatility Portfolio:
AKBNK.IS : 0.023738978783758313
ALARK.IS : 0.030148945794013216
ARCLK.IS : 0.01794620669794341
ASELS.IS : 0.026166861601742513
BIMAS.IS : 0.03147727483324232
EKGYO.IS : 0.04386808846204683
ENKAI.IS : 0.04710358799740423
EREGL.IS : 0.023742810218469614
GARAN.IS : 0.029990165711872116
GUBRF.IS : 0.06487017588943604
ISCTR.IS : 0.056213911044702226
KCHOL.IS : 0.03956668242751382
KOZAA.IS : 0.02862755128970292
KRDMD.IS : 0.028576920500186516
ODAS.IS : 0.06059671955269883
PETKM.IS : 0.026572954243802713
PGSUS.IS : 0.04099615620470942
SAHOL.IS : 0.04701203635783353
SASA.IS : 0.04848901895016313
SISE.IS : 0.045863483771409724
TAVHL.IS : 0.08147193660490665
TCELL.IS : 0.01765072056277451
THYAO.IS : 0.043841722727338626
TOASO.IS : 0.04306294843759922
TUPRS.IS : 0.030839850471395817
YKBNK.IS : 0.02156429086333381

Min Daily Loss Portfolio:
FROTO.IS : 0.44832522669206043
GUBRF.IS : 0.44461503947697484
SASA.IS : 0.10705973383096477

Max Sharpe Ratio Portfolio:
AKBNK.IS : 0.03448275862068966
ALARK.IS : 0.03448275862068966
ARCLK.IS : 0.03448275862068966
ASELS.IS : 0.03448275862068966
BIMAS.IS : 0.03448275862068966
EKGYO.IS : 0.03448275862068966
ENKAI.IS : 0.03448275862068966
EREGL.IS : 0.03448275862068966
FROTO.IS : 0.03448275862068966
GARAN.IS : 0.03448275862068966
GUBRF.IS : 0.03448275862068966
HEKTS.IS : 0.03448275862068966
ISCTR.IS : 0.03448275862068966
KCHOL.IS : 0.03448275862068966
KOZAA.IS : 0.03448275862068966
KOZAL.IS : 0.03448275862068966
KRDMD.IS : 0.03448275862068966
ODAS.IS : 0.03448275862068966
PETKM.IS : 0.03448275862068966
PGSUS.IS : 0.03448275862068966
SAHOL.IS : 0.03448275862068966
SASA.IS : 0.03448275862068966
SISE.IS : 0.03448275862068966
TAVHL.IS : 0.03448275862068966
TCELL.IS : 0.03448275862068966
THYAO.IS : 0.03448275862068966
TOASO.IS : 0.03448275862068966
TUPRS.IS : 0.03448275862068966
YKBNK.IS : 0.03448275862068966

Best 5 Return Portfolio:
FROTO.IS : 0.2
HEKTS.IS : 0.2
SASA.IS : 0.2
GUBRF.IS : 0.2
PGSUS.IS : 0.19999999999999996

Best 10 Return Portfolio:
FROTO.IS : 0.1
HEKTS.IS : 0.1
SASA.IS : 0.1
GUBRF.IS : 0.1
PGSUS.IS : 0.1
TOASO.IS : 0.1
TAVHL.IS : 0.1
THYAO.IS : 0.1
ALARK.IS : 0.1
ARCLK.IS : 0.09999999999999998
