Min Volatility Portfolio:
ALARK.IS : 0.08277744195623252
ARCLK.IS : 0.04659681424163931
ASELS.IS : 0.012027038090535302
BIMAS.IS : 0.020473716027342253
EREGL.IS : 0.07507785334174402
FROTO.IS : 0.07079360602426635
HEKTS.IS : 0.059345267574453325
ISCTR.IS : 0.022954472441874204
KCHOL.IS : 0.0373595969790188
KOZAL.IS : 0.018334342768722693
KRDMD.IS : 0.08240508375557237
ODAS.IS : 0.06581074137530805
PETKM.IS : 0.07494312098875222
PGSUS.IS : 0.03289114534793928
SAHOL.IS : 0.03895153419719287
SISE.IS : 0.020632286628067598
TAVHL.IS : 0.06626556275071384
TCELL.IS : 0.013769299596329075
THYAO.IS : 0.06100974664430436
TOASO.IS : 0.07161751607800418
YKBNK.IS : 0.025963813191987452

Min Daily Loss Portfolio:
ALARK.IS : 0.5218646440606041
ENKAI.IS : 0.4781353559393959

Max Sharpe Ratio Portfolio:
ALARK.IS : 0.2309846065836078
ENKAI.IS : 0.32364365727151945
EREGL.IS : 0.060918228849943724
FROTO.IS : 0.050317274006625036
KRDMD.IS : 0.11330668690403248
ODAS.IS : 0.057603442191800976
PETKM.IS : 0.10136784501540479
TOASO.IS : 0.03750501579805064
TUPRS.IS : 0.024353243379015052

Best 5 Return Portfolio:
ENKAI.IS : 0.2
KOZAA.IS : 0.2
ODAS.IS : 0.2
EKGYO.IS : 0.2
TUPRS.IS : 0.19999999999999996

Best 10 Return Portfolio:
ENKAI.IS : 0.1
KOZAA.IS : 0.1
ODAS.IS : 0.1
EKGYO.IS : 0.1
TUPRS.IS : 0.1
ALARK.IS : 0.1
GUBRF.IS : 0.1
PGSUS.IS : 0.1
TCELL.IS : 0.1
GARAN.IS : 0.09999999999999998
