Min Volatility Portfolio:
AKBNK.IS : 0.03839516670838166
ALARK.IS : 0.04182693643972952
ARCLK.IS : 0.035935259755235406
ASELS.IS : 0.03693476866343592
EKGYO.IS : 0.03757279041217868
ENKAI.IS : 0.04843846397009327
EREGL.IS : 0.0342597822900915
FROTO.IS : 0.030839692227465184
GARAN.IS : 0.01606962333092615
GUBRF.IS : 0.026767884261226928
HEKTS.IS : 0.04295754363711553
KCHOL.IS : 0.03195670402990872
KOZAA.IS : 0.06295853210125948
KOZAL.IS : 0.05871698929293852
KRDMD.IS : 0.03613071816995251
ODAS.IS : 0.05439206836142098
PETKM.IS : 0.03737188890093376
PGSUS.IS : 0.045120367761167644
SAHOL.IS : 0.022502100888306363
SASA.IS : 0.021381308705918457
SISE.IS : 0.027738793544362386
TAVHL.IS : 0.03822702297375679
TCELL.IS : 0.027894428411194876
THYAO.IS : 0.0302681166082753
TOASO.IS : 0.04188266276556948
TUPRS.IS : 0.04539290247257186
YKBNK.IS : 0.028067483316582955

Min Daily Loss Portfolio:
AKBNK.IS : 0.3803587739287805
ENKAI.IS : 0.32005065592096454
GARAN.IS : 0.05351900524017785
GUBRF.IS : 0.13917700380296052
ODAS.IS : 0.10689456110711648

Max Sharpe Ratio Portfolio:
ALARK.IS : 0.050444928144921033
ENKAI.IS : 0.08068745635921769
FROTO.IS : 0.026039029309590782
GARAN.IS : 0.3237658764688247
GUBRF.IS : 0.10668650943175693
HEKTS.IS : 0.08441087058583881
KOZAA.IS : 0.10201160005578021
KOZAL.IS : 0.06332311462807648
ODAS.IS : 0.03723458311346645
PETKM.IS : 0.06938734165210567
TOASO.IS : 0.05600869025042132

Best 5 Return Portfolio:
GARAN.IS : 0.2
BIMAS.IS : 0.2
ODAS.IS : 0.2
GUBRF.IS : 0.2
THYAO.IS : 0.19999999999999996

Best 10 Return Portfolio:
GARAN.IS : 0.1
BIMAS.IS : 0.1
ODAS.IS : 0.1
GUBRF.IS : 0.1
THYAO.IS : 0.1
AKBNK.IS : 0.1
ENKAI.IS : 0.1
PETKM.IS : 0.1
TUPRS.IS : 0.1
SAHOL.IS : 0.09999999999999998
