Min Volatility Portfolio:
AKBNK.IS : 0.03882446958382117
ALARK.IS : 0.03277361795025569
ARCLK.IS : 0.018461143750526373
BIMAS.IS : 0.01332765441764256
EKGYO.IS : 0.02941283187218346
ENKAI.IS : 0.012792776357164219
EREGL.IS : 0.02612433872884646
FROTO.IS : 0.08239719258834215
GARAN.IS : 0.04339699077660323
GUBRF.IS : 0.020881893183523296
HEKTS.IS : 0.015575494968807706
ISCTR.IS : 0.015824194089267885
KCHOL.IS : 0.05554683385017913
KOZAA.IS : 0.020347550309289354
KOZAL.IS : 0.011854858040798066
KRDMD.IS : 0.04702745209692579
ODAS.IS : 0.0393882949827526
PETKM.IS : 0.030245588487195534
PGSUS.IS : 0.050981227588144225
SAHOL.IS : 0.036094496483791955
SASA.IS : 0.061673503300114035
TAVHL.IS : 0.04501856796750182
TCELL.IS : 0.020486812062022713
THYAO.IS : 0.04252472996624375
TOASO.IS : 0.12717336897571427
TUPRS.IS : 0.036711581275914736
YKBNK.IS : 0.025132536346427817

Min Daily Loss Portfolio:
ISCTR.IS : 0.30164297654190436
SAHOL.IS : 0.023400733196307765
SASA.IS : 0.5454751813344298
THYAO.IS : 0.129481108927358

Max Sharpe Ratio Portfolio:
EREGL.IS : 0.03910587164915322
FROTO.IS : 0.11274282256514388
ISCTR.IS : 0.3123734908467534
KCHOL.IS : 0.027610921117966137
KRDMD.IS : 0.03419532299441536
ODAS.IS : 0.11484240643534858
SAHOL.IS : 0.07113169997139221
SASA.IS : 0.15168827881613312
THYAO.IS : 0.07072367882991926
TOASO.IS : 0.06558550677377474

Best 5 Return Portfolio:
ISCTR.IS : 0.2
SASA.IS : 0.2
THYAO.IS : 0.2
SAHOL.IS : 0.2
HEKTS.IS : 0.19999999999999996

Best 10 Return Portfolio:
ISCTR.IS : 0.1
SASA.IS : 0.1
THYAO.IS : 0.1
SAHOL.IS : 0.1
HEKTS.IS : 0.1
ODAS.IS : 0.1
TOASO.IS : 0.1
EKGYO.IS : 0.1
KCHOL.IS : 0.1
SISE.IS : 0.09999999999999998
