Min Volatility Portfolio:
AKBNK.IS : 0.035197714405343215
ARCLK.IS : 0.08919364811935775
ASELS.IS : 0.04533468554468602
BIMAS.IS : 0.05808617789283563
EKGYO.IS : 0.07567273131044623
FROTO.IS : 0.04729737640865302
GARAN.IS : 0.02348762742209961
GUBRF.IS : 0.08818892980166425
KCHOL.IS : 0.048133146547339724
KOZAA.IS : 0.02345648784857611
KRDMD.IS : 0.03695573729399571
PETKM.IS : 0.04481236882333552
PGSUS.IS : 0.03430374989665441
SAHOL.IS : 0.04927654241561802
SISE.IS : 0.028250195018850614
TAVHL.IS : 0.04674153711212572
TCELL.IS : 0.06379662983822683
THYAO.IS : 0.031082808385623915
TOASO.IS : 0.07189871597620973
YKBNK.IS : 0.05883318993835813

Min Daily Loss Portfolio:
GUBRF.IS : 0.23827185829361874
KOZAL.IS : 0.16378213609202946
PETKM.IS : 0.5538697375905255
PGSUS.IS : 0.0440762680238263

Max Sharpe Ratio Portfolio:
AKBNK.IS : 0.013941575555362497
ALARK.IS : 0.015617979167020771
ARCLK.IS : 0.05615670861340565
ASELS.IS : 0.015595052291991544
BIMAS.IS : 0.014618383804551273
EKGYO.IS : 0.15784479076139138
ENKAI.IS : 0.015076892636919659
EREGL.IS : 0.01701210455233886
FROTO.IS : 0.013941575555362497
GARAN.IS : 0.013941575555362497
GUBRF.IS : 0.09242614541658449
HEKTS.IS : 0.01495360792286674
ISCTR.IS : 0.013941575555362497
KCHOL.IS : 0.014888070978761717
KOZAA.IS : 0.01759346256629348
KOZAL.IS : 0.16625770753026956
KRDMD.IS : 0.015319329041055764
ODAS.IS : 0.01969705559328244
PETKM.IS : 0.15383229139943663
PGSUS.IS : 0.013941575555362497
SAHOL.IS : 0.013941575555362497
SASA.IS : 0.014816617478786343
SISE.IS : 0.014357554756813528
TAVHL.IS : 0.014491976030293494
TCELL.IS : 0.014157892788250276
THYAO.IS : 0.01427757959125132
TOASO.IS : 0.013941575555362497
TUPRS.IS : 0.018609069249810314
YKBNK.IS : 0.024808698941087313

Best 5 Return Portfolio:
KOZAL.IS : 0.2
EKGYO.IS : 0.2
PETKM.IS : 0.2
GUBRF.IS : 0.2
KOZAA.IS : 0.19999999999999996

Best 10 Return Portfolio:
KOZAL.IS : 0.1
EKGYO.IS : 0.1
PETKM.IS : 0.1
GUBRF.IS : 0.1
KOZAA.IS : 0.1
ASELS.IS : 0.1
SISE.IS : 0.1
KRDMD.IS : 0.1
EREGL.IS : 0.1
KCHOL.IS : 0.09999999999999998
