Min Volatility Portfolio:
AKBNK.IS : 0.02118352933498989
ALARK.IS : 0.09475405833485524
ARCLK.IS : 0.03909001055136876
ASELS.IS : 0.04375131265007748
EKGYO.IS : 0.049440274448429744
ENKAI.IS : 0.05707658896507955
EREGL.IS : 0.02764081314514627
FROTO.IS : 0.05540364791750362
GARAN.IS : 0.023423702319661666
GUBRF.IS : 0.06553179092634015
HEKTS.IS : 0.022012023148591294
KCHOL.IS : 0.014267721651107533
KOZAA.IS : 0.02379613024091898
ODAS.IS : 0.05453653074032038
PETKM.IS : 0.03769276830818874
PGSUS.IS : 0.053711136680622815
SISE.IS : 0.06438475092764831
TAVHL.IS : 0.06994724824317311
THYAO.IS : 0.07991839453657522
TOASO.IS : 0.047855821898228706
TUPRS.IS : 0.043603546130743166
YKBNK.IS : 0.010978198900429354

Min Daily Loss Portfolio:
ALARK.IS : 0.23175864730450219
ENKAI.IS : 0.14375685589241718
KOZAL.IS : 0.030445018732694677
THYAO.IS : 0.594039478070386

Max Sharpe Ratio Portfolio:
ALARK.IS : 0.11222775796511517
ENKAI.IS : 0.03505672769600271
FROTO.IS : 0.053421971863447715
KOZAA.IS : 0.029291098688078488
KOZAL.IS : 0.044322418743150606
ODAS.IS : 0.03214189882618838
SASA.IS : 0.022127833053878224
THYAO.IS : 0.5596151805814392
TOASO.IS : 0.07274081932207871
TUPRS.IS : 0.01806758751290309
YKBNK.IS : 0.02098670574771768

Best 5 Return Portfolio:
THYAO.IS : 0.2
GUBRF.IS : 0.2
PGSUS.IS : 0.2
KRDMD.IS : 0.2
ENKAI.IS : 0.19999999999999996

Best 10 Return Portfolio:
THYAO.IS : 0.1
GUBRF.IS : 0.1
PGSUS.IS : 0.1
KRDMD.IS : 0.1
ENKAI.IS : 0.1
KOZAL.IS : 0.1
KOZAA.IS : 0.1
HEKTS.IS : 0.1
EKGYO.IS : 0.1
PETKM.IS : 0.09999999999999998
