Min Volatility Portfolio:
AKBNK.IS : 0.019054267396426797
ALARK.IS : 0.05708101727230609
ASELS.IS : 0.04481415382799726
EKGYO.IS : 0.05666035184342969
ENKAI.IS : 0.1011086461872586
GARAN.IS : 0.09126926853046634
GUBRF.IS : 0.03238285752565506
KCHOL.IS : 0.06740571160191453
KOZAL.IS : 0.012985305974233455
KRDMD.IS : 0.06248321218768925
ODAS.IS : 0.01230424559530529
PETKM.IS : 0.05084539110652941
PGSUS.IS : 0.05579989962095629
SAHOL.IS : 0.06837918336415474
SASA.IS : 0.03855409201402537
SISE.IS : 0.026839598625646013
TAVHL.IS : 0.018553120363025404
TCELL.IS : 0.10923127604778582
TOASO.IS : 0.026314690996191412
TUPRS.IS : 0.0479337099190031

Min Daily Loss Portfolio:
HEKTS.IS : 0.43608878420206665
ODAS.IS : 0.05012929900487038
SASA.IS : 0.513781916793063

Max Sharpe Ratio Portfolio:
ALARK.IS : 0.13290157406745315
ENKAI.IS : 0.098918769658631
HEKTS.IS : 0.5631588667282541
SAHOL.IS : 0.023811073406646076
SASA.IS : 0.1812097161390156

Best 5 Return Portfolio:
HEKTS.IS : 0.2
ODAS.IS : 0.2
SASA.IS : 0.2
TAVHL.IS : 0.2
ALARK.IS : 0.19999999999999996

Best 10 Return Portfolio:
HEKTS.IS : 0.1
ODAS.IS : 0.1
SASA.IS : 0.1
TAVHL.IS : 0.1
ALARK.IS : 0.1
THYAO.IS : 0.1
TUPRS.IS : 0.1
TOASO.IS : 0.1
EKGYO.IS : 0.1
SISE.IS : 0.09999999999999998
