Min Volatility Portfolio:
ALARK.IS : 0.049002641406388305
ARCLK.IS : 0.06063277568986411
ASELS.IS : 0.04811788467060601
BIMAS.IS : 0.09667356041016971
ENKAI.IS : 0.07883243507141181
EREGL.IS : 0.039550322487880304
FROTO.IS : 0.022084470744217204
GARAN.IS : 0.06545460669709612
HEKTS.IS : 0.03378488453823881
ISCTR.IS : 0.012127386431274902
KCHOL.IS : 0.026494629063383603
KRDMD.IS : 0.07669954935286942
ODAS.IS : 0.08544040686333682
PETKM.IS : 0.032874251365858004
PGSUS.IS : 0.052225280851739206
SAHOL.IS : 0.030818426898977302
SASA.IS : 0.010946633128669702
TAVHL.IS : 0.04810502926231071
TCELL.IS : 0.025585175445344704
THYAO.IS : 0.028627475368322504
TUPRS.IS : 0.04644689857237211
YKBNK.IS : 0.029475275679668803

Min Daily Loss Portfolio:
ARCLK.IS : 0.1978921908183735
ISCTR.IS : 0.2628373771964277
PGSUS.IS : 0.12894400222405458
TUPRS.IS : 0.41032642976114414

Max Sharpe Ratio Portfolio:
ARCLK.IS : 0.06320954467151442
BIMAS.IS : 0.1208202188057477
ISCTR.IS : 0.058050711188462806
KCHOL.IS : 0.03480143615061561
ODAS.IS : 0.01197583900588744
PGSUS.IS : 0.09935416484703943
THYAO.IS : 0.14125278792810728
TUPRS.IS : 0.47053529740262534

Best 5 Return Portfolio:
THYAO.IS : 0.2
TUPRS.IS : 0.2
TAVHL.IS : 0.2
SISE.IS : 0.2
PGSUS.IS : 0.19999999999999996

Best 10 Return Portfolio:
THYAO.IS : 0.1
TUPRS.IS : 0.1
TAVHL.IS : 0.1
SISE.IS : 0.1
PGSUS.IS : 0.1
PETKM.IS : 0.1
KOZAA.IS : 0.1
ISCTR.IS : 0.1
EKGYO.IS : 0.1
ALARK.IS : 0.09999999999999998
