Min Volatility Portfolio:
ALARK.IS : 0.08687150878747937
ASELS.IS : 0.02314008393079922
BIMAS.IS : 0.07952636976082265
EKGYO.IS : 0.0168377766649317
ENKAI.IS : 0.037503276947818874
EREGL.IS : 0.033394648377726904
FROTO.IS : 0.05456197935390784
HEKTS.IS : 0.033492085333611504
KOZAA.IS : 0.056432466914590196
KOZAL.IS : 0.07926539643081472
KRDMD.IS : 0.029060298570826298
ODAS.IS : 0.04161925198859898
PETKM.IS : 0.05647373065333269
PGSUS.IS : 0.03774185788889333
SASA.IS : 0.03273956514894851
SISE.IS : 0.016531262913841892
TAVHL.IS : 0.02759340881790388
TCELL.IS : 0.07124226149274697
THYAO.IS : 0.06619463136649459
TOASO.IS : 0.09510035358438305
TUPRS.IS : 0.02467778507152688

Min Daily Loss Portfolio:
ALARK.IS : 0.14213425963546455
FROTO.IS : 0.2890821424996952
KOZAL.IS : 0.43926734618559465
YKBNK.IS : 0.12951625167924555

Max Sharpe Ratio Portfolio:
ALARK.IS : 0.07013893924112093
KOZAA.IS : 0.046520542239429565
KOZAL.IS : 0.2550785499679499
TCELL.IS : 0.05690106313223936
THYAO.IS : 0.06486491380950389
TOASO.IS : 0.13731437575960023
YKBNK.IS : 0.36918161585015613

Best 5 Return Portfolio:
KOZAL.IS : 0.2
YKBNK.IS : 0.2
TOASO.IS : 0.2
FROTO.IS : 0.2
ARCLK.IS : 0.19999999999999996

Best 10 Return Portfolio:
KOZAL.IS : 0.1
YKBNK.IS : 0.1
TOASO.IS : 0.1
FROTO.IS : 0.1
ARCLK.IS : 0.1
AKBNK.IS : 0.1
GUBRF.IS : 0.1
EKGYO.IS : 0.1
ASELS.IS : 0.1
PETKM.IS : 0.09999999999999998
