Min Volatility Portfolio:
AKBNK.IS : 0.03664797492632517
ALARK.IS : 0.04102778961644222
ARCLK.IS : 0.02147244842393244
ASELS.IS : 0.027248445965590534
BIMAS.IS : 0.043010476503717865
EKGYO.IS : 0.034186195086374334
ENKAI.IS : 0.04464710709676965
EREGL.IS : 0.03826980444171261
FROTO.IS : 0.027703903162231473
GARAN.IS : 0.03599784781067104
GUBRF.IS : 0.03017448630101374
HEKTS.IS : 0.06330238606862328
ISCTR.IS : 0.040735078298009375
KCHOL.IS : 0.035798020146220584
KOZAA.IS : 0.010463298796735465
KRDMD.IS : 0.05122400833197433
ODAS.IS : 0.0336729871208305
PETKM.IS : 0.029346359699713366
PGSUS.IS : 0.03511042087510396
SAHOL.IS : 0.027926439010971985
SASA.IS : 0.045080862905342606
SISE.IS : 0.03306486122579265
TAVHL.IS : 0.027524585844295762
TCELL.IS : 0.040424681440037066
THYAO.IS : 0.027020075601992394
TOASO.IS : 0.04128502034430466
TUPRS.IS : 0.040168892447122226
YKBNK.IS : 0.03746554250814879

Min Daily Loss Portfolio:
ENKAI.IS : 0.5297859037175888
HEKTS.IS : 0.2788773338319361
KOZAL.IS : 0.19133676245047512

Max Sharpe Ratio Portfolio:
AKBNK.IS : 0.03448275862068966
ALARK.IS : 0.03448275862068966
ARCLK.IS : 0.03448275862068966
ASELS.IS : 0.03448275862068966
BIMAS.IS : 0.03448275862068966
EKGYO.IS : 0.03448275862068966
ENKAI.IS : 0.03448275862068966
EREGL.IS : 0.03448275862068966
FROTO.IS : 0.03448275862068966
GARAN.IS : 0.03448275862068966
GUBRF.IS : 0.03448275862068966
HEKTS.IS : 0.03448275862068966
ISCTR.IS : 0.03448275862068966
KCHOL.IS : 0.03448275862068966
KOZAA.IS : 0.03448275862068966
KOZAL.IS : 0.03448275862068966
KRDMD.IS : 0.03448275862068966
ODAS.IS : 0.03448275862068966
PETKM.IS : 0.03448275862068966
PGSUS.IS : 0.03448275862068966
SAHOL.IS : 0.03448275862068966
SASA.IS : 0.03448275862068966
SISE.IS : 0.03448275862068966
TAVHL.IS : 0.03448275862068966
TCELL.IS : 0.03448275862068966
THYAO.IS : 0.03448275862068966
TOASO.IS : 0.03448275862068966
TUPRS.IS : 0.03448275862068966
YKBNK.IS : 0.03448275862068966

Best 5 Return Portfolio:
KOZAL.IS : 0.2
ENKAI.IS : 0.2
GUBRF.IS : 0.2
FROTO.IS : 0.2
ARCLK.IS : 0.19999999999999996

Best 10 Return Portfolio:
KOZAL.IS : 0.1
ENKAI.IS : 0.1
GUBRF.IS : 0.1
FROTO.IS : 0.1
ARCLK.IS : 0.1
PETKM.IS : 0.1
TUPRS.IS : 0.1
SAHOL.IS : 0.1
HEKTS.IS : 0.1
TOASO.IS : 0.09999999999999998
