Min Volatility Portfolio:
ALARK.IS : 0.1438345030936205
BIMAS.IS : 0.06769740035522873
EKGYO.IS : 0.05355872822324113
EREGL.IS : 0.042497774754190976
FROTO.IS : 0.04662063042897163
GARAN.IS : 0.014906596354185607
GUBRF.IS : 0.12227910102292082
KCHOL.IS : 0.05894333784032699
KOZAL.IS : 0.02796562149784125
KRDMD.IS : 0.06862056797061199
ODAS.IS : 0.09851587929367013
PETKM.IS : 0.06486551170655476
PGSUS.IS : 0.02573236852798915
SASA.IS : 0.014103200313612504
SISE.IS : 0.01419801420474105
TAVHL.IS : 0.040577785866504616
TOASO.IS : 0.08456680907653796
TUPRS.IS : 0.010516169469250132

Min Daily Loss Portfolio:
ARCLK.IS : 0.060961270502912106
ODAS.IS : 0.4408550387586898
SASA.IS : 0.498183690738398

Max Sharpe Ratio Portfolio:
ALARK.IS : 0.03747795147759126
EKGYO.IS : 0.025673384375727377
KRDMD.IS : 0.04625660578326525
ODAS.IS : 0.3185031873885669
PETKM.IS : 0.030800256370358502
SASA.IS : 0.5412886146044907

Best 5 Return Portfolio:
SASA.IS : 0.2
ARCLK.IS : 0.2
SISE.IS : 0.2
ENKAI.IS : 0.2
THYAO.IS : 0.19999999999999996

Best 10 Return Portfolio:
SASA.IS : 0.1
ARCLK.IS : 0.1
SISE.IS : 0.1
ENKAI.IS : 0.1
THYAO.IS : 0.1
GUBRF.IS : 0.1
ALARK.IS : 0.1
TCELL.IS : 0.1
ASELS.IS : 0.1
TOASO.IS : 0.09999999999999998
