Min Volatility Portfolio:
AKBNK.IS : 0.01358513589075877
ALARK.IS : 0.08349921679694386
ARCLK.IS : 0.01816590002915824
ASELS.IS : 0.019870229989499506
BIMAS.IS : 0.034465859479480686
EKGYO.IS : 0.0292777108554688
ENKAI.IS : 0.06752325960984569
EREGL.IS : 0.03834694861690772
FROTO.IS : 0.03396726715626955
GARAN.IS : 0.014774820296046329
GUBRF.IS : 0.04065335574045272
HEKTS.IS : 0.05844127510268065
ISCTR.IS : 0.032339465329914746
KCHOL.IS : 0.02951211652290875
KOZAA.IS : 0.026029419152347542
KOZAL.IS : 0.027732292616896446
KRDMD.IS : 0.022029621166811245
PETKM.IS : 0.01658747921357434
PGSUS.IS : 0.01604111831658501
SAHOL.IS : 0.027639276475943303
SASA.IS : 0.10201689584430533
SISE.IS : 0.021859913460612772
TAVHL.IS : 0.03811439400723595
TCELL.IS : 0.04619835380485206
THYAO.IS : 0.021372638193652087
TOASO.IS : 0.04686641867464985
TUPRS.IS : 0.04902548758239075
YKBNK.IS : 0.02406413007380734

Min Daily Loss Portfolio:
GARAN.IS : 0.4475867602003563
HEKTS.IS : 0.06284315641332071
SASA.IS : 0.489570083386323

Max Sharpe Ratio Portfolio:
AKBNK.IS : 0.03448275862068966
ALARK.IS : 0.03448275862068966
ARCLK.IS : 0.03448275862068966
ASELS.IS : 0.03448275862068966
BIMAS.IS : 0.03448275862068966
EKGYO.IS : 0.03448275862068966
ENKAI.IS : 0.03448275862068966
EREGL.IS : 0.03448275862068966
FROTO.IS : 0.03448275862068966
GARAN.IS : 0.03448275862068966
GUBRF.IS : 0.03448275862068966
HEKTS.IS : 0.03448275862068966
ISCTR.IS : 0.03448275862068966
KCHOL.IS : 0.03448275862068966
KOZAA.IS : 0.03448275862068966
KOZAL.IS : 0.03448275862068966
KRDMD.IS : 0.03448275862068966
ODAS.IS : 0.03448275862068966
PETKM.IS : 0.03448275862068966
PGSUS.IS : 0.03448275862068966
SAHOL.IS : 0.03448275862068966
SASA.IS : 0.03448275862068966
SISE.IS : 0.03448275862068966
TAVHL.IS : 0.03448275862068966
TCELL.IS : 0.03448275862068966
THYAO.IS : 0.03448275862068966
TOASO.IS : 0.03448275862068966
TUPRS.IS : 0.03448275862068966
YKBNK.IS : 0.03448275862068966

Best 5 Return Portfolio:
SASA.IS : 0.2
HEKTS.IS : 0.2
ALARK.IS : 0.2
ODAS.IS : 0.2
GARAN.IS : 0.19999999999999996

Best 10 Return Portfolio:
SASA.IS : 0.1
HEKTS.IS : 0.1
ALARK.IS : 0.1
ODAS.IS : 0.1
GARAN.IS : 0.1
AKBNK.IS : 0.1
TUPRS.IS : 0.1
YKBNK.IS : 0.1
EKGYO.IS : 0.1
FROTO.IS : 0.09999999999999998
