Min Volatility Portfolio:
AKBNK.IS : 0.0338159676956135
ALARK.IS : 0.0384361723265222
ARCLK.IS : 0.033188812866046
ASELS.IS : 0.0484146643247585
BIMAS.IS : 0.0227224039495509
EKGYO.IS : 0.039551495563875
ENKAI.IS : 0.0343227000637482
EREGL.IS : 0.023524961096414
FROTO.IS : 0.027855759870768
GARAN.IS : 0.0536055732557439
GUBRF.IS : 0.0437979243406891
HEKTS.IS : 0.0295402750164774
ISCTR.IS : 0.0383025669738615
KCHOL.IS : 0.0318952500830063
KOZAA.IS : 0.0400784893823637
KOZAL.IS : 0.0521380710522406
KRDMD.IS : 0.0311952643240203
ODAS.IS : 0.0477714928961793
PETKM.IS : 0.0302318310290711
PGSUS.IS : 0.0240816187101823
SAHOL.IS : 0.0407158837474066
SASA.IS : 0.0261459268700902
SISE.IS : 0.0176730620539121
TAVHL.IS : 0.0317956623400951
TCELL.IS : 0.028189002309961
THYAO.IS : 0.0454849996794157
TOASO.IS : 0.0189697434419126
TUPRS.IS : 0.0338044564765124
YKBNK.IS : 0.0327499682595625

Min Daily Loss Portfolio:
FROTO.IS : 0.037214242254303566
HEKTS.IS : 0.9627857577456965

Max Sharpe Ratio Portfolio:
AKBNK.IS : 0.03441219664890877
ALARK.IS : 0.03441219664890877
ARCLK.IS : 0.03441219664890877
ASELS.IS : 0.03441219664890877
BIMAS.IS : 0.03441222002518671
EKGYO.IS : 0.03463954741823969
ENKAI.IS : 0.03441219664890877
EREGL.IS : 0.03441219664890877
FROTO.IS : 0.03441219664890877
GARAN.IS : 0.03463954741823969
GUBRF.IS : 0.03463954741823969
HEKTS.IS : 0.03463954741823969
ISCTR.IS : 0.03441219664890877
KCHOL.IS : 0.03441219664890877
KOZAA.IS : 0.03463954741823969
KOZAL.IS : 0.03463954741823969
KRDMD.IS : 0.03441219664890877
ODAS.IS : 0.03463954741823969
PETKM.IS : 0.03441219664890877
PGSUS.IS : 0.03441222002518671
SAHOL.IS : 0.03463954741823969
SASA.IS : 0.03441222002518671
SISE.IS : 0.03441222002518671
TAVHL.IS : 0.03441222002518671
TCELL.IS : 0.03441219664890877
THYAO.IS : 0.03463954741823969
TOASO.IS : 0.03441222002518671
TUPRS.IS : 0.03441219664890877
YKBNK.IS : 0.03441219664890877

Best 5 Return Portfolio:
HEKTS.IS : 0.2
PGSUS.IS : 0.2
ASELS.IS : 0.2
ALARK.IS : 0.2
TAVHL.IS : 0.19999999999999996

Best 10 Return Portfolio:
HEKTS.IS : 0.1
PGSUS.IS : 0.1
ASELS.IS : 0.1
ALARK.IS : 0.1
TAVHL.IS : 0.1
SAHOL.IS : 0.1
GARAN.IS : 0.1
GUBRF.IS : 0.1
THYAO.IS : 0.1
KCHOL.IS : 0.09999999999999998
