Min Volatility Portfolio:
BIMAS.IS : 0.13639727881532024
ENKAI.IS : 0.019661387297820174
EREGL.IS : 0.020874419945296437
GARAN.IS : 0.04489000612652597
HEKTS.IS : 0.028018087445670622
ISCTR.IS : 0.052789180343469425
KCHOL.IS : 0.16267419646158368
KOZAL.IS : 0.05088950722483333
PGSUS.IS : 0.02164581654595814
SAHOL.IS : 0.06222246703011196
SASA.IS : 0.1803605389883565
SISE.IS : 0.04987991204024086
TCELL.IS : 0.029232598515609852
TUPRS.IS : 0.11790503048655585
YKBNK.IS : 0.022559572732646978

Min Daily Loss Portfolio:
KCHOL.IS : 0.8792326565264728
KOZAL.IS : 0.12076734347352723

Max Sharpe Ratio Portfolio:
ASELS.IS : 0.18940945189746564
EKGYO.IS : 0.13741890666322812
KCHOL.IS : 0.20793317405561831
KOZAL.IS : 0.045110369068286596
SASA.IS : 0.012596896973999032
TOASO.IS : 0.3834697905963638
TUPRS.IS : 0.024061410745038446

Best 5 Return Portfolio:
FROTO.IS : 0.2
ARCLK.IS : 0.2
EKGYO.IS : 0.2
ASELS.IS : 0.2
TOASO.IS : 0.19999999999999996

Best 10 Return Portfolio:
FROTO.IS : 0.1
ARCLK.IS : 0.1
EKGYO.IS : 0.1
ASELS.IS : 0.1
TOASO.IS : 0.1
ENKAI.IS : 0.1
KCHOL.IS : 0.1
TCELL.IS : 0.1
TUPRS.IS : 0.1
SISE.IS : 0.09999999999999998
