Min Volatility Portfolio:
AKBNK.IS : 0.03598198238247506
ALARK.IS : 0.06399507094138422
ARCLK.IS : 0.02862427950325716
ASELS.IS : 0.04768484234582156
BIMAS.IS : 0.02372445607193577
EKGYO.IS : 0.011259395345188012
ENKAI.IS : 0.03604052343380854
EREGL.IS : 0.052037570227472636
FROTO.IS : 0.011347903033303046
GARAN.IS : 0.03853555607995245
GUBRF.IS : 0.03327615744205602
ISCTR.IS : 0.021470080746660253
KOZAA.IS : 0.023116722507889147
KOZAL.IS : 0.0464395526161539
KRDMD.IS : 0.07798896274764443
ODAS.IS : 0.024209604978849338
PETKM.IS : 0.03575916215845309
PGSUS.IS : 0.05032811241924991
SAHOL.IS : 0.029301103241591738
SISE.IS : 0.04285919232060857
TAVHL.IS : 0.03270601313595988
TCELL.IS : 0.07202652351318248
THYAO.IS : 0.04655255617335587
TOASO.IS : 0.017895307908256473
TUPRS.IS : 0.07296748422433681
YKBNK.IS : 0.02387188450115362

Min Daily Loss Portfolio:
ALARK.IS : 0.3957161025067441
ENKAI.IS : 0.020044341674479247
KRDMD.IS : 0.10838988511995298
ODAS.IS : 0.4758496706988236

Max Sharpe Ratio Portfolio:
ALARK.IS : 0.2964281585495248
ENKAI.IS : 0.07203376980656505
KOZAL.IS : 0.014847853008606844
KRDMD.IS : 0.07647134775188091
ODAS.IS : 0.20363858224265388
SISE.IS : 0.16907382737774965
TAVHL.IS : 0.10866746509485098
TUPRS.IS : 0.05883899616816796

Best 5 Return Portfolio:
SISE.IS : 0.2
ENKAI.IS : 0.2
ALARK.IS : 0.2
TAVHL.IS : 0.2
KCHOL.IS : 0.19999999999999996

Best 10 Return Portfolio:
SISE.IS : 0.1
ENKAI.IS : 0.1
ALARK.IS : 0.1
TAVHL.IS : 0.1
KCHOL.IS : 0.1
KRDMD.IS : 0.1
SASA.IS : 0.1
KOZAA.IS : 0.1
HEKTS.IS : 0.1
FROTO.IS : 0.09999999999999998
