Min Volatility Portfolio:
AKBNK.IS : 0.04046058954614705
ALARK.IS : 0.055483128515976185
FROTO.IS : 0.04065257427966154
GARAN.IS : 0.10787141148684228
HEKTS.IS : 0.08211000752919335
ISCTR.IS : 0.02577468175178267
KOZAL.IS : 0.05207629247712604
ODAS.IS : 0.10422741858778732
PGSUS.IS : 0.20491761028142894
SAHOL.IS : 0.04360043753894583
SASA.IS : 0.039378267565429406
SISE.IS : 0.0675282318236508
TAVHL.IS : 0.028989078055789305
TCELL.IS : 0.03697995002962679
TUPRS.IS : 0.06995032053061236

Min Daily Loss Portfolio:
GARAN.IS : 0.4381264221078722
ODAS.IS : 0.29039731487177844
PGSUS.IS : 0.27147626302034933

Max Sharpe Ratio Portfolio:
AKBNK.IS : 0.024714183804696522
ARCLK.IS : 0.015908494788080242
GARAN.IS : 0.25595201774089466
ISCTR.IS : 0.013546119108150255
KOZAL.IS : 0.048266600257821875
ODAS.IS : 0.1309232354321091
PGSUS.IS : 0.3110214731403841
THYAO.IS : 0.15305542502114067
TUPRS.IS : 0.04661245070672254

Best 5 Return Portfolio:
GARAN.IS : 0.2
ODAS.IS : 0.2
PGSUS.IS : 0.2
ARCLK.IS : 0.2
THYAO.IS : 0.19999999999999996

Best 10 Return Portfolio:
GARAN.IS : 0.1
ODAS.IS : 0.1
PGSUS.IS : 0.1
ARCLK.IS : 0.1
THYAO.IS : 0.1
SISE.IS : 0.1
BIMAS.IS : 0.1
TUPRS.IS : 0.1
FROTO.IS : 0.1
AKBNK.IS : 0.09999999999999998
