Min Volatility Portfolio:
ALARK.IS : 0.023770712535817938
ARCLK.IS : 0.026200960976564755
ASELS.IS : 0.056488171403922614
BIMAS.IS : 0.06830528324249442
EKGYO.IS : 0.02945774034538508
ENKAI.IS : 0.0825923960435457
FROTO.IS : 0.019147111632703696
GARAN.IS : 0.05730084519422234
GUBRF.IS : 0.052834121465742706
HEKTS.IS : 0.14343591160938382
KCHOL.IS : 0.024441952786555577
KOZAA.IS : 0.07074569970193138
KOZAL.IS : 0.08562059449855201
ODAS.IS : 0.057132843124960746
PGSUS.IS : 0.04044730923638379
SASA.IS : 0.04184814908432603
TAVHL.IS : 0.027930974495148357
TOASO.IS : 0.037665379627240606
TUPRS.IS : 0.05463384299511844

Min Daily Loss Portfolio:
ALARK.IS : 0.12199487440053863
GUBRF.IS : 0.3249566593694451
HEKTS.IS : 0.365529048080309
SASA.IS : 0.18751941814970716

Max Sharpe Ratio Portfolio:
AKBNK.IS : 0.007086262473897477
ALARK.IS : 0.007086390805945374
ARCLK.IS : 0.0070861968346887265
ASELS.IS : 0.0070861968346887265
BIMAS.IS : 0.007086325166736623
EKGYO.IS : 0.007086390805945374
ENKAI.IS : 0.007086325166736623
EREGL.IS : 0.007086390805945374
FROTO.IS : 0.007086390805945374
GARAN.IS : 0.0070861968346887265
GUBRF.IS : 0.007086325166736623
HEKTS.IS : 0.20571062370340154
ISCTR.IS : 0.007086390805945374
KCHOL.IS : 0.0070861968346887265
KOZAA.IS : 0.2057104297321449
KOZAL.IS : 0.2057104297321449
KRDMD.IS : 0.007086390805945374
ODAS.IS : 0.007086390805945374
PETKM.IS : 0.007086390805945374
PGSUS.IS : 0.0070861968346887265
SAHOL.IS : 0.007086390805945374
SASA.IS : 0.2057104297321449
SISE.IS : 0.007086262473897477
TAVHL.IS : 0.007086390805945374
TCELL.IS : 0.0070861968346887265
THYAO.IS : 0.007086390805945374
TOASO.IS : 0.007086390805945374
TUPRS.IS : 0.007086325166736623
YKBNK.IS : 0.007086390805945374

Best 5 Return Portfolio:
HEKTS.IS : 0.2
SASA.IS : 0.2
ALARK.IS : 0.2
ODAS.IS : 0.2
GUBRF.IS : 0.19999999999999996

Best 10 Return Portfolio:
HEKTS.IS : 0.1
SASA.IS : 0.1
ALARK.IS : 0.1
ODAS.IS : 0.1
GUBRF.IS : 0.1
KOZAL.IS : 0.1
SAHOL.IS : 0.1
BIMAS.IS : 0.1
SISE.IS : 0.1
TOASO.IS : 0.09999999999999998
