Min Volatility Portfolio:
AKBNK.IS : 0.03346684409458599
ALARK.IS : 0.022268358975091797
ARCLK.IS : 0.01082220830200084
BIMAS.IS : 0.015596651557200743
EKGYO.IS : 0.045932431765093776
ENKAI.IS : 0.07404695205776851
FROTO.IS : 0.03298860084349563
GARAN.IS : 0.05953139291659213
HEKTS.IS : 0.0476091724658351
ISCTR.IS : 0.04491185197561095
KCHOL.IS : 0.017877211146373927
KOZAA.IS : 0.05334288812898089
KOZAL.IS : 0.023037302756909267
ODAS.IS : 0.08451741096067523
PETKM.IS : 0.03833341970906571
PGSUS.IS : 0.07976350229941782
SAHOL.IS : 0.028566438478950948
SASA.IS : 0.03802767961803554
TAVHL.IS : 0.06630522630550345
TCELL.IS : 0.024457310612429287
THYAO.IS : 0.0827237784726956
TOASO.IS : 0.046222713224350086
YKBNK.IS : 0.029650653333336746

Min Daily Loss Portfolio:
FROTO.IS : 0.262931917006424
HEKTS.IS : 0.444594668116959
THYAO.IS : 0.292473414876617

Max Sharpe Ratio Portfolio:
ALARK.IS : 0.08825803278715283
EKGYO.IS : 0.05804689036341515
ENKAI.IS : 0.11093884340658297
FROTO.IS : 0.2870677442937794
HEKTS.IS : 0.1802844879190041
ISCTR.IS : 0.01280985914538582
KOZAA.IS : 0.040238121271348105
ODAS.IS : 0.05611330615737473
PGSUS.IS : 0.01618435943295522
TAVHL.IS : 0.010233201566399227
THYAO.IS : 0.0830759417618573
TOASO.IS : 0.037236008215879086
YKBNK.IS : 0.019513203678866095

Best 5 Return Portfolio:
FROTO.IS : 0.2
KCHOL.IS : 0.2
ALARK.IS : 0.2
EKGYO.IS : 0.2
HEKTS.IS : 0.19999999999999996

Best 10 Return Portfolio:
FROTO.IS : 0.1
KCHOL.IS : 0.1
ALARK.IS : 0.1
EKGYO.IS : 0.1
HEKTS.IS : 0.1
SAHOL.IS : 0.1
TOASO.IS : 0.1
YKBNK.IS : 0.1
ISCTR.IS : 0.1
PETKM.IS : 0.09999999999999998
