Min Volatility Portfolio:
AKBNK.IS : 0.013049430309056805
ALARK.IS : 0.14579135103918137
ARCLK.IS : 0.054908407379364726
ASELS.IS : 0.052785097383887765
BIMAS.IS : 0.02552429400458878
EKGYO.IS : 0.06518413233819005
EREGL.IS : 0.03465623056486829
FROTO.IS : 0.04521524079852734
GUBRF.IS : 0.047753391386741215
KCHOL.IS : 0.059439314008845966
KOZAA.IS : 0.035083855405045244
KOZAL.IS : 0.035731529736137996
KRDMD.IS : 0.03248476489026989
ODAS.IS : 0.06570737565679151
PETKM.IS : 0.01214436244350606
SAHOL.IS : 0.03147326448472718
SASA.IS : 0.015046181856591229
SISE.IS : 0.024433304055328443
TAVHL.IS : 0.04039354161281373
TCELL.IS : 0.02405957692095491
THYAO.IS : 0.053732532810879856
TOASO.IS : 0.04080831877652585
TUPRS.IS : 0.027668290117510142
YKBNK.IS : 0.016926212019665675

Min Daily Loss Portfolio:
ALARK.IS : 0.1348275196260007
EKGYO.IS : 0.3233535724903629
ODAS.IS : 0.2051244182580408
TAVHL.IS : 0.14613512658767513
YKBNK.IS : 0.1905593630379204

Max Sharpe Ratio Portfolio:
ALARK.IS : 0.189917417533216
ARCLK.IS : 0.027243155468076114
EKGYO.IS : 0.08980545925394104
GUBRF.IS : 0.03665101555170951
HEKTS.IS : 0.01309173390548018
ISCTR.IS : 0.18241870768261453
KCHOL.IS : 0.05770057856341532
ODAS.IS : 0.13324268805294084
SAHOL.IS : 0.03687863389602258
TAVHL.IS : 0.05680766049047896
TUPRS.IS : 0.022118029582704108
YKBNK.IS : 0.1541249200194008

Best 5 Return Portfolio:
ODAS.IS : 0.2
ISCTR.IS : 0.2
YKBNK.IS : 0.2
HEKTS.IS : 0.2
AKBNK.IS : 0.19999999999999996

Best 10 Return Portfolio:
ODAS.IS : 0.1
ISCTR.IS : 0.1
YKBNK.IS : 0.1
HEKTS.IS : 0.1
AKBNK.IS : 0.1
TUPRS.IS : 0.1
GARAN.IS : 0.1
PETKM.IS : 0.1
SAHOL.IS : 0.1
TAVHL.IS : 0.09999999999999998
