Min Volatility Portfolio:
AKBNK.IS : 0.03508840800051002
ALARK.IS : 0.05419518123505392
ARCLK.IS : 0.030617659793122712
ASELS.IS : 0.02829380505979621
BIMAS.IS : 0.03690953032189771
EKGYO.IS : 0.023909196663250906
ENKAI.IS : 0.04000729606717191
EREGL.IS : 0.04429883012472841
FROTO.IS : 0.03484237709463811
GARAN.IS : 0.033421672646073416
GUBRF.IS : 0.037830732518027314
HEKTS.IS : 0.03272593522098481
ISCTR.IS : 0.02891378781409201
KCHOL.IS : 0.03554110876055271
KOZAA.IS : 0.039696137282014016
KOZAL.IS : 0.046920993656373915
KRDMD.IS : 0.03939982182110181
ODAS.IS : 0.022637894362277606
PETKM.IS : 0.03033225793044461
PGSUS.IS : 0.02742524107762071
SAHOL.IS : 0.032227152606844216
SASA.IS : 0.03305863866684142
SISE.IS : 0.02708034760652851
TAVHL.IS : 0.027403387362179312
TCELL.IS : 0.040911711074527714
THYAO.IS : 0.03327890386431322
TOASO.IS : 0.03405538425050052
TUPRS.IS : 0.04086782769574701
YKBNK.IS : 0.02810877942278521

Min Daily Loss Portfolio:
ALARK.IS : 0.2052596862131002
EKGYO.IS : 0.013460027721044631
KOZAA.IS : 0.22015624867715727
TOASO.IS : 0.11213946211991109
YKBNK.IS : 0.4489845752687868

Max Sharpe Ratio Portfolio:
AKBNK.IS : 0.05684261267731478
ALARK.IS : 0.09473891356640757
ARCLK.IS : 0.022861215845388538
EKGYO.IS : 0.05821489283907138
ENKAI.IS : 0.030173929871761283
FROTO.IS : 0.025325942429591818
ISCTR.IS : 0.04894421515213469
KCHOL.IS : 0.04452589053916704
KOZAA.IS : 0.2579685263914952
ODAS.IS : 0.016803753775818397
PGSUS.IS : 0.035424959463622806
SAHOL.IS : 0.08012825466789977
TAVHL.IS : 0.04080833172377021
THYAO.IS : 0.047869268509800764
TOASO.IS : 0.06823063311254897
TUPRS.IS : 0.022382213287671808
YKBNK.IS : 0.04875644614653475

Best 5 Return Portfolio:
KOZAA.IS : 0.2
YKBNK.IS : 0.2
KOZAL.IS : 0.2
PGSUS.IS : 0.2
AKBNK.IS : 0.19999999999999996

Best 10 Return Portfolio:
KOZAA.IS : 0.1
YKBNK.IS : 0.1
KOZAL.IS : 0.1
PGSUS.IS : 0.1
AKBNK.IS : 0.1
EKGYO.IS : 0.1
SAHOL.IS : 0.1
ISCTR.IS : 0.1
GARAN.IS : 0.1
TOASO.IS : 0.09999999999999998
