Min Volatility Portfolio:
AKBNK.IS : 0.022483396704025667
ALARK.IS : 0.07019077367730328
ARCLK.IS : 0.03379200286627608
ASELS.IS : 0.010761413827930931
EKGYO.IS : 0.044075446840372345
ENKAI.IS : 0.02189538906021951
EREGL.IS : 0.051947425154906475
GARAN.IS : 0.018853268643727945
GUBRF.IS : 0.031861858125688654
HEKTS.IS : 0.12893873942055886
ISCTR.IS : 0.045025728784043796
KCHOL.IS : 0.05392006833259157
KOZAA.IS : 0.02279491643849465
KOZAL.IS : 0.08652714259954422
KRDMD.IS : 0.04388650711605172
ODAS.IS : 0.07593420448740001
PETKM.IS : 0.02819663137250578
PGSUS.IS : 0.016989006682138038
SASA.IS : 0.019260668428668137
SISE.IS : 0.034836250118768786
TAVHL.IS : 0.020851624294796558
TCELL.IS : 0.028033212688124875
THYAO.IS : 0.015022879950077471
TUPRS.IS : 0.05669849432832743
YKBNK.IS : 0.017222950057457286

Min Daily Loss Portfolio:
GUBRF.IS : 0.7560848434345718
HEKTS.IS : 0.2439151565654282

Max Sharpe Ratio Portfolio:
ALARK.IS : 0.03528295017270717
EREGL.IS : 0.05921654347396596
GUBRF.IS : 0.5938590577893614
HEKTS.IS : 0.18255950958644612
KCHOL.IS : 0.01095060969086072
KOZAL.IS : 0.04112318264110059
KRDMD.IS : 0.03527201221618882
ODAS.IS : 0.04173613442936923

Best 5 Return Portfolio:
GUBRF.IS : 0.2
TCELL.IS : 0.2
ENKAI.IS : 0.2
TOASO.IS : 0.2
BIMAS.IS : 0.19999999999999996

Best 10 Return Portfolio:
GUBRF.IS : 0.1
TCELL.IS : 0.1
ENKAI.IS : 0.1
TOASO.IS : 0.1
BIMAS.IS : 0.1
HEKTS.IS : 0.1
FROTO.IS : 0.1
SISE.IS : 0.1
EKGYO.IS : 0.1
THYAO.IS : 0.09999999999999998
