Min Volatility Portfolio:
AKBNK.IS : 0.031871777877479295
ARCLK.IS : 0.017914393854743395
ASELS.IS : 0.031536447046698696
BIMAS.IS : 0.029156695618194593
EKGYO.IS : 0.04100428420350509
ENKAI.IS : 0.057805422765714286
EREGL.IS : 0.07197650425716999
FROTO.IS : 0.03479605216400309
GARAN.IS : 0.038021274277852596
GUBRF.IS : 0.05546685733024509
HEKTS.IS : 0.027246778548646593
ISCTR.IS : 0.033534278735788195
KCHOL.IS : 0.04165397779137319
KOZAL.IS : 0.015374964205229597
KRDMD.IS : 0.06589610966085789
ODAS.IS : 0.05355116996772569
PETKM.IS : 0.019684985911084595
PGSUS.IS : 0.044111334821315296
SAHOL.IS : 0.05558207718651779
SASA.IS : 0.05657256850510039
SISE.IS : 0.030758199247791194
TAVHL.IS : 0.024424193193941693
TCELL.IS : 0.014767899533901997
THYAO.IS : 0.022475865857369496
TOASO.IS : 0.024423341375685994
TUPRS.IS : 0.026706468682220492
YKBNK.IS : 0.03368607737984369

Min Daily Loss Portfolio:
ALARK.IS : 0.22287754603389962
GUBRF.IS : 0.5589344803463229
KOZAA.IS : 0.03927574276623876
KRDMD.IS : 0.17891223085353866

Max Sharpe Ratio Portfolio:
ALARK.IS : 0.3469927412863091
EKGYO.IS : 0.03955833965902749
ENKAI.IS : 0.09481824470096205
EREGL.IS : 0.08801186944569217
GUBRF.IS : 0.14600704447161444
ODAS.IS : 0.10613849389951543
SAHOL.IS : 0.08036762264491458
SASA.IS : 0.09810564389196469

Best 5 Return Portfolio:
ALARK.IS : 0.2
THYAO.IS : 0.2
KOZAA.IS : 0.2
KRDMD.IS : 0.2
YKBNK.IS : 0.19999999999999996

Best 10 Return Portfolio:
ALARK.IS : 0.1
THYAO.IS : 0.1
KOZAA.IS : 0.1
KRDMD.IS : 0.1
YKBNK.IS : 0.1
KOZAL.IS : 0.1
EKGYO.IS : 0.1
ISCTR.IS : 0.1
ARCLK.IS : 0.1
PGSUS.IS : 0.09999999999999998
