Min Volatility Portfolio:
AKBNK.IS : 0.014391836236592953
ALARK.IS : 0.04260890964567314
ARCLK.IS : 0.04613316346136311
BIMAS.IS : 0.03509455670639184
ENKAI.IS : 0.029491624353369512
EREGL.IS : 0.04251321213570288
FROTO.IS : 0.06568725490137382
GUBRF.IS : 0.050371449932648665
HEKTS.IS : 0.06900701562191829
ISCTR.IS : 0.017130202954438654
KOZAA.IS : 0.04099784654993515
KOZAL.IS : 0.02495281988148198
KRDMD.IS : 0.059682551353528186
ODAS.IS : 0.046434957016677006
PETKM.IS : 0.07660371931001085
PGSUS.IS : 0.038022929757446915
SASA.IS : 0.014263179979591402
SISE.IS : 0.0408510878253084
TAVHL.IS : 0.07070908086706278
TCELL.IS : 0.04424342088337568
THYAO.IS : 0.08375600539139427
TOASO.IS : 0.029833371149923835
TUPRS.IS : 0.017219804084790777

Min Daily Loss Portfolio:
AKBNK.IS : 0.017363756520477818
ODAS.IS : 0.4504082432363503
SAHOL.IS : 0.12647889069464668
YKBNK.IS : 0.4057491095485251

Max Sharpe Ratio Portfolio:
AKBNK.IS : 0.024895953343862787
ALARK.IS : 0.031224042334616977
ARCLK.IS : 0.02556205331307526
ASELS.IS : 0.02247857129055285
BIMAS.IS : 0.022478568892189042
EKGYO.IS : 0.023338040282255345
ENKAI.IS : 0.022491642607118265
EREGL.IS : 0.023070376455495596
FROTO.IS : 0.03197802701456924
GARAN.IS : 0.02247856920342197
GUBRF.IS : 0.022478569218097037
HEKTS.IS : 0.12583211489396473
ISCTR.IS : 0.023370455771513185
KCHOL.IS : 0.02247856949266897
KOZAA.IS : 0.022478569129496518
KOZAL.IS : 0.022485353555577656
KRDMD.IS : 0.02417813269387251
ODAS.IS : 0.19695032746301339
PETKM.IS : 0.029806902378025
PGSUS.IS : 0.025226268947485628
SAHOL.IS : 0.023534598693898772
SASA.IS : 0.02247857001142889
SISE.IS : 0.02249280908613879
TAVHL.IS : 0.027669500494225577
TCELL.IS : 0.02300870677931842
THYAO.IS : 0.029067016412437256
TOASO.IS : 0.02247938658342007
TUPRS.IS : 0.022478569681906285
YKBNK.IS : 0.04150973397635405

Best 5 Return Portfolio:
ODAS.IS : 0.2
AKBNK.IS : 0.2
YKBNK.IS : 0.2
HEKTS.IS : 0.2
ISCTR.IS : 0.19999999999999996

Best 10 Return Portfolio:
ODAS.IS : 0.1
AKBNK.IS : 0.1
YKBNK.IS : 0.1
HEKTS.IS : 0.1
ISCTR.IS : 0.1
SAHOL.IS : 0.1
EKGYO.IS : 0.1
ALARK.IS : 0.1
ASELS.IS : 0.1
GARAN.IS : 0.09999999999999998
