Min Volatility Portfolio:
AKBNK.IS : 0.03937465476541705
ARCLK.IS : 0.0536240931098348
ASELS.IS : 0.031169469676205
BIMAS.IS : 0.04749278570344572
EKGYO.IS : 0.11644762727135555
GARAN.IS : 0.05547974211110011
HEKTS.IS : 0.04259928945965116
ISCTR.IS : 0.04271338274713691
KRDMD.IS : 0.039614196283718706
ODAS.IS : 0.09622013496282283
PETKM.IS : 0.050559236722418965
PGSUS.IS : 0.019621281812069142
SASA.IS : 0.040575121086200566
SISE.IS : 0.06515210419985776
TAVHL.IS : 0.014569795518952995
TCELL.IS : 0.03045601251646606
THYAO.IS : 0.10437142996520633
TUPRS.IS : 0.026837565930435514
YKBNK.IS : 0.08312207615770484

Min Daily Loss Portfolio:
KRDMD.IS : 0.6965646682859326
ODAS.IS : 0.30343533171406756

Max Sharpe Ratio Portfolio:
AKBNK.IS : 0.03448275862068966
ALARK.IS : 0.03448275862068966
ARCLK.IS : 0.03448275862068966
ASELS.IS : 0.03448275862068966
BIMAS.IS : 0.03448275862068966
EKGYO.IS : 0.03448275862068966
ENKAI.IS : 0.03448275862068966
EREGL.IS : 0.03448275862068966
FROTO.IS : 0.03448275862068966
GARAN.IS : 0.03448275862068966
GUBRF.IS : 0.03448275862068966
HEKTS.IS : 0.03448275862068966
ISCTR.IS : 0.03448275862068966
KCHOL.IS : 0.03448275862068966
KOZAA.IS : 0.03448275862068966
KOZAL.IS : 0.03448275862068966
KRDMD.IS : 0.03448275862068966
ODAS.IS : 0.03448275862068966
PETKM.IS : 0.03448275862068966
PGSUS.IS : 0.03448275862068966
SAHOL.IS : 0.03448275862068966
SASA.IS : 0.03448275862068966
SISE.IS : 0.03448275862068966
TAVHL.IS : 0.03448275862068966
TCELL.IS : 0.03448275862068966
THYAO.IS : 0.03448275862068966
TOASO.IS : 0.03448275862068966
TUPRS.IS : 0.03448275862068966
YKBNK.IS : 0.03448275862068966

Best 5 Return Portfolio:
KRDMD.IS : 0.2
ASELS.IS : 0.2
KOZAA.IS : 0.2
KOZAL.IS : 0.2
EREGL.IS : 0.19999999999999996

Best 10 Return Portfolio:
KRDMD.IS : 0.1
ASELS.IS : 0.1
KOZAA.IS : 0.1
KOZAL.IS : 0.1
EREGL.IS : 0.1
TUPRS.IS : 0.1
GUBRF.IS : 0.1
SASA.IS : 0.1
PETKM.IS : 0.1
TCELL.IS : 0.09999999999999998
