Min Volatility Portfolio:
AKBNK.IS : 0.025382326744507386
ALARK.IS : 0.03541445787204969
ARCLK.IS : 0.05669419687484969
ASELS.IS : 0.0667915181623631
BIMAS.IS : 0.018752148267936385
EKGYO.IS : 0.04910159444499797
ENKAI.IS : 0.023040445682874017
EREGL.IS : 0.05904235015798698
FROTO.IS : 0.047273108954721775
GARAN.IS : 0.036049374756231094
HEKTS.IS : 0.05091727842862076
ISCTR.IS : 0.03384060063322378
KCHOL.IS : 0.031227932996547147
KOZAL.IS : 0.021376122652325562
KRDMD.IS : 0.05947492136118325
ODAS.IS : 0.048333082932310194
PETKM.IS : 0.09155865938574059
PGSUS.IS : 0.013991803082388272
SISE.IS : 0.04107682135313939
TAVHL.IS : 0.061047820384700684
TCELL.IS : 0.06180892825952453
THYAO.IS : 0.03899499693413141
YKBNK.IS : 0.028809509677646183

Min Daily Loss Portfolio:
ODAS.IS : 0.25848836202364095
PETKM.IS : 0.0534739758070281
SASA.IS : 0.014752395206564323
TCELL.IS : 0.5269718706705008
THYAO.IS : 0.14631339629226583

Max Sharpe Ratio Portfolio:
ARCLK.IS : 0.01919863496227114
ASELS.IS : 0.2026473179581615
EKGYO.IS : 0.027252792426811036
ENKAI.IS : 0.028038221439826712
EREGL.IS : 0.04200970943489388
FROTO.IS : 0.019743995880578836
KOZAL.IS : 0.04001697662409011
KRDMD.IS : 0.01414917251654194
PETKM.IS : 0.03357637676239614
SASA.IS : 0.4186833860494122
TCELL.IS : 0.15468341594501664

Best 5 Return Portfolio:
SASA.IS : 0.2
THYAO.IS : 0.2
TUPRS.IS : 0.2
ODAS.IS : 0.2
SISE.IS : 0.19999999999999996

Best 10 Return Portfolio:
SASA.IS : 0.1
THYAO.IS : 0.1
TUPRS.IS : 0.1
ODAS.IS : 0.1
SISE.IS : 0.1
TCELL.IS : 0.1
PETKM.IS : 0.1
KCHOL.IS : 0.1
YKBNK.IS : 0.1
AKBNK.IS : 0.09999999999999998
