Min Volatility Portfolio:
AKBNK.IS : 0.056777925561808044
ALARK.IS : 0.039768214608688665
ARCLK.IS : 0.034394596251122095
ASELS.IS : 0.05628830402863077
EKGYO.IS : 0.04970131517476994
GARAN.IS : 0.07807918257912673
GUBRF.IS : 0.016571196678238524
HEKTS.IS : 0.01801499972293714
ISCTR.IS : 0.036975629714864906
KCHOL.IS : 0.051971827370207786
KOZAL.IS : 0.015677276285453814
KRDMD.IS : 0.014824971527737553
ODAS.IS : 0.06367522162959798
PETKM.IS : 0.043093934121875684
PGSUS.IS : 0.04763959214277286
SAHOL.IS : 0.0794430600934245
SASA.IS : 0.041116363830237125
SISE.IS : 0.0902469325539723
TAVHL.IS : 0.01326076076761983
THYAO.IS : 0.08073881212250139
TUPRS.IS : 0.040413552672055014
YKBNK.IS : 0.031326330562357396

Min Daily Loss Portfolio:
KRDMD.IS : 0.3708462585479021
PETKM.IS : 0.10078736567747952
THYAO.IS : 0.5283663757746184

Max Sharpe Ratio Portfolio:
AKBNK.IS : 0.03446849238085166
ALARK.IS : 0.03446849238085166
ARCLK.IS : 0.03446849238085166
ASELS.IS : 0.03446849238085166
BIMAS.IS : 0.03446849238085166
EKGYO.IS : 0.03446849238085166
ENKAI.IS : 0.03446849238085166
EREGL.IS : 0.03446849238085166
FROTO.IS : 0.03446849238085166
GARAN.IS : 0.03446849238085166
GUBRF.IS : 0.03446849238085166
HEKTS.IS : 0.03446849238085166
ISCTR.IS : 0.03446849238085166
KCHOL.IS : 0.03446849238085166
KOZAA.IS : 0.03446849238085166
KOZAL.IS : 0.03446849238085166
KRDMD.IS : 0.0345719226196771
ODAS.IS : 0.03446849238085166
PETKM.IS : 0.0345719226196771
PGSUS.IS : 0.0345719226196771
SAHOL.IS : 0.03446849238085166
SASA.IS : 0.03446849238085166
SISE.IS : 0.03446849238085166
TAVHL.IS : 0.03446849238085166
TCELL.IS : 0.03446849238085166
THYAO.IS : 0.0345719226196771
TOASO.IS : 0.03446849238085166
TUPRS.IS : 0.03446849238085166
YKBNK.IS : 0.03446849238085166

Best 5 Return Portfolio:
THYAO.IS : 0.2
KRDMD.IS : 0.2
PGSUS.IS : 0.2
PETKM.IS : 0.2
TUPRS.IS : 0.19999999999999996

Best 10 Return Portfolio:
THYAO.IS : 0.1
KRDMD.IS : 0.1
PGSUS.IS : 0.1
PETKM.IS : 0.1
TUPRS.IS : 0.1
TAVHL.IS : 0.1
BIMAS.IS : 0.1
ASELS.IS : 0.1
KCHOL.IS : 0.1
KOZAA.IS : 0.09999999999999998
