Min Volatility Portfolio:
ALARK.IS : 0.1836609601723066
ARCLK.IS : 0.012520981118220939
EKGYO.IS : 0.40078306837581545
ENKAI.IS : 0.014848702524137409
FROTO.IS : 0.01379775826018096
GARAN.IS : 0.013243352644575077
GUBRF.IS : 0.0761105497509458
KOZAA.IS : 0.011052575792347783
ODAS.IS : 0.15978570707664289
SAHOL.IS : 0.012465585058498829
SISE.IS : 0.01334283700130316
TAVHL.IS : 0.029357916018244987
TCELL.IS : 0.01274657764642587
TUPRS.IS : 0.04628342856035419

Min Daily Loss Portfolio:
ODAS.IS : 1.0

Max Sharpe Ratio Portfolio:
ALARK.IS : 0.2720083386579645
EKGYO.IS : 0.24134584132028006
ENKAI.IS : 0.030662497337684426
HEKTS.IS : 0.030662497337684426
KOZAA.IS : 0.030662497337684426
ODAS.IS : 0.2720083386579645
PETKM.IS : 0.030662497337684426
TAVHL.IS : 0.030662497337684426
THYAO.IS : 0.030662497337684426
TUPRS.IS : 0.030662497337684426

Best 5 Return Portfolio:
ODAS.IS : 0.2
ALARK.IS : 0.2
GARAN.IS : 0.2
EKGYO.IS : 0.2
ISCTR.IS : 0.19999999999999996

Best 10 Return Portfolio:
ODAS.IS : 0.1
ALARK.IS : 0.1
GARAN.IS : 0.1
EKGYO.IS : 0.1
ISCTR.IS : 0.1
YKBNK.IS : 0.1
EREGL.IS : 0.1
ENKAI.IS : 0.1
AKBNK.IS : 0.1
PETKM.IS : 0.09999999999999998
