Min Volatility Portfolio:
AKBNK.IS : 0.0134359604664603
ALARK.IS : 0.05480317211451839
ARCLK.IS : 0.07288403649690144
ASELS.IS : 0.04953675180579119
BIMAS.IS : 0.03247578935418423
EKGYO.IS : 0.023492323442616637
ENKAI.IS : 0.07328844486616956
FROTO.IS : 0.014025650949792844
GARAN.IS : 0.02336783330912819
GUBRF.IS : 0.057637349900288036
HEKTS.IS : 0.02949674857616607
KCHOL.IS : 0.025753008109545575
KOZAA.IS : 0.02941422826673188
KOZAL.IS : 0.016854315494909455
KRDMD.IS : 0.016806700694597148
ODAS.IS : 0.10211348515256462
PETKM.IS : 0.033305503405437496
PGSUS.IS : 0.06408595284801569
SAHOL.IS : 0.015888963964284134
SASA.IS : 0.044412308464334714
SISE.IS : 0.030956850383567266
TAVHL.IS : 0.02815100043707409
TCELL.IS : 0.043891653276100666
THYAO.IS : 0.028247578130398215
TOASO.IS : 0.04140801053467483
TUPRS.IS : 0.03426637955574735

Min Daily Loss Portfolio:
ALARK.IS : 0.3496814834002055
EREGL.IS : 0.1405096137054065
ODAS.IS : 0.0919168473215653
PGSUS.IS : 0.3320553008303281
SASA.IS : 0.08583675474249472

Max Sharpe Ratio Portfolio:
AKBNK.IS : 0.0349617523470132
ALARK.IS : 0.024945852088396996
ARCLK.IS : 0.024945852088396996
ASELS.IS : 0.026342572956375064
BIMAS.IS : 0.029125992589137218
EKGYO.IS : 0.030967323810464662
ENKAI.IS : 0.024945852088396996
EREGL.IS : 0.1756833702885774
FROTO.IS : 0.03354343814625334
GARAN.IS : 0.03290917930567419
GUBRF.IS : 0.024945852088396996
HEKTS.IS : 0.02866397803326169
ISCTR.IS : 0.03744588911129118
KCHOL.IS : 0.0312502303225021
KOZAA.IS : 0.02983400925961806
KOZAL.IS : 0.031634980078551415
KRDMD.IS : 0.03405353456390937
ODAS.IS : 0.024945852088396996
PETKM.IS : 0.029713736237654054
PGSUS.IS : 0.024945852088396996
SAHOL.IS : 0.034171671842514094
SASA.IS : 0.024945852088396996
SISE.IS : 0.031551044293573596
TAVHL.IS : 0.03011881838883784
TCELL.IS : 0.025158068185638042
THYAO.IS : 0.03072070885130818
TOASO.IS : 0.027072225683746173
TUPRS.IS : 0.024945852088396996
YKBNK.IS : 0.035510658996923274

Best 5 Return Portfolio:
SASA.IS : 0.2
EREGL.IS : 0.2
TUPRS.IS : 0.2
ALARK.IS : 0.2
TCELL.IS : 0.19999999999999996

Best 10 Return Portfolio:
SASA.IS : 0.1
EREGL.IS : 0.1
TUPRS.IS : 0.1
ALARK.IS : 0.1
TCELL.IS : 0.1
KOZAA.IS : 0.1
SAHOL.IS : 0.1
KCHOL.IS : 0.1
KRDMD.IS : 0.1
PGSUS.IS : 0.09999999999999998
