Min Volatility Portfolio:
AKBNK.IS : 0.039462959936223785
ALARK.IS : 0.05811911283749084
ARCLK.IS : 0.04820186539451721
ASELS.IS : 0.05156287530413787
BIMAS.IS : 0.03231115525108817
EKGYO.IS : 0.02990628429838903
ENKAI.IS : 0.02683266733554572
EREGL.IS : 0.026752496796978185
FROTO.IS : 0.03946599140878373
GARAN.IS : 0.03803678003739064
GUBRF.IS : 0.03818572932311058
HEKTS.IS : 0.05481897680657962
ISCTR.IS : 0.03567638566739978
KCHOL.IS : 0.02752054255810201
KOZAA.IS : 0.03533891085383935
KOZAL.IS : 0.03673348658883223
KRDMD.IS : 0.02586789001938371
ODAS.IS : 0.019718130382726674
PETKM.IS : 0.026432862743883696
PGSUS.IS : 0.028196314588838194
SAHOL.IS : 0.038553300909097775
SASA.IS : 0.034264261468932175
SISE.IS : 0.03718711407861941
TAVHL.IS : 0.044618955435123404
TCELL.IS : 0.04552376456096408
THYAO.IS : 0.028154953755750563
TUPRS.IS : 0.03182877941193543
YKBNK.IS : 0.02072745224633612

Min Daily Loss Portfolio:
HEKTS.IS : 0.19049515930307676
PGSUS.IS : 0.3114277813405912
SASA.IS : 0.20665119711537616
TAVHL.IS : 0.29142586224095596

Max Sharpe Ratio Portfolio:
AKBNK.IS : 0.08582223987460921
ALARK.IS : 0.03300037712996114
ASELS.IS : 0.05066947591927496
GARAN.IS : 0.07608824224086694
HEKTS.IS : 0.13004363047040723
ISCTR.IS : 0.05037924511762132
KRDMD.IS : 0.012757054211984453
ODAS.IS : 0.07307536363740419
PGSUS.IS : 0.07684872646086333
SASA.IS : 0.3138309773209099
TAVHL.IS : 0.021407082097252547
TCELL.IS : 0.013000475311888087
THYAO.IS : 0.022387977910744032
YKBNK.IS : 0.040689132296212474

Best 5 Return Portfolio:
SAHOL.IS : 0.2
SASA.IS : 0.2
HEKTS.IS : 0.2
AKBNK.IS : 0.2
TUPRS.IS : 0.19999999999999996

Best 10 Return Portfolio:
SAHOL.IS : 0.1
SASA.IS : 0.1
HEKTS.IS : 0.1
AKBNK.IS : 0.1
TUPRS.IS : 0.1
ISCTR.IS : 0.1
TAVHL.IS : 0.1
PGSUS.IS : 0.1
TOASO.IS : 0.1
BIMAS.IS : 0.09999999999999998
