Min Volatility Portfolio:
ASELS.IS : 0.02595003298412131
BIMAS.IS : 0.017651893192225602
EKGYO.IS : 0.037561354401712724
ENKAI.IS : 0.037596891270560914
EREGL.IS : 0.04241208250633685
FROTO.IS : 0.018702844250906778
GARAN.IS : 0.015372515535428332
GUBRF.IS : 0.11071459795256107
HEKTS.IS : 0.07081996835433879
ISCTR.IS : 0.05725368955578174
KCHOL.IS : 0.02007299732418964
KRDMD.IS : 0.04583969983836094
ODAS.IS : 0.09677623391827858
PETKM.IS : 0.021537738754002868
PGSUS.IS : 0.06481536526043769
SAHOL.IS : 0.03610934052815847
SASA.IS : 0.0692642094665616
SISE.IS : 0.029129635659077006
TAVHL.IS : 0.038454762479036994
TCELL.IS : 0.010295768724777296
THYAO.IS : 0.054294234210063796
TOASO.IS : 0.04901242535970781
TUPRS.IS : 0.017864512179355828
YKBNK.IS : 0.01249720629401739

Min Daily Loss Portfolio:
ARCLK.IS : 0.2030636512145899
GUBRF.IS : 0.16114637444719235
ODAS.IS : 0.4486871687349602
THYAO.IS : 0.016940801545930036
YKBNK.IS : 0.17016200405732748

Max Sharpe Ratio Portfolio:
ARCLK.IS : 0.23651843736397507
GUBRF.IS : 0.14923790309414736
HEKTS.IS : 0.14473526625714372
ISCTR.IS : 0.023123014869017928
ODAS.IS : 0.2355621418453606
PGSUS.IS : 0.017414617847245024
THYAO.IS : 0.10563105723935802
YKBNK.IS : 0.08777756148375208

Best 5 Return Portfolio:
ODAS.IS : 0.2
ARCLK.IS : 0.2
THYAO.IS : 0.2
AKBNK.IS : 0.2
YKBNK.IS : 0.19999999999999996

Best 10 Return Portfolio:
ODAS.IS : 0.1
ARCLK.IS : 0.1
THYAO.IS : 0.1
AKBNK.IS : 0.1
YKBNK.IS : 0.1
HEKTS.IS : 0.1
KRDMD.IS : 0.1
PGSUS.IS : 0.1
KCHOL.IS : 0.1
SAHOL.IS : 0.09999999999999998
