Min Volatility Portfolio:
ALARK.IS : 0.01238508382544666
ASELS.IS : 0.015691282105894197
BIMAS.IS : 0.015253065370426623
EREGL.IS : 0.014766235113242664
ISCTR.IS : 0.08948067014600712
KOZAA.IS : 0.01786246185272653
KOZAL.IS : 0.028493339503283695
KRDMD.IS : 0.015199166311585584
ODAS.IS : 0.3477042558591855
PETKM.IS : 0.0123221727552591
PGSUS.IS : 0.014544757556198601
SASA.IS : 0.02341389662698003
TOASO.IS : 0.39288361297376373

Min Daily Loss Portfolio:
ODAS.IS : 0.7881259330331345
THYAO.IS : 0.2118740669668655

Max Sharpe Ratio Portfolio:
ASELS.IS : 0.023491324846563622
BIMAS.IS : 0.023491324846563622
EREGL.IS : 0.023491324846563622
KOZAA.IS : 0.023491324846563622
KOZAL.IS : 0.023491324846563622
KRDMD.IS : 0.023491324846563622
ODAS.IS : 0.37473736625837406
PETKM.IS : 0.023491324846563622
PGSUS.IS : 0.023491324846563622
TAVHL.IS : 0.023491324846563622
THYAO.IS : 0.023491324846563622
TOASO.IS : 0.36685806042942615
TUPRS.IS : 0.023491324846563622

Best 5 Return Portfolio:
ODAS.IS : 0.2
KOZAL.IS : 0.2
THYAO.IS : 0.2
KOZAA.IS : 0.2
PETKM.IS : 0.19999999999999996

Best 10 Return Portfolio:
ODAS.IS : 0.1
KOZAL.IS : 0.1
THYAO.IS : 0.1
KOZAA.IS : 0.1
PETKM.IS : 0.1
ARCLK.IS : 0.1
TOASO.IS : 0.1
TUPRS.IS : 0.1
KRDMD.IS : 0.1
TAVHL.IS : 0.09999999999999998
