Min Volatility Portfolio:
ALARK.IS : 0.09361952783509433
ASELS.IS : 0.01711776181032292
BIMAS.IS : 0.061686305409039174
EKGYO.IS : 0.03742331243785552
ENKAI.IS : 0.04245306197606784
EREGL.IS : 0.05844003092445918
FROTO.IS : 0.08116092570722516
GUBRF.IS : 0.043515659454429804
KOZAA.IS : 0.13567108633874198
KOZAL.IS : 0.22595593630852687
KRDMD.IS : 0.06866623757371286
ODAS.IS : 0.055090246843951425
PETKM.IS : 0.046125732811468395
TCELL.IS : 0.03307417456910455

Min Daily Loss Portfolio:
ARCLK.IS : 0.41738948895164174
KOZAL.IS : 0.49766515107435416
YKBNK.IS : 0.08494535997400414

Max Sharpe Ratio Portfolio:
AKBNK.IS : 0.03448275862068966
ALARK.IS : 0.03448275862068966
ARCLK.IS : 0.03448275862068966
ASELS.IS : 0.03448275862068966
BIMAS.IS : 0.03448275862068966
EKGYO.IS : 0.03448275862068966
ENKAI.IS : 0.03448275862068966
EREGL.IS : 0.03448275862068966
FROTO.IS : 0.03448275862068966
GARAN.IS : 0.03448275862068966
GUBRF.IS : 0.03448275862068966
HEKTS.IS : 0.03448275862068966
ISCTR.IS : 0.03448275862068966
KCHOL.IS : 0.03448275862068966
KOZAA.IS : 0.03448275862068966
KOZAL.IS : 0.03448275862068966
KRDMD.IS : 0.03448275862068966
ODAS.IS : 0.03448275862068966
PETKM.IS : 0.03448275862068966
PGSUS.IS : 0.03448275862068966
SAHOL.IS : 0.03448275862068966
SASA.IS : 0.03448275862068966
SISE.IS : 0.03448275862068966
TAVHL.IS : 0.03448275862068966
TCELL.IS : 0.03448275862068966
THYAO.IS : 0.03448275862068966
TOASO.IS : 0.03448275862068966
TUPRS.IS : 0.03448275862068966
YKBNK.IS : 0.03448275862068966

Best 5 Return Portfolio:
YKBNK.IS : 0.2
TAVHL.IS : 0.2
SASA.IS : 0.2
HEKTS.IS : 0.2
AKBNK.IS : 0.19999999999999996

Best 10 Return Portfolio:
YKBNK.IS : 0.1
TAVHL.IS : 0.1
SASA.IS : 0.1
HEKTS.IS : 0.1
AKBNK.IS : 0.1
KCHOL.IS : 0.1
ARCLK.IS : 0.1
PGSUS.IS : 0.1
ODAS.IS : 0.1
SAHOL.IS : 0.09999999999999998
