Min Volatility Portfolio:
AKBNK.IS : 0.041061063688829266
ALARK.IS : 0.04804486609955382
BIMAS.IS : 0.08288206959098407
ENKAI.IS : 0.044172962919518825
EREGL.IS : 0.03267410314262356
GARAN.IS : 0.06019196904075943
GUBRF.IS : 0.13821042376145393
ISCTR.IS : 0.10767382023510567
KCHOL.IS : 0.03762289353833351
KOZAA.IS : 0.0368460074581694
ODAS.IS : 0.07556537426823126
PETKM.IS : 0.05150680517533292
SAHOL.IS : 0.010240041559631234
TCELL.IS : 0.012443702202513332
THYAO.IS : 0.025547393109491192
TOASO.IS : 0.059921751233729136
TUPRS.IS : 0.03385309740000944
YKBNK.IS : 0.10154165557573007

Min Daily Loss Portfolio:
ALARK.IS : 0.5117649194621898
ENKAI.IS : 0.360499726004364
ODAS.IS : 0.1277353545334462

Max Sharpe Ratio Portfolio:
EKGYO.IS : 0.024220640251065288
ODAS.IS : 0.8753330866490764
SASA.IS : 0.08996589178208628
YKBNK.IS : 0.010480381317772099

Best 5 Return Portfolio:
SASA.IS : 0.2
ODAS.IS : 0.2
EKGYO.IS : 0.2
KOZAL.IS : 0.2
ASELS.IS : 0.19999999999999996

Best 10 Return Portfolio:
SASA.IS : 0.1
ODAS.IS : 0.1
EKGYO.IS : 0.1
KOZAL.IS : 0.1
ASELS.IS : 0.1
KOZAA.IS : 0.1
TAVHL.IS : 0.1
HEKTS.IS : 0.1
THYAO.IS : 0.1
ALARK.IS : 0.09999999999999998
