Min Volatility Portfolio:
ALARK.IS : 0.01806323050488308
ARCLK.IS : 0.04362903179124601
ASELS.IS : 0.02336522258148348
BIMAS.IS : 0.048370572788294354
EKGYO.IS : 0.02356017837710281
ENKAI.IS : 0.03717064618455193
EREGL.IS : 0.035502384078295854
FROTO.IS : 0.05399650411551051
GUBRF.IS : 0.04660722406777088
HEKTS.IS : 0.05479597753806604
ISCTR.IS : 0.015635865530579326
KCHOL.IS : 0.02035263306725332
KOZAA.IS : 0.06274086918338893
KOZAL.IS : 0.055793322977229234
KRDMD.IS : 0.024645755030404944
ODAS.IS : 0.05523706369800614
PETKM.IS : 0.034408862010070734
PGSUS.IS : 0.05144427779165297
SAHOL.IS : 0.028024728840543783
SASA.IS : 0.06679068070955745
SISE.IS : 0.034510951802780014
TAVHL.IS : 0.04521630004217224
TCELL.IS : 0.03428792676125746
THYAO.IS : 0.036695736327842635
TUPRS.IS : 0.04915405420005586

Min Daily Loss Portfolio:
ISCTR.IS : 0.2052076677329989
KOZAL.IS : 0.32853700470032865
ODAS.IS : 0.15890481497095815
SASA.IS : 0.080382100677808
TAVHL.IS : 0.2269684119179064

Max Sharpe Ratio Portfolio:
EREGL.IS : 0.032761898793937635
GUBRF.IS : 0.022374563213198903
HEKTS.IS : 0.014087856161410107
ISCTR.IS : 0.25713797621285117
KOZAA.IS : 0.06113149223783744
KOZAL.IS : 0.13490274380333714
KRDMD.IS : 0.04815754918164837
ODAS.IS : 0.03811482371750289
PETKM.IS : 0.01220626223826416
PGSUS.IS : 0.07617624316655218
SASA.IS : 0.13176513819765998
TAVHL.IS : 0.14122484146564981
TUPRS.IS : 0.029958611610150152

Best 5 Return Portfolio:
ISCTR.IS : 0.2
YKBNK.IS : 0.2
GARAN.IS : 0.2
TAVHL.IS : 0.2
SASA.IS : 0.19999999999999996

Best 10 Return Portfolio:
ISCTR.IS : 0.1
YKBNK.IS : 0.1
GARAN.IS : 0.1
TAVHL.IS : 0.1
SASA.IS : 0.1
TCELL.IS : 0.1
AKBNK.IS : 0.1
KCHOL.IS : 0.1
FROTO.IS : 0.1
BIMAS.IS : 0.09999999999999998
