Min Volatility Portfolio:
AKBNK.IS : 0.02143761170886254
ALARK.IS : 0.0632265517806928
ASELS.IS : 0.034303197795454925
BIMAS.IS : 0.05833994638501729
EKGYO.IS : 0.013538624234455442
ENKAI.IS : 0.04377843640854295
EREGL.IS : 0.02725200576124841
FROTO.IS : 0.050416667507956016
GARAN.IS : 0.04449480942088309
GUBRF.IS : 0.11558236407463235
ISCTR.IS : 0.026978845328894982
KCHOL.IS : 0.032918553879484294
KOZAA.IS : 0.04798039499344665
KOZAL.IS : 0.07942297809199786
KRDMD.IS : 0.01120910495889596
ODAS.IS : 0.034646533526137425
PETKM.IS : 0.020663119753242302
PGSUS.IS : 0.049885678310593096
SAHOL.IS : 0.02536430150621606
TAVHL.IS : 0.02705697853098951
TCELL.IS : 0.03816795856811587
THYAO.IS : 0.03665267623706698
TUPRS.IS : 0.05354904083565791
YKBNK.IS : 0.04313362040151531

Min Daily Loss Portfolio:
AKBNK.IS : 0.028479972653479936
ARCLK.IS : 0.06796582107880188
GUBRF.IS : 0.22679387625226322
KOZAA.IS : 0.3921010340315964
TCELL.IS : 0.28465929598385864

Max Sharpe Ratio Portfolio:
AKBNK.IS : 0.01973565569268417
ALARK.IS : 0.008759789075150607
ARCLK.IS : 0.04081381254577006
ASELS.IS : 0.02968911298015074
EKGYO.IS : 0.060830381903237134
ENKAI.IS : 0.01458288591525385
EREGL.IS : 0.005520082705258599
FROTO.IS : 0.017636055005558707
GARAN.IS : 0.007087820335743191
GUBRF.IS : 0.2755424270103426
HEKTS.IS : 0.01835817485367812
ISCTR.IS : 0.005527910661383683
KOZAA.IS : 0.10002374595622092
KOZAL.IS : 0.10002374595622092
KRDMD.IS : 0.0411814547356766
ODAS.IS : 0.009603707387476788
PETKM.IS : 0.031003930671988315
SASA.IS : 0.013712221069047036
SISE.IS : 0.028543654653446146
TAVHL.IS : 0.036035064000709854
TCELL.IS : 0.059207651505084384
TOASO.IS : 0.03581486845744692
TUPRS.IS : 0.034384150734297826
YKBNK.IS : 0.006381696188172764

Best 5 Return Portfolio:
GUBRF.IS : 0.2
KOZAA.IS : 0.2
ARCLK.IS : 0.2
TUPRS.IS : 0.2
TCELL.IS : 0.19999999999999996

Best 10 Return Portfolio:
GUBRF.IS : 0.1
KOZAA.IS : 0.1
ARCLK.IS : 0.1
TUPRS.IS : 0.1
TCELL.IS : 0.1
TOASO.IS : 0.1
KCHOL.IS : 0.1
ISCTR.IS : 0.1
KOZAL.IS : 0.1
GARAN.IS : 0.09999999999999998
