Min Volatility Portfolio:
AKBNK.IS : 0.07327807261402791
ARCLK.IS : 0.12995663271738617
BIMAS.IS : 0.06639307561047054
EKGYO.IS : 0.07751841232536331
ENKAI.IS : 0.023912725752560256
EREGL.IS : 0.04963300165897126
FROTO.IS : 0.03153787182541394
GARAN.IS : 0.1286354681369352
HEKTS.IS : 0.012190222744117565
ISCTR.IS : 0.010851281598157831
KCHOL.IS : 0.016375090737746
KOZAA.IS : 0.040602742678817236
KOZAL.IS : 0.0158171462740463
KRDMD.IS : 0.027915826760972713
PETKM.IS : 0.0263486431663744
PGSUS.IS : 0.03743913809006244
SAHOL.IS : 0.05970152538449925
TAVHL.IS : 0.036676599525966656
TCELL.IS : 0.010460693191749247
THYAO.IS : 0.018871433651844995
TOASO.IS : 0.02998565080590635
TUPRS.IS : 0.07589874474861057

Min Daily Loss Portfolio:
AKBNK.IS : 0.28174056103183537
ASELS.IS : 0.09667912918674933
SAHOL.IS : 0.6215803097814153

Max Sharpe Ratio Portfolio:
AKBNK.IS : 0.1894805827254096
ALARK.IS : 0.014582917059019332
ARCLK.IS : 0.051687766938498705
ASELS.IS : 0.12800137448936136
BIMAS.IS : 0.014582917059019332
EKGYO.IS : 0.016703630625663293
ENKAI.IS : 0.014582917059019332
EREGL.IS : 0.018603813536406107
FROTO.IS : 0.014582917059019332
GARAN.IS : 0.13657183340543438
GUBRF.IS : 0.036839286487538786
HEKTS.IS : 0.020254778899475443
ISCTR.IS : 0.033399628448960376
KCHOL.IS : 0.02649149989560276
KOZAA.IS : 0.014582917059019332
KOZAL.IS : 0.014582917059019332
KRDMD.IS : 0.01954681944287882
ODAS.IS : 0.014582917059019332
PETKM.IS : 0.014582917059019332
PGSUS.IS : 0.018253165219720324
SAHOL.IS : 0.014582917059019332
SASA.IS : 0.023253020970310033
SISE.IS : 0.017922672288086597
TAVHL.IS : 0.014582917059019332
TCELL.IS : 0.02530055544220407
THYAO.IS : 0.014582917059019332
TOASO.IS : 0.015278883274855442
TUPRS.IS : 0.014582917059019332
YKBNK.IS : 0.047415683201361955

Best 5 Return Portfolio:
ASELS.IS : 0.2
AKBNK.IS : 0.2
GARAN.IS : 0.2
SAHOL.IS : 0.2
TCELL.IS : 0.19999999999999996

Best 10 Return Portfolio:
ASELS.IS : 0.1
AKBNK.IS : 0.1
GARAN.IS : 0.1
SAHOL.IS : 0.1
TCELL.IS : 0.1
SISE.IS : 0.1
SASA.IS : 0.1
KOZAA.IS : 0.1
BIMAS.IS : 0.1
KOZAL.IS : 0.09999999999999998
