Min Volatility Portfolio:
AKBNK.IS : 0.049676201771358265
ALARK.IS : 0.01512629810270107
ARCLK.IS : 0.039090262288527994
BIMAS.IS : 0.024129693002437547
EKGYO.IS : 0.046804688580322995
ENKAI.IS : 0.036077901398599906
EREGL.IS : 0.04855151959724222
FROTO.IS : 0.047491998477733575
GARAN.IS : 0.04874593399429804
GUBRF.IS : 0.035182013876170745
HEKTS.IS : 0.017998219006388774
ISCTR.IS : 0.0393904165523966
KCHOL.IS : 0.040552056251827354
KOZAA.IS : 0.03767489442840339
KOZAL.IS : 0.039666483362135074
KRDMD.IS : 0.042536132378880716
ODAS.IS : 0.039053346775566884
PETKM.IS : 0.04849718529156489
PGSUS.IS : 0.030234256402049544
SAHOL.IS : 0.03698641273737955
SASA.IS : 0.0211870088733155
SISE.IS : 0.026859430415655628
TAVHL.IS : 0.038024399032242126
TCELL.IS : 0.028525903881931384
THYAO.IS : 0.03225559403191924
TOASO.IS : 0.04351884455806148
YKBNK.IS : 0.04616290493088941

Min Daily Loss Portfolio:
FROTO.IS : 0.5807980901422054
KOZAL.IS : 0.21590119487056447
PGSUS.IS : 0.1388241164511492
TUPRS.IS : 0.06447659853608094

Max Sharpe Ratio Portfolio:
FROTO.IS : 0.9816937274916429
TUPRS.IS : 0.01830627250835723

Best 5 Return Portfolio:
FROTO.IS : 0.2
TUPRS.IS : 0.2
ALARK.IS : 0.2
PGSUS.IS : 0.2
TCELL.IS : 0.19999999999999996

Best 10 Return Portfolio:
FROTO.IS : 0.1
TUPRS.IS : 0.1
ALARK.IS : 0.1
PGSUS.IS : 0.1
TCELL.IS : 0.1
KOZAL.IS : 0.1
EREGL.IS : 0.1
TOASO.IS : 0.1
BIMAS.IS : 0.1
THYAO.IS : 0.09999999999999998
