Min Volatility Portfolio:
AKBNK.IS : 0.06205713198602733
ALARK.IS : 0.02684349281051731
ARCLK.IS : 0.05935207219897077
ASELS.IS : 0.05064392160826421
BIMAS.IS : 0.02402007045385358
EKGYO.IS : 0.06515448868103363
ENKAI.IS : 0.012250088611772509
EREGL.IS : 0.013406241220516268
FROTO.IS : 0.037045840407251125
GARAN.IS : 0.07824150045146802
GUBRF.IS : 0.036134156228540354
HEKTS.IS : 0.03884434036840296
ISCTR.IS : 0.0496903713849725
KOZAL.IS : 0.021407032390392735
ODAS.IS : 0.05447621883511152
PGSUS.IS : 0.01721034253786665
SAHOL.IS : 0.027305118045709762
SASA.IS : 0.03935959894809428
SISE.IS : 0.03581438801400872
TAVHL.IS : 0.060250660129438145
TCELL.IS : 0.026567407608036435
TOASO.IS : 0.025936410702047673
TUPRS.IS : 0.07424092023234327
YKBNK.IS : 0.06374818614536021

Min Daily Loss Portfolio:
ASELS.IS : 0.1723983015736466
EKGYO.IS : 0.2933967109878369
ODAS.IS : 0.23075147770336848
TAVHL.IS : 0.2692497560187997
TCELL.IS : 0.03420375371634837

Max Sharpe Ratio Portfolio:
AKBNK.IS : 0.020094321045991584
ALARK.IS : 0.09524044639888872
ASELS.IS : 0.11223091835168077
EKGYO.IS : 0.2058170695884963
ENKAI.IS : 0.036604438202578644
FROTO.IS : 0.03281570901367936
GARAN.IS : 0.05200459404726791
HEKTS.IS : 0.03126193752992881
ODAS.IS : 0.18058946887643773
TAVHL.IS : 0.11361044154224514
TCELL.IS : 0.059496380797381794
TUPRS.IS : 0.037403100005829845
YKBNK.IS : 0.02283117459959326

Best 5 Return Portfolio:
ODAS.IS : 0.2
KOZAA.IS : 0.2
KOZAL.IS : 0.2
TAVHL.IS : 0.2
TUPRS.IS : 0.19999999999999996

Best 10 Return Portfolio:
ODAS.IS : 0.1
KOZAA.IS : 0.1
KOZAL.IS : 0.1
TAVHL.IS : 0.1
TUPRS.IS : 0.1
EKGYO.IS : 0.1
ASELS.IS : 0.1
ALARK.IS : 0.1
ARCLK.IS : 0.1
THYAO.IS : 0.09999999999999998
