Min Volatility Portfolio:
ALARK.IS : 0.10556368449879802
BIMAS.IS : 0.06114702818608461
ENKAI.IS : 0.03669864647264302
EREGL.IS : 0.025679370767791584
FROTO.IS : 0.05250976365395277
GARAN.IS : 0.011604490992746415
GUBRF.IS : 0.050564954693832716
HEKTS.IS : 0.04807913885054167
ISCTR.IS : 0.020489622992419836
KCHOL.IS : 0.02042062260043526
KOZAA.IS : 0.07314200461512398
KOZAL.IS : 0.06038045432893968
KRDMD.IS : 0.04853971669042889
PGSUS.IS : 0.05253887656281987
SAHOL.IS : 0.07152797734493992
SASA.IS : 0.07635448049620575
SISE.IS : 0.018391507131623294
TAVHL.IS : 0.03427909171038339
TCELL.IS : 0.01956666475522015
THYAO.IS : 0.03970935081226282
TOASO.IS : 0.013119157986087527
TUPRS.IS : 0.012964832566266746
YKBNK.IS : 0.04672856129045206

Min Daily Loss Portfolio:
PETKM.IS : 0.09920782965922863
SAHOL.IS : 0.5482341231795683
THYAO.IS : 0.35255804716120315

Max Sharpe Ratio Portfolio:
AKBNK.IS : 0.01996951718849417
ALARK.IS : 0.08727246964389751
ASELS.IS : 0.0627140433806933
BIMAS.IS : 0.04330485629998214
KOZAA.IS : 0.056591829674186744
KOZAL.IS : 0.08713603467272928
PETKM.IS : 0.16970332805175273
SAHOL.IS : 0.2828804401048239
SASA.IS : 0.034452745922913273
THYAO.IS : 0.15597473506052711

Best 5 Return Portfolio:
THYAO.IS : 0.2
EKGYO.IS : 0.2
SAHOL.IS : 0.2
ASELS.IS : 0.2
PETKM.IS : 0.19999999999999996

Best 10 Return Portfolio:
THYAO.IS : 0.1
EKGYO.IS : 0.1
SAHOL.IS : 0.1
ASELS.IS : 0.1
PETKM.IS : 0.1
AKBNK.IS : 0.1
KOZAL.IS : 0.1
TCELL.IS : 0.1
ISCTR.IS : 0.1
BIMAS.IS : 0.09999999999999998
