Min Volatility Portfolio:
ALARK.IS : 0.04921282833358571
ASELS.IS : 0.045763987281513076
ENKAI.IS : 0.04767386416266587
FROTO.IS : 0.043174014496330855
GUBRF.IS : 0.09942768418846401
HEKTS.IS : 0.09619045676850795
KCHOL.IS : 0.01295982181418081
KOZAA.IS : 0.0788602963816016
KOZAL.IS : 0.10356223524964336
ODAS.IS : 0.03367357956452082
PGSUS.IS : 0.06843211733401766
SASA.IS : 0.06982778140098926
SISE.IS : 0.07633373370473583
TAVHL.IS : 0.03491295420449948
TCELL.IS : 0.030032099924833133
THYAO.IS : 0.019244342091908884
TOASO.IS : 0.06971359098792153
TUPRS.IS : 0.02100461211008026

Min Daily Loss Portfolio:
ASELS.IS : 0.2732158203100928
KOZAL.IS : 0.3223491852444094
SISE.IS : 0.39058503352420354
TOASO.IS : 0.013849960921294218

Max Sharpe Ratio Portfolio:
ASELS.IS : 0.21247127762018916
ENKAI.IS : 0.024255191728661522
EREGL.IS : 0.06907960648020586
HEKTS.IS : 0.07986267739784184
KOZAL.IS : 0.23946791919045735
KRDMD.IS : 0.017683792522037008
SASA.IS : 0.023406427998429218
SISE.IS : 0.15343530705759356
TOASO.IS : 0.18033780000458452

Best 5 Return Portfolio:
KOZAL.IS : 0.2
ASELS.IS : 0.2
ISCTR.IS : 0.2
SISE.IS : 0.2
KOZAA.IS : 0.19999999999999996

Best 10 Return Portfolio:
KOZAL.IS : 0.1
ASELS.IS : 0.1
ISCTR.IS : 0.1
SISE.IS : 0.1
KOZAA.IS : 0.1
EREGL.IS : 0.1
TOASO.IS : 0.1
GUBRF.IS : 0.1
AKBNK.IS : 0.1
BIMAS.IS : 0.09999999999999998
