Min Volatility Portfolio:
ARCLK.IS : 0.06564875173962856
ASELS.IS : 0.06713373471979274
BIMAS.IS : 0.0675900815208705
ENKAI.IS : 0.08838033054384109
EREGL.IS : 0.04216700318556646
FROTO.IS : 0.021904549097223117
GUBRF.IS : 0.04917933709436337
HEKTS.IS : 0.020087959235841252
KOZAL.IS : 0.02224678518817925
KRDMD.IS : 0.020489995226321195
ODAS.IS : 0.12066739170275698
PGSUS.IS : 0.026163392727131043
SAHOL.IS : 0.02896231949442545
TCELL.IS : 0.03910982110362969
TOASO.IS : 0.22149546908194487
TUPRS.IS : 0.09877307833848466

Min Daily Loss Portfolio:
ISCTR.IS : 0.020267576795789038
ODAS.IS : 0.14096110655460486
SISE.IS : 0.08340283862124413
TOASO.IS : 0.5418227835424665
YKBNK.IS : 0.21354569448589558

Max Sharpe Ratio Portfolio:
AKBNK.IS : 0.027968862493176837
ALARK.IS : 0.02037907055169342
ARCLK.IS : 0.0657639936872045
BIMAS.IS : 0.02329407291234014
ENKAI.IS : 0.023733752302537107
FROTO.IS : 0.029641632375363387
ISCTR.IS : 0.04852138772155971
KCHOL.IS : 0.018258676781473682
KRDMD.IS : 0.017213257414529864
ODAS.IS : 0.1226087386106217
PGSUS.IS : 0.024522564077702563
SAHOL.IS : 0.026414924661328696
SISE.IS : 0.03132700244543141
TOASO.IS : 0.4831771265646062
YKBNK.IS : 0.03717493740043082

Best 5 Return Portfolio:
TOASO.IS : 0.2
ISCTR.IS : 0.2
YKBNK.IS : 0.2
AKBNK.IS : 0.2
GARAN.IS : 0.19999999999999996

Best 10 Return Portfolio:
TOASO.IS : 0.1
ISCTR.IS : 0.1
YKBNK.IS : 0.1
AKBNK.IS : 0.1
GARAN.IS : 0.1
FROTO.IS : 0.1
ARCLK.IS : 0.1
SAHOL.IS : 0.1
SISE.IS : 0.1
KCHOL.IS : 0.09999999999999998
