Min Volatility Portfolio:
ARCLK.IS : 0.05995176745421167
ASELS.IS : 0.016378000001537094
BIMAS.IS : 0.09469195556949817
EKGYO.IS : 0.03350548496731349
ENKAI.IS : 0.03618723645805279
EREGL.IS : 0.020656322958047188
FROTO.IS : 0.08231352006681175
GUBRF.IS : 0.02287850002144969
HEKTS.IS : 0.02052234760155129
ISCTR.IS : 0.05230521148550178
KCHOL.IS : 0.04052070362836278
KOZAA.IS : 0.09709982348653735
KOZAL.IS : 0.02390973599175459
KRDMD.IS : 0.017995412070429692
ODAS.IS : 0.02286268423907019
PETKM.IS : 0.028776006357143086
PGSUS.IS : 0.023096415092377788
SAHOL.IS : 0.013888995952499993
SASA.IS : 0.03952184934395518
SISE.IS : 0.03992865242503788
TAVHL.IS : 0.018254090931761995
TCELL.IS : 0.07466288470936468
THYAO.IS : 0.01978017675391239
TOASO.IS : 0.04155262406901088
TUPRS.IS : 0.042122206036246376
YKBNK.IS : 0.016637392328560194

Min Daily Loss Portfolio:
GARAN.IS : 0.2514918254391971
HEKTS.IS : 0.04110550517250906
KOZAA.IS : 0.7074026693882938

Max Sharpe Ratio Portfolio:
AKBNK.IS : 0.03448275862068966
ALARK.IS : 0.03448275862068966
ARCLK.IS : 0.03448275862068966
ASELS.IS : 0.03448275862068966
BIMAS.IS : 0.03448275862068966
EKGYO.IS : 0.03448275862068966
ENKAI.IS : 0.03448275862068966
EREGL.IS : 0.03448275862068966
FROTO.IS : 0.03448275862068966
GARAN.IS : 0.03448275862068966
GUBRF.IS : 0.03448275862068966
HEKTS.IS : 0.03448275862068966
ISCTR.IS : 0.03448275862068966
KCHOL.IS : 0.03448275862068966
KOZAA.IS : 0.03448275862068966
KOZAL.IS : 0.03448275862068966
KRDMD.IS : 0.03448275862068966
ODAS.IS : 0.03448275862068966
PETKM.IS : 0.03448275862068966
PGSUS.IS : 0.03448275862068966
SAHOL.IS : 0.03448275862068966
SASA.IS : 0.03448275862068966
SISE.IS : 0.03448275862068966
TAVHL.IS : 0.03448275862068966
TCELL.IS : 0.03448275862068966
THYAO.IS : 0.03448275862068966
TOASO.IS : 0.03448275862068966
TUPRS.IS : 0.03448275862068966
YKBNK.IS : 0.03448275862068966

Best 5 Return Portfolio:
KOZAA.IS : 0.2
KOZAL.IS : 0.2
HEKTS.IS : 0.2
TCELL.IS : 0.2
GARAN.IS : 0.19999999999999996

Best 10 Return Portfolio:
KOZAA.IS : 0.1
KOZAL.IS : 0.1
HEKTS.IS : 0.1
TCELL.IS : 0.1
GARAN.IS : 0.1
GUBRF.IS : 0.1
THYAO.IS : 0.1
AKBNK.IS : 0.1
TOASO.IS : 0.1
EKGYO.IS : 0.09999999999999998
